1.71114 7.11734 1.71103 7.1273
1.71103 7.1273 1.71068 7.13725
1.71068 7.13725 1.71009 7.14718
1.71009 7.14718 1.70927 7.15711
1.70927 7.15711 1.70822 7.16701
1.70822 7.16701 1.70693 7.17688
1.70693 7.17688 1.70542 7.18672
1.70542 7.18672 1.70367 7.19652
1.70367 7.19652 1.70169 7.20628
1.70169 7.20628 1.69948 7.21599
1.69948 7.21599 1.69705 7.22564
1.69705 7.22564 1.69439 7.23523
1.69439 7.23523 1.6915 7.24476
1.6915 7.24476 1.68839 7.25422
1.68839 7.25422 1.68506 7.2636
1.68506 7.2636 1.68151 7.2729
1.68151 7.2729 1.67774 7.28212
1.67774 7.28212 1.67375 7.29124
1.67375 7.29124 1.66955 7.30027
1.66955 7.30027 1.66514 7.30919
1.66514 7.30919 1.66053 7.31801
1.66053 7.31801 1.6557 7.32672
1.6557 7.32672 1.65067 7.33531
1.65067 7.33531 1.64544 7.34378
1.64544 7.34378 1.64002 7.35213
1.64002 7.35213 1.63439 7.36035
1.63439 7.36035 1.62858 7.36843
1.62858 7.36843 1.62258 7.37637
1.62258 7.37637 1.61639 7.38417
1.61639 7.38417 1.61002 7.39182
1.61002 7.39182 1.60347 7.39932
1.60347 7.39932 1.59675 7.40667
1.59675 7.40667 1.58986 7.41385
1.58986 7.41385 1.5828 7.42087
1.5828 7.42087 1.57557 7.42772
1.57557 7.42772 1.56819 7.4344
1.56819 7.4344 1.56065 7.4409
1.56065 7.4409 1.55296 7.44723
1.55296 7.44723 1.54513 7.45337
1.54513 7.45337 1.53715 7.45932
1.53715 7.45932 1.52903 7.46509
1.52903 7.46509 1.52078 7.47066
1.52078 7.47066 1.5124 7.47604
1.5124 7.47604 1.5039 7.48122
1.5039 7.48122 1.49528 7.4862
1.49528 7.4862 1.48654 7.49097
1.48654 7.49097 1.4777 7.49554
1.4777 7.49554 1.46875 7.4999
1.46875 7.4999 1.45969 7.50404
1.45969 7.50404 1.45055 7.50797
1.45055 7.50797 1.44131 7.51169
1.44131 7.51169 1.43199 7.51519
1.43199 7.51519 1.42259 7.51846
1.42259 7.51846 1.41311 7.52152
1.41311 7.52152 1.40357 7.52435
1.40357 7.52435 1.39396 7.52695
1.39396 7.52695 1.38429 7.52933
1.38429 7.52933 1.37457 7.53148
1.37457 7.53148 1.3648 7.5334
1.3648 7.5334 1.35499 7.53509
1.35499 7.53509 1.34514 7.53655
1.34514 7.53655 1.33526 7.53778
1.33526 7.53778 1.32535 7.53877
1.32535 7.53877 1.31543 7.53953
1.31543 7.53953 1.30549 7.54006
1.30549 7.54006 1.29553 7.54035
1.29553 7.54035 1.28558 7.54041
1.28558 7.54041 1.27562 7.54023
1.27562 7.54023 1.26568 7.53982
1.26568 7.53982 1.25574 7.53918
1.25574 7.53918 1.24583 7.5383
1.24583 7.5383 1.23593 7.53719
1.23593 7.53719 1.22607 7.53585
1.22607 7.53585 1.21624 7.53428
1.21624 7.53428 1.20645 7.53247
1.20645 7.53247 1.1967 7.53043
1.1967 7.53043 1.18701 7.52817
1.18701 7.52817 1.17737 7.52568
1.17737 7.52568 1.16779 7.52296
1.16779 7.52296 1.15828 7.52002
1.15828 7.52002 1.14884 7.51685
1.14884 7.51685 1.13948 7.51347
1.13948 7.51347 1.1302 7.50986
1.1302 7.50986 1.121 7.50604
1.121 7.50604 1.1119 7.502
1.1119 7.502 1.1029 7.49775
1.1029 7.49775 1.094 7.49328
1.094 7.49328 1.08521 7.48861
1.08521 7.48861 1.07653 7.48374
1.07653 7.48374 1.06797 7.47866
1.06797 7.47866 1.05953 7.47338
1.05953 7.47338 1.05121 7.4679
1.05121 7.4679 1.04303 7.46223
1.04303 7.46223 1.03498 7.45637
1.03498 7.45637 1.02707 7.45032
1.02707 7.45032 1.01931 7.44409
1.01931 7.44409 1.0117 7.43767
1.0117 7.43767 1.00424 7.43108
1.00424 7.43108 0.996932 7.42432
0.996932 7.42432 0.989789 7.41738
0.989789 7.41738 0.982812 7.41028
0.982812 7.41028 0.976003 7.40301
0.976003 7.40301 0.969368 7.39559
0.969368 7.39559 0.962909 7.38802
0.962909 7.38802 0.95663 7.38029
0.95663 7.38029 0.950534 7.37242
0.950534 7.37242 0.944625 7.36441
0.944625 7.36441 0.938907 7.35626
0.938907 7.35626 0.933382 7.34797
0.933382 7.34797 0.928053 7.33956
0.928053 7.33956 0.922924 7.33103
0.922924 7.33103 0.917997 7.32238
0.917997 7.32238 0.913275 7.31362
0.913275 7.31362 0.90876 7.30474
0.90876 7.30474 0.904455 7.29577
0.904455 7.29577 0.900363 7.28669
0.900363 7.28669 0.896486 7.27752
0.896486 7.27752 0.892825 7.26826
0.892825 7.26826 0.889383 7.25892
0.889383 7.25892 0.886162 7.2495
0.886162 7.2495 0.883164 7.24001
0.883164 7.24001 0.88039 7.23044
0.88039 7.23044 0.877841 7.22082
0.877841 7.22082 0.87552 7.21114
0.87552 7.21114 0.873427 7.2014
0.873427 7.2014 0.871564 7.19162
0.871564 7.19162 0.869931 7.1818
0.869931 7.1818 0.86853 7.17195
0.86853 7.17195 0.867362 7.16206
0.867362 7.16206 0.866426 7.15215
0.866426 7.15215 0.865724 7.14222
0.865724 7.14222 0.865255 7.13227
0.865255 7.13227 0.865021 7.12232
0.865021 7.12232 0.865021 7.11236
0.865021 7.11236 0.865255 7.10241
0.865255 7.10241 0.865724 7.09247
0.865724 7.09247 0.866426 7.08253
0.866426 7.08253 0.867362 7.07262
0.867362 7.07262 0.86853 7.06274
0.86853 7.06274 0.869931 7.05288
0.869931 7.05288 0.871564 7.04306
0.871564 7.04306 0.873427 7.03328
0.873427 7.03328 0.87552 7.02354
0.87552 7.02354 0.877841 7.01386
0.877841 7.01386 0.88039 7.00424
0.88039 7.00424 0.883164 6.99468
0.883164 6.99468 0.886162 6.98518
0.886162 6.98518 0.889383 6.97576
0.889383 6.97576 0.892825 6.96642
0.892825 6.96642 0.896486 6.95716
0.896486 6.95716 0.900363 6.94799
0.900363 6.94799 0.904455 6.93892
0.904455 6.93892 0.90876 6.92994
0.90876 6.92994 0.913275 6.92107
0.913275 6.92107 0.917997 6.9123
0.917997 6.9123 0.922924 6.90365
0.922924 6.90365 0.928053 6.89512
0.928053 6.89512 0.933382 6.88671
0.933382 6.88671 0.938907 6.87843
0.938907 6.87843 0.944625 6.87028
0.944625 6.87028 0.950534 6.86226
0.950534 6.86226 0.95663 6.85439
0.95663 6.85439 0.962909 6.84667
0.962909 6.84667 0.969368 6.83909
0.969368 6.83909 0.976003 6.83167
0.976003 6.83167 0.982812 6.8244
0.982812 6.8244 0.989789 6.8173
0.989789 6.8173 0.996932 6.81037
0.996932 6.81037 1.00424 6.8036
1.00424 6.8036 1.0117 6.79701
1.0117 6.79701 1.01931 6.7906
1.01931 6.7906 1.02707 6.78436
1.02707 6.78436 1.03498 6.77831
1.03498 6.77831 1.04303 6.77245
1.04303 6.77245 1.05121 6.76678
1.05121 6.76678 1.05953 6.7613
1.05953 6.7613 1.06797 6.75603
1.06797 6.75603 1.07653 6.75095
1.07653 6.75095 1.08521 6.74607
1.08521 6.74607 1.094 6.7414
1.094 6.7414 1.1029 6.73694
1.1029 6.73694 1.1119 6.73269
1.1119 6.73269 1.121 6.72865
1.121 6.72865 1.1302 6.72482
1.1302 6.72482 1.13948 6.72122
1.13948 6.72122 1.14884 6.71783
1.14884 6.71783 1.15828 6.71467
1.15828 6.71467 1.16779 6.71172
1.16779 6.71172 1.17737 6.70901
1.17737 6.70901 1.18701 6.70651
1.18701 6.70651 1.1967 6.70425
1.1967 6.70425 1.20645 6.70221
1.20645 6.70221 1.21624 6.70041
1.21624 6.70041 1.22607 6.69883
1.22607 6.69883 1.23593 6.69749
1.23593 6.69749 1.24583 6.69638
1.24583 6.69638 1.25574 6.6955
1.25574 6.6955 1.26568 6.69486
1.26568 6.69486 1.27562 6.69445
1.27562 6.69445 1.28558 6.69427
1.28558 6.69427 1.29553 6.69433
1.29553 6.69433 1.30549 6.69462
1.30549 6.69462 1.31543 6.69515
1.31543 6.69515 1.32535 6.69591
1.32535 6.69591 1.33526 6.69691
1.33526 6.69691 1.34514 6.69813
1.34514 6.69813 1.35499 6.69959
1.35499 6.69959 1.3648 6.70128
1.3648 6.70128 1.37457 6.7032
1.37457 6.7032 1.38429 6.70535
1.38429 6.70535 1.39396 6.70773
1.39396 6.70773 1.40357 6.71034
1.40357 6.71034 1.41311 6.71317
1.41311 6.71317 1.42259 6.71622
1.42259 6.71622 1.43199 6.7195
1.43199 6.7195 1.44131 6.72299
1.44131 6.72299 1.45055 6.72671
1.45055 6.72671 1.45969 6.73064
1.45969 6.73064 1.46875 6.73479
1.46875 6.73479 1.4777 6.73914
1.4777 6.73914 1.48654 6.74371
1.48654 6.74371 1.49528 6.74848
1.49528 6.74848 1.5039 6.75346
1.5039 6.75346 1.5124 6.75864
1.5124 6.75864 1.52078 6.76402
1.52078 6.76402 1.52903 6.76959
1.52903 6.76959 1.53715 6.77536
1.53715 6.77536 1.54513 6.78131
1.54513 6.78131 1.55296 6.78746
1.55296 6.78746 1.56065 6.79378
1.56065 6.79378 1.56819 6.80028
1.56819 6.80028 1.57557 6.80696
1.57557 6.80696 1.5828 6.81381
1.5828 6.81381 1.58986 6.82083
1.58986 6.82083 1.59675 6.82802
1.59675 6.82802 1.60347 6.83536
1.60347 6.83536 1.61002 6.84286
1.61002 6.84286 1.61639 6.85051
1.61639 6.85051 1.62258 6.85831
1.62258 6.85831 1.62858 6.86625
1.62858 6.86625 1.63439 6.87434
1.63439 6.87434 1.64002 6.88255
1.64002 6.88255 1.64544 6.8909
1.64544 6.8909 1.65067 6.89937
1.65067 6.89937 1.6557 6.90796
1.6557 6.90796 1.66053 6.91667
1.66053 6.91667 1.66514 6.92549
1.66514 6.92549 1.66955 6.93442
1.66955 6.93442 1.67375 6.94344
1.67375 6.94344 1.67774 6.95257
1.67774 6.95257 1.68151 6.96178
1.68151 6.96178 1.68506 6.97108
1.68506 6.97108 1.68839 6.98046
1.68839 6.98046 1.6915 6.98992
1.6915 6.98992 1.69439 6.99945
1.69439 6.99945 1.69705 7.00904
1.69705 7.00904 1.69948 7.0187
1.69948 7.0187 1.70169 7.02841
1.70169 7.02841 1.70367 7.03816
1.70367 7.03816 1.70542 7.04796
1.70542 7.04796 1.70693 7.0578
1.70693 7.0578 1.70822 7.06768
1.70822 7.06768 1.70927 7.07758
1.70927 7.07758 1.71009 7.0875
1.71009 7.0875 1.71068 7.09744
1.71068 7.09744 1.71103 7.10739
1.71103 7.10739 1.71114 7.11734
4.70372 1.29021 4.70355 1.3001
4.70355 1.3001 4.70304 1.30998
4.70304 1.30998 4.7022 1.31984
4.7022 1.31984 4.70102 1.32966
4.70102 1.32966 4.6995 1.33944
4.6995 1.33944 4.69766 1.34916
4.69766 1.34916 4.69548 1.35881
4.69548 1.35881 4.69297 1.36838
4.69297 1.36838 4.69014 1.37786
4.69014 1.37786 4.68699 1.38724
4.68699 1.38724 4.68351 1.3965
4.68351 1.3965 4.67973 1.40564
4.67973 1.40564 4.67563 1.41465
4.67563 1.41465 4.67123 1.42351
4.67123 1.42351 4.66653 1.43222
4.66653 1.43222 4.66153 1.44076
4.66153 1.44076 4.65625 1.44912
4.65625 1.44912 4.65068 1.4573
4.65068 1.4573 4.64484 1.46528
4.64484 1.46528 4.63873 1.47306
4.63873 1.47306 4.63236 1.48063
4.63236 1.48063 4.62573 1.48797
4.62573 1.48797 4.61885 1.49509
4.61885 1.49509 4.61174 1.50196
4.61174 1.50196 4.60439 1.50859
4.60439 1.50859 4.59683 1.51497
4.59683 1.51497 4.58905 1.52108
4.58905 1.52108 4.58106 1.52692
4.58106 1.52692 4.57288 1.53249
4.57288 1.53249 4.56452 1.53777
4.56452 1.53777 4.55598 1.54277
4.55598 1.54277 4.54727 1.54747
4.54727 1.54747 4.53841 1.55187
4.53841 1.55187 4.52941 1.55596
4.52941 1.55596 4.52027 1.55975
4.52027 1.55975 4.511 1.56322
4.511 1.56322 4.50162 1.56638
4.50162 1.56638 4.49214 1.56921
4.49214 1.56921 4.48257 1.57171
4.48257 1.57171 4.47292 1.57389
4.47292 1.57389 4.4632 1.57574
4.4632 1.57574 4.45343 1.57725
4.45343 1.57725 4.4436 1.57843
4.4436 1.57843 4.43375 1.57928
4.43375 1.57928 4.42387 1.57978
4.42387 1.57978 4.41397 1.57995
4.41397 1.57995 4.40408 1.57978
4.40408 1.57978 4.3942 1.57928
4.3942 1.57928 4.38434 1.57843
4.38434 1.57843 4.37452 1.57725
4.37452 1.57725 4.36474 1.57574
4.36474 1.57574 4.35502 1.57389
4.35502 1.57389 4.34537 1.57171
4.34537 1.57171 4.3358 1.56921
4.3358 1.56921 4.32632 1.56638
4.32632 1.56638 4.31694 1.56322
4.31694 1.56322 4.30768 1.55975
4.30768 1.55975 4.29854 1.55596
4.29854 1.55596 4.28953 1.55187
4.28953 1.55187 4.28067 1.54747
4.28067 1.54747 4.27197 1.54277
4.27197 1.54277 4.26343 1.53777
4.26343 1.53777 4.25506 1.53249
4.25506 1.53249 4.24688 1.52692
4.24688 1.52692 4.2389 1.52108
4.2389 1.52108 4.23112 1.51497
4.23112 1.51497 4.22355 1.50859
4.22355 1.50859 4.21621 1.50196
4.21621 1.50196 4.20909 1.49509
4.20909 1.49509 4.20222 1.48797
4.20222 1.48797 4.19559 1.48063
4.19559 1.48063 4.18922 1.47306
4.18922 1.47306 4.1831 1.46528
4.1831 1.46528 4.17726 1.4573
4.17726 1.4573 4.1717 1.44912
4.1717 1.44912 4.16641 1.44076
4.16641 1.44076 4.16142 1.43222
4.16142 1.43222 4.15671 1.42351
4.15671 1.42351 4.15231 1.41465
4.15231 1.41465 4.14822 1.40564
4.14822 1.40564 4.14443 1.3965
4.14443 1.3965 4.14096 1.38724
4.14096 1.38724 4.13781 1.37786
4.13781 1.37786 4.13497 1.36838
4.13497 1.36838 4.13247 1.35881
4.13247 1.35881 4.13029 1.34916
4.13029 1.34916 4.12844 1.33944
4.12844 1.33944 4.12693 1.32966
4.12693 1.32966 4.12575 1.31984
4.12575 1.31984 4.12491 1.30998
4.12491 1.30998 4.1244 1.3001
4.1244 1.3001 4.12423 1.29021
4.12423 1.29021 4.1244 1.28032
4.1244 1.28032 4.12491 1.27044
4.12491 1.27044 4.12575 1.26058
4.12575 1.26058 4.12693 1.25076
4.12693 1.25076 4.12844 1.24098
4.12844 1.24098 4.13029 1.23126
4.13029 1.23126 4.13247 1.22161
4.13247 1.22161 4.13497 1.21204
4.13497 1.21204 4.13781 1.20256
4.13781 1.20256 4.14096 1.19318
4.14096 1.19318 4.14443 1.18392
4.14443 1.18392 4.14822 1.17478
4.14822 1.17478 4.15231 1.16577
4.15231 1.16577 4.15671 1.15691
4.15671 1.15691 4.16142 1.1482
4.16142 1.1482 4.16641 1.13966
4.16641 1.13966 4.1717 1.1313
4.1717 1.1313 4.17726 1.12312
4.17726 1.12312 4.1831 1.11514
4.1831 1.11514 4.18922 1.10736
4.18922 1.10736 4.19559 1.09979
4.19559 1.09979 4.20222 1.09244
4.20222 1.09244 4.20909 1.08533
4.20909 1.08533 4.21621 1.07846
4.21621 1.07846 4.22355 1.07183
4.22355 1.07183 4.23112 1.06545
4.23112 1.06545 4.2389 1.05934
4.2389 1.05934 4.24688 1.0535
4.24688 1.0535 4.25506 1.04793
4.25506 1.04793 4.26343 1.04265
4.26343 1.04265 4.27197 1.03765
4.27197 1.03765 4.28067 1.03295
4.28067 1.03295 4.28953 1.02855
4.28953 1.02855 4.29854 1.02445
4.29854 1.02445 4.30768 1.02067
4.30768 1.02067 4.31694 1.0172
4.31694 1.0172 4.32632 1.01404
4.32632 1.01404 4.3358 1.01121
4.3358 1.01121 4.34537 1.0087
4.34537 1.0087 4.35502 1.00653
4.35502 1.00653 4.36474 1.00468
4.36474 1.00468 4.37452 1.00317
4.37452 1.00317 4.38434 1.00199
4.38434 1.00199 4.3942 1.00114
4.3942 1.00114 4.40408 1.00064
4.40408 1.00064 4.41397 1.00047
4.41397 1.00047 4.42387 1.00064
4.42387 1.00064 4.43375 1.00114
4.43375 1.00114 4.4436 1.00199
4.4436 1.00199 4.45343 1.00317
4.45343 1.00317 4.4632 1.00468
4.4632 1.00468 4.47292 1.00653
4.47292 1.00653 4.48257 1.0087
4.48257 1.0087 4.49214 1.01121
4.49214 1.01121 4.50162 1.01404
4.50162 1.01404 4.511 1.0172
4.511 1.0172 4.52027 1.02067
4.52027 1.02067 4.52941 1.02445
4.52941 1.02445 4.53841 1.02855
4.53841 1.02855 4.54727 1.03295
4.54727 1.03295 4.55598 1.03765
4.55598 1.03765 4.56452 1.04265
4.56452 1.04265 4.57288 1.04793
4.57288 1.04793 4.58106 1.0535
4.58106 1.0535 4.58905 1.05934
4.58905 1.05934 4.59683 1.06545
4.59683 1.06545 4.60439 1.07183
4.60439 1.07183 4.61174 1.07846
4.61174 1.07846 4.61885 1.08533
4.61885 1.08533 4.62573 1.09244
4.62573 1.09244 4.63236 1.09979
4.63236 1.09979 4.63873 1.10736
4.63873 1.10736 4.64484 1.11514
4.64484 1.11514 4.65068 1.12312
4.65068 1.12312 4.65625 1.1313
4.65625 1.1313 4.66153 1.13966
4.66153 1.13966 4.66653 1.1482
4.66653 1.1482 4.67123 1.15691
4.67123 1.15691 4.67563 1.16577
4.67563 1.16577 4.67973 1.17478
4.67973 1.17478 4.68351 1.18392
4.68351 1.18392 4.68699 1.19318
4.68699 1.19318 4.69014 1.20256
4.69014 1.20256 4.69297 1.21204
4.69297 1.21204 4.69548 1.22161
4.69548 1.22161 4.69766 1.23126
4.69766 1.23126 4.6995 1.24098
4.6995 1.24098 4.70102 1.25076
4.70102 1.25076 4.7022 1.26058
4.7022 1.26058 4.70304 1.27044
4.70304 1.27044 4.70355 1.28032
4.70355 1.28032 4.70372 1.29021
4.86948 3.68966 4.86943 3.69963
4.86943 3.69963 4.86927 3.70961
4.86927 3.70961 4.86901 3.71958
4.86901 3.71958 4.86865 3.72955
4.86865 3.72955 4.86818 3.73952
4.86818 3.73952 4.86761 3.74948
4.86761 3.74948 4.86694 3.75943
4.86694 3.75943 4.86616 3.76937
4.86616 3.76937 4.86528 3.77931
4.86528 3.77931 4.8643 3.78924
4.8643 3.78924 4.86322 3.79916
4.86322 3.79916 4.86203 3.80906
4.86203 3.80906 4.86074 3.81895
4.86074 3.81895 4.85934 3.82883
4.85934 3.82883 4.85784 3.83869
4.85784 3.83869 4.85625 3.84854
4.85625 3.84854 4.85454 3.85837
4.85454 3.85837 4.85274 3.86818
4.85274 3.86818 4.85084 3.87798
4.85084 3.87798 4.84883 3.88775
4.84883 3.88775 4.84672 3.8975
4.84672 3.8975 4.84451 3.90723
4.84451 3.90723 4.8422 3.91693
4.8422 3.91693 4.83979 3.92661
4.83979 3.92661 4.83728 3.93627
4.83728 3.93627 4.83467 3.94589
4.83467 3.94589 4.83196 3.9555
4.83196 3.9555 4.82915 3.96507
4.82915 3.96507 4.82624 3.97461
4.82624 3.97461 4.82323 3.98412
4.82323 3.98412 4.82012 3.9936
4.82012 3.9936 4.81692 4.00305
4.81692 4.00305 4.81361 4.01246
4.81361 4.01246 4.81021 4.02184
4.81021 4.02184 4.80671 4.03118
4.80671 4.03118 4.80312 4.04049
4.80312 4.04049 4.79943 4.04975
4.79943 4.04975 4.79564 4.05898
4.79564 4.05898 4.79176 4.06817
4.79176 4.06817 4.78778 4.07732
4.78778 4.07732 4.7837 4.08643
4.7837 4.08643 4.77954 4.09549
4.77954 4.09549 4.77528 4.10451
4.77528 4.10451 4.77092 4.11349
4.77092 4.11349 4.76647 4.12242
4.76647 4.12242 4.76193 4.1313
4.76193 4.1313 4.7573 4.14013
4.7573 4.14013 4.75257 4.14892
4.75257 4.14892 4.74776 4.15766
4.74776 4.15766 4.74285 4.16634
4.74285 4.16634 4.73786 4.17498
4.73786 4.17498 4.73277 4.18356
4.73277 4.18356 4.7276 4.19209
4.7276 4.19209 4.72234 4.20057
4.72234 4.20057 4.71699 4.20899
4.71699 4.20899 4.71155 4.21735
4.71155 4.21735 4.70603 4.22566
4.70603 4.22566 4.70042 4.23391
4.70042 4.23391 4.69472 4.2421
4.69472 4.2421 4.68894 4.25023
4.68894 4.25023 4.68308 4.2583
4.68308 4.2583 4.67713 4.26631
4.67713 4.26631 4.6711 4.27426
4.6711 4.27426 4.66499 4.28214
4.66499 4.28214 4.6588 4.28996
4.6588 4.28996 4.65252 4.29772
4.65252 4.29772 4.64617 4.30541
4.64617 4.30541 4.63973 4.31303
4.63973 4.31303 4.63322 4.32059
4.63322 4.32059 4.62663 4.32808
4.62663 4.32808 4.61996 4.33549
4.61996 4.33549 4.61321 4.34284
4.61321 4.34284 4.60639 4.35012
4.60639 4.35012 4.5995 4.35733
4.5995 4.35733 4.59252 4.36447
4.59252 4.36447 4.58548 4.37153
4.58548 4.37153 4.57836 4.37852
4.57836 4.37852 4.57117 4.38544
4.57117 4.38544 4.56391 4.39228
4.56391 4.39228 4.55658 4.39904
4.55658 4.39904 4.54918 4.40573
4.54918 4.40573 4.5417 4.41234
4.5417 4.41234 4.53417 4.41887
4.53417 4.41887 4.52656 4.42533
4.52656 4.42533 4.51889 4.4317
4.51889 4.4317 4.51115 4.438
4.51115 4.438 4.50334 4.44421
4.50334 4.44421 4.49547 4.45034
4.49547 4.45034 4.48754 4.45639
4.48754 4.45639 4.47955 4.46236
4.47955 4.46236 4.47149 4.46825
4.47149 4.46825 4.46338 4.47405
4.46338 4.47405 4.4552 4.47976
4.4552 4.47976 4.44697 4.48539
4.44697 4.48539 4.43867 4.49094
4.43867 4.49094 4.43032 4.4964
4.43032 4.4964 4.42192 4.50177
4.42192 4.50177 4.41345 4.50705
4.41345 4.50705 4.40494 4.51225
4.40494 4.51225 4.39637 4.51736
4.39637 4.51736 4.38775 4.52237
4.38775 4.52237 4.37907 4.5273
4.37907 4.5273 4.37035 4.53214
4.37035 4.53214 4.36157 4.53689
4.36157 4.53689 4.35275 4.54154
4.35275 4.54154 4.34388 4.54611
4.34388 4.54611 4.33496 4.55058
4.33496 4.55058 4.326 4.55496
4.326 4.55496 4.31699 4.55924
4.31699 4.55924 4.30794 4.56343
4.30794 4.56343 4.29884 4.56753
4.29884 4.56753 4.2897 4.57153
4.2897 4.57153 4.28052 4.57544
4.28052 4.57544 4.2713 4.57925
4.2713 4.57925 4.26205 4.58297
4.26205 4.58297 4.25275 4.58659
4.25275 4.58659 4.24342 4.59011
4.24342 4.59011 4.23405 4.59353
4.23405 4.59353 4.22464 4.59686
4.22464 4.59686 4.2152 4.60009
4.2152 4.60009 4.20573 4.60322
4.20573 4.60322 4.19623 4.60626
4.19623 4.60626 4.18669 4.60919
4.18669 4.60919 4.17713 4.61203
4.17713 4.61203 4.16754 4.61476
4.16754 4.61476 4.15792 4.6174
4.15792 4.6174 4.14827 4.61994
4.14827 4.61994 4.13859 4.62237
4.13859 4.62237 4.12889 4.62471
4.12889 4.62471 4.11917 4.62694
4.11917 4.62694 4.10943 4.62907
4.10943 4.62907 4.09966 4.63111
4.09966 4.63111 4.08987 4.63304
4.08987 4.63304 4.08007 4.63486
4.08007 4.63486 4.07024 4.63659
4.07024 4.63659 4.0604 4.63822
4.0604 4.63822 4.05054 4.63974
4.05054 4.63974 4.04066 4.64116
4.04066 4.64116 4.03077 4.64247
4.03077 4.64247 4.02087 4.64369
4.02087 4.64369 4.01096 4.6448
4.01096 4.6448 4.00103 4.64581
4.00103 4.64581 3.9911 4.64671
3.9911 4.64671 3.98116 4.64752
3.98116 4.64752 3.9712 4.64821
3.9712 4.64821 3.96125 4.64881
3.96125 4.64881 3.95128 4.6493
3.95128 4.6493 3.94131 4.64969
3.94131 4.64969 3.93134 4.64998
3.93134 4.64998 3.92137 4.65016
3.92137 4.65016 3.91139 4.65023
3.91139 4.65023 3.90142 4.65021
3.90142 4.65021 3.89144 4.65008
3.89144 4.65008 3.88147 4.64985
3.88147 4.64985 3.8715 4.64951
3.8715 4.64951 3.86153 4.64907
3.86153 4.64907 3.85157 4.64853
3.85157 4.64853 3.84161 4.64788
3.84161 4.64788 3.83167 4.64713
3.83167 4.64713 3.82173 4.64627
3.82173 4.64627 3.8118 4.64532
3.8118 4.64532 3.80188 4.64426
3.80188 4.64426 3.79197 4.64309
3.79197 4.64309 3.78207 4.64183
3.78207 4.64183 3.77219 4.64046
3.77219 4.64046 3.76233 4.63899
3.76233 4.63899 3.75248 4.63742
3.75248 4.63742 3.74264 4.63574
3.74264 4.63574 3.73282 4.63396
3.73282 4.63396 3.72303 4.63208
3.72303 4.63208 3.71325 4.6301
3.71325 4.6301 3.70349 4.62802
3.70349 4.62802 3.69376 4.62584
3.69376 4.62584 3.68405 4.62355
3.68405 4.62355 3.67436 4.62117
3.67436 4.62117 3.6647 4.61868
3.6647 4.61868 3.65507 4.61609
3.65507 4.61609 3.64546 4.61341
3.64546 4.61341 3.63588 4.61062
3.63588 4.61062 3.62633 4.60774
3.62633 4.60774 3.61681 4.60475
3.61681 4.60475 3.60732 4.60167
3.60732 4.60167 3.59787 4.59849
3.59787 4.59849 3.58845 4.59521
3.58845 4.59521 3.57906 4.59183
3.57906 4.59183 3.56971 4.58836
3.56971 4.58836 3.56039 4.58479
3.56039 4.58479 3.55111 4.58112
3.55111 4.58112 3.54188 4.57736
3.54188 4.57736 3.53268 4.5735
3.53268 4.5735 3.52352 4.56954
3.52352 4.56954 3.5144 4.56549
3.5144 4.56549 3.50533 4.56135
3.50533 4.56135 3.4963 4.55711
3.4963 4.55711 3.48731 4.55278
3.48731 4.55278 3.47837 4.54835
3.47837 4.54835 3.46947 4.54384
3.46947 4.54384 3.46063 4.53923
3.46063 4.53923 3.45183 4.53453
3.45183 4.53453 3.44308 4.52973
3.44308 4.52973 3.43438 4.52485
3.43438 4.52485 3.42573 4.51988
3.42573 4.51988 3.41714 4.51481
3.41714 4.51481 3.40859 4.50966
3.40859 4.50966 3.4001 4.50442
3.4001 4.50442 3.39167 4.49909
3.39167 4.49909 3.38329 4.49368
3.38329 4.49368 3.37497 4.48818
3.37497 4.48818 3.36671 4.48259
3.36671 4.48259 3.3585 4.47692
3.3585 4.47692 3.35035 4.47116
3.35035 4.47116 3.34227 4.46531
3.34227 4.46531 3.33424 4.45939
3.33424 4.45939 3.32628 4.45338
3.32628 4.45338 3.31838 4.44729
3.31838 4.44729 3.31054 4.44111
3.31054 4.44111 3.30277 4.43486
3.30277 4.43486 3.29507 4.42852
3.29507 4.42852 3.28743 4.42211
3.28743 4.42211 3.27985 4.41562
3.27985 4.41562 3.27235 4.40904
3.27235 4.40904 3.26491 4.40239
3.26491 4.40239 3.25754 4.39567
3.25754 4.39567 3.25025 4.38887
3.25025 4.38887 3.24302 4.38199
3.24302 4.38199 3.23587 4.37503
3.23587 4.37503 3.22878 4.36801
3.22878 4.36801 3.22178 4.36091
3.22178 4.36091 3.21484 4.35374
3.21484 4.35374 3.20798 4.34649
3.20798 4.34649 3.2012 4.33918
3.2012 4.33918 3.19449 4.33179
3.19449 4.33179 3.18786 4.32434
3.18786 4.32434 3.18131 4.31682
3.18131 4.31682 3.17484 4.30923
3.17484 4.30923 3.16844 4.30157
3.16844 4.30157 3.16213 4.29385
3.16213 4.29385 3.15589 4.28606
3.15589 4.28606 3.14974 4.27821
3.14974 4.27821 3.14367 4.27029
3.14367 4.27029 3.13768 4.26231
3.13768 4.26231 3.13177 4.25427
3.13177 4.25427 3.12595 4.24617
3.12595 4.24617 3.12021 4.23801
3.12021 4.23801 3.11456 4.22979
3.11456 4.22979 3.109 4.22151
3.109 4.22151 3.10351 4.21318
3.10351 4.21318 3.09812 4.20478
3.09812 4.20478 3.09282 4.19634
3.09282 4.19634 3.0876 4.18783
3.0876 4.18783 3.08247 4.17928
3.08247 4.17928 3.07743 4.17067
3.07743 4.17067 3.07248 4.16201
3.07248 4.16201 3.06762 4.15329
3.06762 4.15329 3.06285 4.14453
3.06285 4.14453 3.05817 4.13572
3.05817 4.13572 3.05358 4.12686
3.05358 4.12686 3.04909 4.11796
3.04909 4.11796 3.04469 4.109
3.04469 4.109 3.04038 4.10001
3.04038 4.10001 3.03616 4.09096
3.03616 4.09096 3.03204 4.08188
3.03204 4.08188 3.02802 4.07275
3.02802 4.07275 3.02409 4.06358
3.02409 4.06358 3.02025 4.05437
3.02025 4.05437 3.01651 4.04513
3.01651 4.04513 3.01287 4.03584
3.01287 4.03584 3.00932 4.02651
3.00932 4.02651 3.00587 4.01715
3.00587 4.01715 3.00252 4.00776
3.00252 4.00776 2.99926 3.99833
2.99926 3.99833 2.99611 3.98886
2.99611 3.98886 2.99305 3.97937
2.99305 3.97937 2.99009 3.96984
2.99009 3.96984 2.98723 3.96028
2.98723 3.96028 2.98447 3.9507
2.98447 3.9507 2.98181 3.94108
2.98181 3.94108 2.97925 3.93144
2.97925 3.93144 2.97678 3.92177
2.97678 3.92177 2.97442 3.91208
2.97442 3.91208 2.97217 3.90237
2.97217 3.90237 2.97001 3.89263
2.97001 3.89263 2.96795 3.88286
2.96795 3.88286 2.96599 3.87308
2.96599 3.87308 2.96414 3.86328
2.96414 3.86328 2.96239 3.85346
2.96239 3.85346 2.96074 3.84362
2.96074 3.84362 2.95919 3.83376
2.95919 3.83376 2.95774 3.82389
2.95774 3.82389 2.9564 3.81401
2.9564 3.81401 2.95516 3.80411
2.95516 3.80411 2.95402 3.7942
2.95402 3.7942 2.95299 3.78428
2.95299 3.78428 2.95206 3.77434
2.95206 3.77434 2.95123 3.7644
2.95123 3.7644 2.95051 3.75445
2.95051 3.75445 2.94989 3.7445
2.94989 3.7445 2.94937 3.73453
2.94937 3.73453 2.94895 3.72457
2.94895 3.72457 2.94864 3.7146
2.94864 3.7146 2.94844 3.70462
2.94844 3.70462 2.94833 3.69465
2.94833 3.69465 2.94833 3.68467
2.94833 3.68467 2.94844 3.6747
2.94844 3.6747 2.94864 3.66472
2.94864 3.66472 2.94895 3.65475
2.94895 3.65475 2.94937 3.64478
2.94937 3.64478 2.94989 3.63482
2.94989 3.63482 2.95051 3.62486
2.95051 3.62486 2.95123 3.61491
2.95123 3.61491 2.95206 3.60497
2.95206 3.60497 2.95299 3.59504
2.95299 3.59504 2.95402 3.58512
2.95402 3.58512 2.95516 3.57521
2.95516 3.57521 2.9564 3.56531
2.9564 3.56531 2.95774 3.55542
2.95774 3.55542 2.95919 3.54555
2.95919 3.54555 2.96074 3.5357
2.96074 3.5357 2.96239 3.52586
2.96239 3.52586 2.96414 3.51604
2.96414 3.51604 2.96599 3.50624
2.96599 3.50624 2.96795 3.49645
2.96795 3.49645 2.97001 3.48669
2.97001 3.48669 2.97217 3.47695
2.97217 3.47695 2.97442 3.46723
2.97442 3.46723 2.97678 3.45754
2.97678 3.45754 2.97925 3.44787
2.97925 3.44787 2.98181 3.43823
2.98181 3.43823 2.98447 3.42862
2.98447 3.42862 2.98723 3.41903
2.98723 3.41903 2.99009 3.40947
2.99009 3.40947 2.99305 3.39995
2.99305 3.39995 2.99611 3.39045
2.99611 3.39045 2.99926 3.38099
2.99926 3.38099 3.00252 3.37156
3.00252 3.37156 3.00587 3.36216
3.00587 3.36216 3.00932 3.3528
3.00932 3.3528 3.01287 3.34348
3.01287 3.34348 3.01651 3.33419
3.01651 3.33419 3.02025 3.32494
3.02025 3.32494 3.02409 3.31573
3.02409 3.31573 3.02802 3.30656
3.02802 3.30656 3.03204 3.29744
3.03204 3.29744 3.03616 3.28835
3.03616 3.28835 3.04038 3.27931
3.04038 3.27931 3.04469 3.27031
3.04469 3.27031 3.04909 3.26136
3.04909 3.26136 3.05358 3.25245
3.05358 3.25245 3.05817 3.24359
3.05817 3.24359 3.06285 3.23478
3.06285 3.23478 3.06762 3.22602
3.06762 3.22602 3.07248 3.21731
3.07248 3.21731 3.07743 3.20865
3.07743 3.20865 3.08247 3.20004
3.08247 3.20004 3.0876 3.19148
3.0876 3.19148 3.09282 3.18298
3.09282 3.18298 3.09812 3.17453
3.09812 3.17453 3.10351 3.16614
3.10351 3.16614 3.109 3.15781
3.109 3.15781 3.11456 3.14953
3.11456 3.14953 3.12021 3.14131
3.12021 3.14131 3.12595 3.13315
3.12595 3.13315 3.13177 3.12504
3.13177 3.12504 3.13768 3.117
3.13768 3.117 3.14367 3.10903
3.14367 3.10903 3.14974 3.10111
3.14974 3.10111 3.15589 3.09326
3.15589 3.09326 3.16213 3.08547
3.16213 3.08547 3.16844 3.07775
3.16844 3.07775 3.17484 3.07009
3.17484 3.07009 3.18131 3.0625
3.18131 3.0625 3.18786 3.05498
3.18786 3.05498 3.19449 3.04752
3.19449 3.04752 3.2012 3.04014
3.2012 3.04014 3.20798 3.03282
3.20798 3.03282 3.21484 3.02558
3.21484 3.02558 3.22178 3.01841
3.22178 3.01841 3.22878 3.01131
3.22878 3.01131 3.23587 3.00428
3.23587 3.00428 3.24302 2.99733
3.24302 2.99733 3.25025 2.99045
3.25025 2.99045 3.25754 2.98365
3.25754 2.98365 3.26491 2.97692
3.26491 2.97692 3.27235 2.97027
3.27235 2.97027 3.27985 2.9637
3.27985 2.9637 3.28743 2.95721
3.28743 2.95721 3.29507 2.95079
3.29507 2.95079 3.30277 2.94446
3.30277 2.94446 3.31054 2.9382
3.31054 2.9382 3.31838 2.93203
3.31838 2.93203 3.32628 2.92594
3.32628 2.92594 3.33424 2.91993
3.33424 2.91993 3.34227 2.914
3.34227 2.914 3.35035 2.90816
3.35035 2.90816 3.3585 2.9024
3.3585 2.9024 3.36671 2.89673
3.36671 2.89673 3.37497 2.89114
3.37497 2.89114 3.38329 2.88564
3.38329 2.88564 3.39167 2.88022
3.39167 2.88022 3.4001 2.87489
3.4001 2.87489 3.40859 2.86965
3.40859 2.86965 3.41714 2.8645
3.41714 2.8645 3.42573 2.85944
3.42573 2.85944 3.43438 2.85447
3.43438 2.85447 3.44308 2.84958
3.44308 2.84958 3.45183 2.84479
3.45183 2.84479 3.46063 2.84009
3.46063 2.84009 3.46947 2.83548
3.46947 2.83548 3.47837 2.83096
3.47837 2.83096 3.48731 2.82654
3.48731 2.82654 3.4963 2.82221
3.4963 2.82221 3.50533 2.81797
3.50533 2.81797 3.5144 2.81382
3.5144 2.81382 3.52352 2.80977
3.52352 2.80977 3.53268 2.80582
3.53268 2.80582 3.54188 2.80196
3.54188 2.80196 3.55111 2.7982
3.55111 2.7982 3.56039 2.79453
3.56039 2.79453 3.56971 2.79096
3.56971 2.79096 3.57906 2.78748
3.57906 2.78748 3.58845 2.78411
3.58845 2.78411 3.59787 2.78083
3.59787 2.78083 3.60732 2.77765
3.60732 2.77765 3.61681 2.77456
3.61681 2.77456 3.62633 2.77158
3.62633 2.77158 3.63588 2.7687
3.63588 2.7687 3.64546 2.76591
3.64546 2.76591 3.65507 2.76322
3.65507 2.76322 3.6647 2.76064
3.6647 2.76064 3.67436 2.75815
3.67436 2.75815 3.68405 2.75577
3.68405 2.75577 3.69376 2.75348
3.69376 2.75348 3.70349 2.7513
3.70349 2.7513 3.71325 2.74921
3.71325 2.74921 3.72303 2.74723
3.72303 2.74723 3.73282 2.74535
3.73282 2.74535 3.74264 2.74358
3.74264 2.74358 3.75248 2.7419
3.75248 2.7419 3.76233 2.74033
3.76233 2.74033 3.77219 2.73886
3.77219 2.73886 3.78207 2.73749
3.78207 2.73749 3.79197 2.73622
3.79197 2.73622 3.80188 2.73506
3.80188 2.73506 3.8118 2.734
3.8118 2.734 3.82173 2.73304
3.82173 2.73304 3.83167 2.73219
3.83167 2.73219 3.84161 2.73144
3.84161 2.73144 3.85157 2.73079
3.85157 2.73079 3.86153 2.73025
3.86153 2.73025 3.8715 2.72981
3.8715 2.72981 3.88147 2.72947
3.88147 2.72947 3.89144 2.72924
3.89144 2.72924 3.90142 2.72911
3.90142 2.72911 3.91139 2.72908
3.91139 2.72908 3.92137 2.72916
3.92137 2.72916 3.93134 2.72934
3.93134 2.72934 3.94131 2.72963
3.94131 2.72963 3.95128 2.73001
3.95128 2.73001 3.96125 2.73051
3.96125 2.73051 3.9712 2.7311
3.9712 2.7311 3.98116 2.7318
3.98116 2.7318 3.9911 2.7326
3.9911 2.7326 4.00103 2.73351
4.00103 2.73351 4.01096 2.73452
4.01096 2.73452 4.02087 2.73563
4.02087 2.73563 4.03077 2.73684
4.03077 2.73684 4.04066 2.73816
4.04066 2.73816 4.05054 2.73958
4.05054 2.73958 4.0604 2.7411
4.0604 2.7411 4.07024 2.74273
4.07024 2.74273 4.08007 2.74445
4.08007 2.74445 4.08987 2.74628
4.08987 2.74628 4.09966 2.74821
4.09966 2.74821 4.10943 2.75024
4.10943 2.75024 4.11917 2.75238
4.11917 2.75238 4.12889 2.75461
4.12889 2.75461 4.13859 2.75695
4.13859 2.75695 4.14827 2.75938
4.14827 2.75938 4.15792 2.76192
4.15792 2.76192 4.16754 2.76455
4.16754 2.76455 4.17713 2.76729
4.17713 2.76729 4.18669 2.77013
4.18669 2.77013 4.19623 2.77306
4.19623 2.77306 4.20573 2.77609
4.20573 2.77609 4.2152 2.77923
4.2152 2.77923 4.22464 2.78246
4.22464 2.78246 4.23405 2.78578
4.23405 2.78578 4.24342 2.78921
4.24342 2.78921 4.25275 2.79273
4.25275 2.79273 4.26205 2.79635
4.26205 2.79635 4.2713 2.80007
4.2713 2.80007 4.28052 2.80388
4.28052 2.80388 4.2897 2.80779
4.2897 2.80779 4.29884 2.81179
4.29884 2.81179 4.30794 2.81588
4.30794 2.81588 4.31699 2.82008
4.31699 2.82008 4.326 2.82436
4.326 2.82436 4.33496 2.82874
4.33496 2.82874 4.34388 2.83321
4.34388 2.83321 4.35275 2.83777
4.35275 2.83777 4.36157 2.84243
4.36157 2.84243 4.37035 2.84718
4.37035 2.84718 4.37907 2.85201
4.37907 2.85201 4.38775 2.85694
4.38775 2.85694 4.39637 2.86196
4.39637 2.86196 4.40494 2.86707
4.40494 2.86707 4.41345 2.87226
4.41345 2.87226 4.42192 2.87755
4.42192 2.87755 4.43032 2.88292
4.43032 2.88292 4.43867 2.88838
4.43867 2.88838 4.44697 2.89392
4.44697 2.89392 4.4552 2.89955
4.4552 2.89955 4.46338 2.90527
4.46338 2.90527 4.47149 2.91107
4.47149 2.91107 4.47955 2.91695
4.47955 2.91695 4.48754 2.92292
4.48754 2.92292 4.49547 2.92897
4.49547 2.92897 4.50334 2.93511
4.50334 2.93511 4.51115 2.94132
4.51115 2.94132 4.51889 2.94762
4.51889 2.94762 4.52656 2.95399
4.52656 2.95399 4.53417 2.96044
4.53417 2.96044 4.5417 2.96698
4.5417 2.96698 4.54918 2.97359
4.54918 2.97359 4.55658 2.98028
4.55658 2.98028 4.56391 2.98704
4.56391 2.98704 4.57117 2.99388
4.57117 2.99388 4.57836 3.0008
4.57836 3.0008 4.58548 3.00779
4.58548 3.00779 4.59252 3.01485
4.59252 3.01485 4.5995 3.02199
4.5995 3.02199 4.60639 3.02919
4.60639 3.02919 4.61321 3.03647
4.61321 3.03647 4.61996 3.04382
4.61996 3.04382 4.62663 3.05124
4.62663 3.05124 4.63322 3.05873
4.63322 3.05873 4.63973 3.06629
4.63973 3.06629 4.64617 3.07391
4.64617 3.07391 4.65252 3.0816
4.65252 3.0816 4.6588 3.08936
4.6588 3.08936 4.66499 3.09718
4.66499 3.09718 4.6711 3.10506
4.6711 3.10506 4.67713 3.11301
4.67713 3.11301 4.68308 3.12102
4.68308 3.12102 4.68894 3.12909
4.68894 3.12909 4.69472 3.13722
4.69472 3.13722 4.70042 3.14541
4.70042 3.14541 4.70603 3.15366
4.70603 3.15366 4.71155 3.16197
4.71155 3.16197 4.71699 3.17033
4.71699 3.17033 4.72234 3.17875
4.72234 3.17875 4.7276 3.18723
4.7276 3.18723 4.73277 3.19576
4.73277 3.19576 4.73786 3.20434
4.73786 3.20434 4.74285 3.21297
4.74285 3.21297 4.74776 3.22166
4.74776 3.22166 4.75257 3.2304
4.75257 3.2304 4.7573 3.23918
4.7573 3.23918 4.76193 3.24802
4.76193 3.24802 4.76647 3.2569
4.76647 3.2569 4.77092 3.26583
4.77092 3.26583 4.77528 3.27481
4.77528 3.27481 4.77954 3.28383
4.77954 3.28383 4.7837 3.29289
4.7837 3.29289 4.78778 3.302
4.78778 3.302 4.79176 3.31114
4.79176 3.31114 4.79564 3.32033
4.79564 3.32033 4.79943 3.32956
4.79943 3.32956 4.80312 3.33883
4.80312 3.33883 4.80671 3.34814
4.80671 3.34814 4.81021 3.35748
4.81021 3.35748 4.81361 3.36686
4.81361 3.36686 4.81692 3.37627
4.81692 3.37627 4.82012 3.38572
4.82012 3.38572 4.82323 3.3952
4.82323 3.3952 4.82624 3.40471
4.82624 3.40471 4.82915 3.41425
4.82915 3.41425 4.83196 3.42382
4.83196 3.42382 4.83467 3.43342
4.83467 3.43342 4.83728 3.44305
4.83728 3.44305 4.83979 3.45271
4.83979 3.45271 4.8422 3.46239
4.8422 3.46239 4.84451 3.47209
4.84451 3.47209 4.84672 3.48182
4.84672 3.48182 4.84883 3.49157
4.84883 3.49157 4.85084 3.50134
4.85084 3.50134 4.85274 3.51113
4.85274 3.51113 4.85454 3.52095
4.85454 3.52095 4.85625 3.53078
4.85625 3.53078 4.85784 3.54062
4.85784 3.54062 4.85934 3.55049
4.85934 3.55049 4.86074 3.56036
4.86074 3.56036 4.86203 3.57026
4.86203 3.57026 4.86322 3.58016
4.86322 3.58016 4.8643 3.59008
4.8643 3.59008 4.86528 3.6
4.86528 3.6 4.86616 3.60994
4.86616 3.60994 4.86694 3.61989
4.86694 3.61989 4.86761 3.62984
4.86761 3.62984 4.86818 3.6398
4.86818 3.6398 4.86865 3.64977
4.86865 3.64977 4.86901 3.65974
4.86901 3.65974 4.86927 3.66971
4.86927 3.66971 4.86943 3.67968
4.86943 3.67968 4.86948 3.68966
3.21653 7.70045 3.21643 7.7104
3.21643 7.7104 3.21615 7.72034
3.21615 7.72034 3.21568 7.73028
3.21568 7.73028 3.21501 7.7402
3.21501 7.7402 3.21416 7.75011
3.21416 7.75011 3.21312 7.76001
3.21312 7.76001 3.21189 7.76988
3.21189 7.76988 3.21048 7.77972
3.21048 7.77972 3.20888 7.78954
3.20888 7.78954 3.20709 7.79933
3.20709 7.79933 3.20511 7.80908
3.20511 7.80908 3.20295 7.81879
3.20295 7.81879 3.20061 7.82846
3.20061 7.82846 3.19808 7.83808
3.19808 7.83808 3.19536 7.84765
3.19536 7.84765 3.19247 7.85717
3.19247 7.85717 3.1894 7.86663
3.1894 7.86663 3.18614 7.87603
3.18614 7.87603 3.18271 7.88536
3.18271 7.88536 3.1791 7.89463
3.1791 7.89463 3.17532 7.90383
3.17532 7.90383 3.17136 7.91296
3.17136 7.91296 3.16723 7.92201
3.16723 7.92201 3.16292 7.93098
3.16292 7.93098 3.15845 7.93986
3.15845 7.93986 3.1538 7.94866
3.1538 7.94866 3.149 7.95737
3.149 7.95737 3.14402 7.96598
3.14402 7.96598 3.13888 7.9745
3.13888 7.9745 3.13359 7.98292
3.13359 7.98292 3.12813 7.99124
3.12813 7.99124 3.12251 7.99945
3.12251 7.99945 3.11674 8.00756
3.11674 8.00756 3.11082 8.01555
3.11082 8.01555 3.10475 8.02342
3.10475 8.02342 3.09852 8.03119
3.09852 8.03119 3.09215 8.03883
3.09215 8.03883 3.08564 8.04634
3.08564 8.04634 3.07898 8.05374
3.07898 8.05374 3.07218 8.061
3.07218 8.061 3.06525 8.06814
3.06525 8.06814 3.05818 8.07514
3.05818 8.07514 3.05098 8.082
3.05098 8.082 3.04366 8.08873
3.04366 8.08873 3.0362 8.09531
3.0362 8.09531 3.02862 8.10176
3.02862 8.10176 3.02092 8.10805
3.02092 8.10805 3.0131 8.1142
3.0131 8.1142 3.00516 8.1202
3.00516 8.1202 2.99712 8.12605
2.99712 8.12605 2.98896 8.13174
2.98896 8.13174 2.98069 8.13728
2.98069 8.13728 2.97232 8.14266
2.97232 8.14266 2.96386 8.14787
2.96386 8.14787 2.95529 8.15293
2.95529 8.15293 2.94663 8.15782
2.94663 8.15782 2.93787 8.16255
2.93787 8.16255 2.92903 8.16711
2.92903 8.16711 2.9201 8.1715
2.9201 8.1715 2.91109 8.17571
2.91109 8.17571 2.90201 8.17976
2.90201 8.17976 2.89284 8.18363
2.89284 8.18363 2.88361 8.18733
2.88361 8.18733 2.8743 8.19085
2.8743 8.19085 2.86493 8.19419
2.86493 8.19419 2.8555 8.19736
2.8555 8.19736 2.84601 8.20034
2.84601 8.20034 2.83647 8.20314
2.83647 8.20314 2.82687 8.20576
2.82687 8.20576 2.81723 8.2082
2.81723 8.2082 2.80754 8.21045
2.80754 8.21045 2.79781 8.21252
2.79781 8.21252 2.78804 8.21441
2.78804 8.21441 2.77824 8.2161
2.77824 8.2161 2.7684 8.21761
2.7684 8.21761 2.75854 8.21893
2.75854 8.21893 2.74866 8.22007
2.74866 8.22007 2.73876 8.22101
2.73876 8.22101 2.72884 8.22177
2.72884 8.22177 2.71891 8.22234
2.71891 8.22234 2.70897 8.22272
2.70897 8.22272 2.69902 8.22291
2.69902 8.22291 2.68907 8.22291
2.68907 8.22291 2.67913 8.22272
2.67913 8.22272 2.66919 8.22234
2.66919 8.22234 2.65925 8.22177
2.65925 8.22177 2.64934 8.22101
2.64934 8.22101 2.63943 8.22007
2.63943 8.22007 2.62955 8.21893
2.62955 8.21893 2.61969 8.21761
2.61969 8.21761 2.60986 8.2161
2.60986 8.2161 2.60006 8.21441
2.60006 8.21441 2.59029 8.21252
2.59029 8.21252 2.58056 8.21045
2.58056 8.21045 2.57087 8.2082
2.57087 8.2082 2.56122 8.20576
2.56122 8.20576 2.55163 8.20314
2.55163 8.20314 2.54208 8.20034
2.54208 8.20034 2.53259 8.19736
2.53259 8.19736 2.52316 8.19419
2.52316 8.19419 2.51379 8.19085
2.51379 8.19085 2.50449 8.18733
2.50449 8.18733 2.49525 8.18363
2.49525 8.18363 2.48609 8.17976
2.48609 8.17976 2.477 8.17571
2.477 8.17571 2.46799 8.1715
2.46799 8.1715 2.45906 8.16711
2.45906 8.16711 2.45022 8.16255
2.45022 8.16255 2.44147 8.15782
2.44147 8.15782 2.43281 8.15293
2.43281 8.15293 2.42424 8.14787
2.42424 8.14787 2.41577 8.14266
2.41577 8.14266 2.4074 8.13728
2.4074 8.13728 2.39914 8.13174
2.39914 8.13174 2.39098 8.12605
2.39098 8.12605 2.38293 8.1202
2.38293 8.1202 2.37499 8.1142
2.37499 8.1142 2.36718 8.10805
2.36718 8.10805 2.35947 8.10176
2.35947 8.10176 2.35189 8.09531
2.35189 8.09531 2.34444 8.08873
2.34444 8.08873 2.33711 8.082
2.33711 8.082 2.32991 8.07514
2.32991 8.07514 2.32284 8.06814
2.32284 8.06814 2.31591 8.061
2.31591 8.061 2.30911 8.05374
2.30911 8.05374 2.30246 8.04634
2.30246 8.04634 2.29594 8.03883
2.29594 8.03883 2.28957 8.03119
2.28957 8.03119 2.28335 8.02342
2.28335 8.02342 2.27727 8.01555
2.27727 8.01555 2.27135 8.00756
2.27135 8.00756 2.26558 7.99945
2.26558 7.99945 2.25997 7.99124
2.25997 7.99124 2.25451 7.98292
2.25451 7.98292 2.24921 7.9745
2.24921 7.9745 2.24407 7.96598
2.24407 7.96598 2.2391 7.95737
2.2391 7.95737 2.23429 7.94866
2.23429 7.94866 2.22965 7.93986
2.22965 7.93986 2.22517 7.93098
2.22517 7.93098 2.22087 7.92201
2.22087 7.92201 2.21674 7.91296
2.21674 7.91296 2.21278 7.90383
2.21278 7.90383 2.20899 7.89463
2.20899 7.89463 2.20538 7.88536
2.20538 7.88536 2.20195 7.87603
2.20195 7.87603 2.1987 7.86663
2.1987 7.86663 2.19562 7.85717
2.19562 7.85717 2.19273 7.84765
2.19273 7.84765 2.19002 7.83808
2.19002 7.83808 2.18749 7.82846
2.18749 7.82846 2.18514 7.81879
2.18514 7.81879 2.18298 7.80908
2.18298 7.80908 2.18101 7.79933
2.18101 7.79933 2.17922 7.78954
2.17922 7.78954 2.17762 7.77972
2.17762 7.77972 2.1762 7.76988
2.1762 7.76988 2.17497 7.76001
2.17497 7.76001 2.17393 7.75011
2.17393 7.75011 2.17308 7.7402
2.17308 7.7402 2.17242 7.73028
2.17242 7.73028 2.17194 7.72034
2.17194 7.72034 2.17166 7.7104
2.17166 7.7104 2.17157 7.70045
2.17157 7.70045 2.17166 7.6905
2.17166 7.6905 2.17194 7.68056
2.17194 7.68056 2.17242 7.67062
2.17242 7.67062 2.17308 7.66069
2.17308 7.66069 2.17393 7.65078
2.17393 7.65078 2.17497 7.64089
2.17497 7.64089 2.1762 7.63102
2.1762 7.63102 2.17762 7.62117
2.17762 7.62117 2.17922 7.61135
2.17922 7.61135 2.18101 7.60157
2.18101 7.60157 2.18298 7.59182
2.18298 7.59182 2.18514 7.58211
2.18514 7.58211 2.18749 7.57244
2.18749 7.57244 2.19002 7.56282
2.19002 7.56282 2.19273 7.55325
2.19273 7.55325 2.19562 7.54373
2.19562 7.54373 2.1987 7.53427
2.1987 7.53427 2.20195 7.52487
2.20195 7.52487 2.20538 7.51553
2.20538 7.51553 2.20899 7.50626
2.20899 7.50626 2.21278 7.49706
2.21278 7.49706 2.21674 7.48794
2.21674 7.48794 2.22087 7.47889
2.22087 7.47889 2.22517 7.46992
2.22517 7.46992 2.22965 7.46103
2.22965 7.46103 2.23429 7.45224
2.23429 7.45224 2.2391 7.44353
2.2391 7.44353 2.24407 7.43491
2.24407 7.43491 2.24921 7.42639
2.24921 7.42639 2.25451 7.41797
2.25451 7.41797 2.25997 7.40966
2.25997 7.40966 2.26558 7.40144
2.26558 7.40144 2.27135 7.39334
2.27135 7.39334 2.27727 7.38535
2.27727 7.38535 2.28335 7.37747
2.28335 7.37747 2.28957 7.36971
2.28957 7.36971 2.29594 7.36207
2.29594 7.36207 2.30246 7.35455
2.30246 7.35455 2.30911 7.34716
2.30911 7.34716 2.31591 7.33989
2.31591 7.33989 2.32284 7.33276
2.32284 7.33276 2.32991 7.32576
2.32991 7.32576 2.33711 7.3189
2.33711 7.3189 2.34444 7.31217
2.34444 7.31217 2.35189 7.30558
2.35189 7.30558 2.35947 7.29914
2.35947 7.29914 2.36718 7.29284
2.36718 7.29284 2.37499 7.28669
2.37499 7.28669 2.38293 7.28069
2.38293 7.28069 2.39098 7.27485
2.39098 7.27485 2.39914 7.26915
2.39914 7.26915 2.4074 7.26362
2.4074 7.26362 2.41577 7.25824
2.41577 7.25824 2.42424 7.25302
2.42424 7.25302 2.43281 7.24797
2.43281 7.24797 2.44147 7.24307
2.44147 7.24307 2.45022 7.23835
2.45022 7.23835 2.45906 7.23379
2.45906 7.23379 2.46799 7.2294
2.46799 7.2294 2.477 7.22518
2.477 7.22518 2.48609 7.22114
2.48609 7.22114 2.49525 7.21726
2.49525 7.21726 2.50449 7.21357
2.50449 7.21357 2.51379 7.21005
2.51379 7.21005 2.52316 7.2067
2.52316 7.2067 2.53259 7.20354
2.53259 7.20354 2.54208 7.20055
2.54208 7.20055 2.55163 7.19775
2.55163 7.19775 2.56122 7.19513
2.56122 7.19513 2.57087 7.19269
2.57087 7.19269 2.58056 7.19044
2.58056 7.19044 2.59029 7.18837
2.59029 7.18837 2.60006 7.18649
2.60006 7.18649 2.60986 7.18479
2.60986 7.18479 2.61969 7.18328
2.61969 7.18328 2.62955 7.18196
2.62955 7.18196 2.63943 7.18083
2.63943 7.18083 2.64934 7.17988
2.64934 7.17988 2.65925 7.17913
2.65925 7.17913 2.66919 7.17856
2.66919 7.17856 2.67913 7.17818
2.67913 7.17818 2.68907 7.17799
2.68907 7.17799 2.69902 7.17799
2.69902 7.17799 2.70897 7.17818
2.70897 7.17818 2.71891 7.17856
2.71891 7.17856 2.72884 7.17913
2.72884 7.17913 2.73876 7.17988
2.73876 7.17988 2.74866 7.18083
2.74866 7.18083 2.75854 7.18196
2.75854 7.18196 2.7684 7.18328
2.7684 7.18328 2.77824 7.18479
2.77824 7.18479 2.78804 7.18649
2.78804 7.18649 2.79781 7.18837
2.79781 7.18837 2.80754 7.19044
2.80754 7.19044 2.81723 7.19269
2.81723 7.19269 2.82687 7.19513
2.82687 7.19513 2.83647 7.19775
2.83647 7.19775 2.84601 7.20055
2.84601 7.20055 2.8555 7.20354
2.8555 7.20354 2.86493 7.2067
2.86493 7.2067 2.8743 7.21005
2.8743 7.21005 2.88361 7.21357
2.88361 7.21357 2.89284 7.21726
2.89284 7.21726 2.90201 7.22114
2.90201 7.22114 2.91109 7.22518
2.91109 7.22518 2.9201 7.2294
2.9201 7.2294 2.92903 7.23379
2.92903 7.23379 2.93787 7.23835
2.93787 7.23835 2.94663 7.24307
2.94663 7.24307 2.95529 7.24797
2.95529 7.24797 2.96386 7.25302
2.96386 7.25302 2.97232 7.25824
2.97232 7.25824 2.98069 7.26362
2.98069 7.26362 2.98896 7.26915
2.98896 7.26915 2.99712 7.27485
2.99712 7.27485 3.00516 7.28069
3.00516 7.28069 3.0131 7.28669
3.0131 7.28669 3.02092 7.29284
3.02092 7.29284 3.02862 7.29914
3.02862 7.29914 3.0362 7.30558
3.0362 7.30558 3.04366 7.31217
3.04366 7.31217 3.05098 7.3189
3.05098 7.3189 3.05818 7.32576
3.05818 7.32576 3.06525 7.33276
3.06525 7.33276 3.07218 7.33989
3.07218 7.33989 3.07898 7.34716
3.07898 7.34716 3.08564 7.35455
3.08564 7.35455 3.09215 7.36207
3.09215 7.36207 3.09852 7.36971
3.09852 7.36971 3.10475 7.37747
3.10475 7.37747 3.11082 7.38535
3.11082 7.38535 3.11674 7.39334
3.11674 7.39334 3.12251 7.40144
3.12251 7.40144 3.12813 7.40966
3.12813 7.40966 3.13359 7.41797
3.13359 7.41797 3.13888 7.42639
3.13888 7.42639 3.14402 7.43491
3.14402 7.43491 3.149 7.44353
3.149 7.44353 3.1538 7.45224
3.1538 7.45224 3.15845 7.46103
3.15845 7.46103 3.16292 7.46992
3.16292 7.46992 3.16723 7.47889
3.16723 7.47889 3.17136 7.48794
3.17136 7.48794 3.17532 7.49706
3.17532 7.49706 3.1791 7.50626
3.1791 7.50626 3.18271 7.51553
3.18271 7.51553 3.18614 7.52487
3.18614 7.52487 3.1894 7.53427
3.1894 7.53427 3.19247 7.54373
3.19247 7.54373 3.19536 7.55325
3.19536 7.55325 3.19808 7.56282
3.19808 7.56282 3.20061 7.57244
3.20061 7.57244 3.20295 7.58211
3.20295 7.58211 3.20511 7.59182
3.20511 7.59182 3.20709 7.60157
3.20709 7.60157 3.20888 7.61135
3.20888 7.61135 3.21048 7.62117
3.21048 7.62117 3.21189 7.63102
3.21189 7.63102 3.21312 7.64089
3.21312 7.64089 3.21416 7.65078
3.21416 7.65078 3.21501 7.66069
3.21501 7.66069 3.21568 7.67062
3.21568 7.67062 3.21615 7.68056
3.21615 7.68056 3.21643 7.6905
3.21643 7.6905 3.21653 7.70045
1.7947 1.25286 1.79465 1.26283
1.79465 1.26283 1.79448 1.2728
1.79448 1.2728 1.7942 1.28276
1.7942 1.28276 1.79381 1.29273
1.79381 1.29273 1.7933 1.30268
1.7933 1.30268 1.79269 1.31263
1.79269 1.31263 1.79196 1.32258
1.79196 1.32258 1.79112 1.33251
1.79112 1.33251 1.79017 1.34244
1.79017 1.34244 1.78911 1.35235
1.78911 1.35235 1.78793 1.36225
1.78793 1.36225 1.78665 1.37214
1.78665 1.37214 1.78525 1.38201
1.78525 1.38201 1.78374 1.39186
1.78374 1.39186 1.78213 1.4017
1.78213 1.4017 1.7804 1.41152
1.7804 1.41152 1.77856 1.42132
1.77856 1.42132 1.77661 1.4311
1.77661 1.4311 1.77455 1.44085
1.77455 1.44085 1.77238 1.45058
1.77238 1.45058 1.77011 1.46029
1.77011 1.46029 1.76772 1.46997
1.76772 1.46997 1.76523 1.47962
1.76523 1.47962 1.76262 1.48925
1.76262 1.48925 1.75991 1.49884
1.75991 1.49884 1.75709 1.50841
1.75709 1.50841 1.75417 1.51794
1.75417 1.51794 1.75114 1.52743
1.75114 1.52743 1.748 1.5369
1.748 1.5369 1.74475 1.54632
1.74475 1.54632 1.7414 1.55571
1.7414 1.55571 1.73794 1.56506
1.73794 1.56506 1.73438 1.57438
1.73438 1.57438 1.73072 1.58365
1.73072 1.58365 1.72695 1.59288
1.72695 1.59288 1.72307 1.60206
1.72307 1.60206 1.7191 1.61121
1.7191 1.61121 1.71502 1.6203
1.71502 1.6203 1.71084 1.62936
1.71084 1.62936 1.70655 1.63836
1.70655 1.63836 1.70217 1.64731
1.70217 1.64731 1.69769 1.65622
1.69769 1.65622 1.6931 1.66507
1.6931 1.66507 1.68842 1.67387
1.68842 1.67387 1.68364 1.68262
1.68364 1.68262 1.67876 1.69132
1.67876 1.69132 1.67378 1.69996
1.67378 1.69996 1.66871 1.70854
1.66871 1.70854 1.66354 1.71706
1.66354 1.71706 1.65827 1.72553
1.65827 1.72553 1.65291 1.73394
1.65291 1.73394 1.64746 1.74228
1.64746 1.74228 1.64191 1.75057
1.64191 1.75057 1.63627 1.75879
1.63627 1.75879 1.63054 1.76694
1.63054 1.76694 1.62471 1.77504
1.62471 1.77504 1.6188 1.78306
1.6188 1.78306 1.61279 1.79102
1.61279 1.79102 1.6067 1.79891
1.6067 1.79891 1.60052 1.80673
1.60052 1.80673 1.59425 1.81449
1.59425 1.81449 1.58789 1.82217
1.58789 1.82217 1.58145 1.82978
1.58145 1.82978 1.57493 1.83731
1.57493 1.83731 1.56831 1.84478
1.56831 1.84478 1.56162 1.85216
1.56162 1.85216 1.55484 1.85948
1.55484 1.85948 1.54798 1.86671
1.54798 1.86671 1.54104 1.87387
1.54104 1.87387 1.53402 1.88095
1.53402 1.88095 1.52692 1.88795
1.52692 1.88795 1.51975 1.89487
1.51975 1.89487 1.51249 1.90171
1.51249 1.90171 1.50516 1.90847
1.50516 1.90847 1.49775 1.91514
1.49775 1.91514 1.49027 1.92173
1.49027 1.92173 1.48272 1.92824
1.48272 1.92824 1.47509 1.93466
1.47509 1.93466 1.46739 1.94099
1.46739 1.94099 1.45962 1.94724
1.45962 1.94724 1.45178 1.9534
1.45178 1.9534 1.44387 1.95947
1.44387 1.95947 1.4359 1.96545
1.4359 1.96545 1.42785 1.97134
1.42785 1.97134 1.41975 1.97714
1.41975 1.97714 1.41157 1.98285
1.41157 1.98285 1.40334 1.98847
1.40334 1.98847 1.39504 1.99399
1.39504 1.99399 1.38668 1.99943
1.38668 1.99943 1.37825 2.00476
1.37825 2.00476 1.36977 2.01
1.36977 2.01 1.36123 2.01515
1.36123 2.01515 1.35264 2.0202
1.35264 2.0202 1.34398 2.02515
1.34398 2.02515 1.33528 2.03001
1.33528 2.03001 1.32651 2.03476
1.32651 2.03476 1.3177 2.03942
1.3177 2.03942 1.30883 2.04398
1.30883 2.04398 1.29992 2.04844
1.29992 2.04844 1.29095 2.0528
1.29095 2.0528 1.28193 2.05705
1.28193 2.05705 1.27287 2.06121
1.27287 2.06121 1.26376 2.06526
1.26376 2.06526 1.25461 2.06921
1.25461 2.06921 1.24541 2.07306
1.24541 2.07306 1.23617 2.07681
1.23617 2.07681 1.22689 2.08045
1.22689 2.08045 1.21757 2.08398
1.21757 2.08398 1.20821 2.08741
1.20821 2.08741 1.19881 2.09074
1.19881 2.09074 1.18937 2.09396
1.18937 2.09396 1.1799 2.09707
1.1799 2.09707 1.17039 2.10007
1.17039 2.10007 1.16085 2.10297
1.16085 2.10297 1.15128 2.10577
1.15128 2.10577 1.14168 2.10845
1.14168 2.10845 1.13205 2.11103
1.13205 2.11103 1.12239 2.11349
1.12239 2.11349 1.1127 2.11585
1.1127 2.11585 1.10299 2.1181
1.10299 2.1181 1.09325 2.12024
1.09325 2.12024 1.08349 2.12227
1.08349 2.12227 1.07371 2.12419
1.07371 2.12419 1.0639 2.126
1.0639 2.126 1.05408 2.12771
1.05408 2.12771 1.04424 2.1293
1.04424 2.1293 1.03438 2.13077
1.03438 2.13077 1.0245 2.13214
1.0245 2.13214 1.01461 2.1334
1.01461 2.1334 1.00471 2.13455
1.00471 2.13455 0.994792 2.13558
0.994792 2.13558 0.984865 2.1365
0.984865 2.1365 0.974928 2.13732
0.974928 2.13732 0.964982 2.13802
0.964982 2.13802 0.95503 2.1386
0.95503 2.1386 0.945071 2.13908
0.945071 2.13908 0.935108 2.13944
0.935108 2.13944 0.925141 2.1397
0.925141 2.1397 0.915172 2.13984
0.915172 2.13984 0.905202 2.13986
0.905202 2.13986 0.895233 2.13978
0.895233 2.13978 0.885265 2.13958
0.885265 2.13958 0.875299 2.13928
0.875299 2.13928 0.865338 2.13886
0.865338 2.13886 0.855383 2.13832
0.855383 2.13832 0.845433 2.13768
0.845433 2.13768 0.835492 2.13692
0.835492 2.13692 0.82556 2.13606
0.82556 2.13606 0.815638 2.13508
0.815638 2.13508 0.805728 2.13399
0.805728 2.13399 0.795831 2.13279
0.795831 2.13279 0.785948 2.13147
0.785948 2.13147 0.77608 2.13005
0.77608 2.13005 0.766229 2.12851
0.766229 2.12851 0.756395 2.12687
0.756395 2.12687 0.746581 2.12511
0.746581 2.12511 0.736788 2.12325
0.736788 2.12325 0.727015 2.12127
0.727015 2.12127 0.717266 2.11919
0.717266 2.11919 0.707541 2.11699
0.707541 2.11699 0.697841 2.11469
0.697841 2.11469 0.688167 2.11227
0.688167 2.11227 0.678521 2.10975
0.678521 2.10975 0.668905 2.10712
0.668905 2.10712 0.659318 2.10438
0.659318 2.10438 0.649763 2.10154
0.649763 2.10154 0.64024 2.09858
0.64024 2.09858 0.630751 2.09553
0.630751 2.09553 0.621297 2.09236
0.621297 2.09236 0.611879 2.08909
0.611879 2.08909 0.602499 2.08571
0.602499 2.08571 0.593157 2.08223
0.593157 2.08223 0.583855 2.07864
0.583855 2.07864 0.574594 2.07495
0.574594 2.07495 0.565375 2.07115
0.565375 2.07115 0.556199 2.06725
0.556199 2.06725 0.547068 2.06325
0.547068 2.06325 0.537982 2.05914
0.537982 2.05914 0.528943 2.05494
0.528943 2.05494 0.519951 2.05063
0.519951 2.05063 0.511009 2.04622
0.511009 2.04622 0.502117 2.04171
0.502117 2.04171 0.493276 2.0371
0.493276 2.0371 0.484487 2.0324
0.484487 2.0324 0.475752 2.02759
0.475752 2.02759 0.467072 2.02269
0.467072 2.02269 0.458447 2.01769
0.458447 2.01769 0.449879 2.01259
0.449879 2.01259 0.441368 2.00739
0.441368 2.00739 0.432917 2.00211
0.432917 2.00211 0.424526 1.99672
0.424526 1.99672 0.416195 1.99124
0.416195 1.99124 0.407927 1.98567
0.407927 1.98567 0.399722 1.98001
0.399722 1.98001 0.391581 1.97425
0.391581 1.97425 0.383505 1.96841
0.383505 1.96841 0.375496 1.96247
0.375496 1.96247 0.367553 1.95644
0.367553 1.95644 0.359679 1.95033
0.359679 1.95033 0.351875 1.94412
0.351875 1.94412 0.34414 1.93783
0.34414 1.93783 0.336477 1.93146
0.336477 1.93146 0.328885 1.92499
0.328885 1.92499 0.321367 1.91844
0.321367 1.91844 0.313923 1.91181
0.313923 1.91181 0.306554 1.9051
0.306554 1.9051 0.299261 1.8983
0.299261 1.8983 0.292045 1.89142
0.292045 1.89142 0.284907 1.88446
0.284907 1.88446 0.277847 1.87742
0.277847 1.87742 0.270867 1.8703
0.270867 1.8703 0.263967 1.8631
0.263967 1.8631 0.257149 1.85583
0.257149 1.85583 0.250412 1.84848
0.250412 1.84848 0.243759 1.84105
0.243759 1.84105 0.23719 1.83355
0.23719 1.83355 0.230705 1.82598
0.230705 1.82598 0.224306 1.81834
0.224306 1.81834 0.217994 1.81062
0.217994 1.81062 0.211768 1.80283
0.211768 1.80283 0.205631 1.79498
0.205631 1.79498 0.199582 1.78705
0.199582 1.78705 0.193622 1.77906
0.193622 1.77906 0.187753 1.771
0.187753 1.771 0.181975 1.76287
0.181975 1.76287 0.176288 1.75468
0.176288 1.75468 0.170694 1.74643
0.170694 1.74643 0.165193 1.73812
0.165193 1.73812 0.159785 1.72974
0.159785 1.72974 0.154473 1.7213
0.154473 1.7213 0.149255 1.71281
0.149255 1.71281 0.144133 1.70425
0.144133 1.70425 0.139108 1.69564
0.139108 1.69564 0.134179 1.68698
0.134179 1.68698 0.129349 1.67826
0.129349 1.67826 0.124617 1.66948
0.124617 1.66948 0.119983 1.66065
0.119983 1.66065 0.11545 1.65177
0.11545 1.65177 0.111016 1.64284
0.111016 1.64284 0.106683 1.63386
0.106683 1.63386 0.102451 1.62484
0.102451 1.62484 0.0983211 1.61576
0.0983211 1.61576 0.0942933 1.60664
0.0942933 1.60664 0.0903682 1.59748
0.0903682 1.59748 0.0865464 1.58827
0.0865464 1.58827 0.0828283 1.57902
0.0828283 1.57902 0.0792145 1.56973
0.0792145 1.56973 0.0757053 1.56039
0.0757053 1.56039 0.0723012 1.55102
0.0723012 1.55102 0.0690027 1.54161
0.0690027 1.54161 0.0658101 1.53217
0.0658101 1.53217 0.0627239 1.52269
0.0627239 1.52269 0.0597444 1.51317
0.0597444 1.51317 0.0568721 1.50363
0.0568721 1.50363 0.0541072 1.49405
0.0541072 1.49405 0.0514502 1.48444
0.0514502 1.48444 0.0489014 1.4748
0.0489014 1.4748 0.046461 1.46513
0.046461 1.46513 0.0441295 1.45544
0.0441295 1.45544 0.0419071 1.44572
0.0419071 1.44572 0.039794 1.43598
0.039794 1.43598 0.0377906 1.42621
0.0377906 1.42621 0.0358971 1.41642
0.0358971 1.41642 0.0341138 1.40661
0.0341138 1.40661 0.0324408 1.39679
0.0324408 1.39679 0.0308784 1.38694
0.0308784 1.38694 0.0294267 1.37707
0.0294267 1.37707 0.0280861 1.3672
0.0280861 1.3672 0.0268565 1.3573
0.0268565 1.3573 0.0257382 1.34739
0.0257382 1.34739 0.0247314 1.33748
0.0247314 1.33748 0.0238361 1.32755
0.0238361 1.32755 0.0230525 1.31761
0.0230525 1.31761 0.0223806 1.30766
0.0223806 1.30766 0.0218206 1.2977
0.0218206 1.2977 0.0213725 1.28775
0.0213725 1.28775 0.0210364 1.27778
0.0210364 1.27778 0.0208122 1.26781
0.0208122 1.26781 0.0207002 1.25784
0.0207002 1.25784 0.0207002 1.24787
0.0207002 1.24787 0.0208122 1.2379
0.0208122 1.2379 0.0210364 1.22794
0.0210364 1.22794 0.0213725 1.21797
0.0213725 1.21797 0.0218206 1.20801
0.0218206 1.20801 0.0223806 1.19806
0.0223806 1.19806 0.0230525 1.18811
0.0230525 1.18811 0.0238361 1.17817
0.0238361 1.17817 0.0247314 1.16824
0.0247314 1.16824 0.0257382 1.15832
0.0257382 1.15832 0.0268565 1.14842
0.0268565 1.14842 0.0280861 1.13852
0.0280861 1.13852 0.0294267 1.12864
0.0294267 1.12864 0.0308784 1.11878
0.0308784 1.11878 0.0324408 1.10893
0.0324408 1.10893 0.0341138 1.0991
0.0341138 1.0991 0.0358971 1.0893
0.0358971 1.0893 0.0377906 1.07951
0.0377906 1.07951 0.039794 1.06974
0.039794 1.06974 0.0419071 1.06
0.0419071 1.06 0.0441295 1.05028
0.0441295 1.05028 0.046461 1.04058
0.046461 1.04058 0.0489014 1.03092
0.0489014 1.03092 0.0514502 1.02128
0.0514502 1.02128 0.0541072 1.01167
0.0541072 1.01167 0.0568721 1.00209
0.0568721 1.00209 0.0597444 0.992543
0.0597444 0.992543 0.0627239 0.983029
0.0627239 0.983029 0.0658101 0.973548
0.0658101 0.973548 0.0690027 0.964103
0.0690027 0.964103 0.0723012 0.954695
0.0723012 0.954695 0.0757053 0.945324
0.0757053 0.945324 0.0792145 0.935992
0.0792145 0.935992 0.0828283 0.9267
0.0828283 0.9267 0.0865464 0.917449
0.0865464 0.917449 0.0903682 0.908241
0.0903682 0.908241 0.0942933 0.899076
0.0942933 0.899076 0.0983211 0.889956
0.0983211 0.889956 0.102451 0.880882
0.102451 0.880882 0.106683 0.871855
0.106683 0.871855 0.111016 0.862875
0.111016 0.862875 0.11545 0.853946
0.11545 0.853946 0.119983 0.845066
0.119983 0.845066 0.124617 0.836238
0.124617 0.836238 0.129349 0.827463
0.129349 0.827463 0.134179 0.818741
0.134179 0.818741 0.139108 0.810074
0.139108 0.810074 0.144133 0.801464
0.144133 0.801464 0.149255 0.79291
0.149255 0.79291 0.154473 0.784414
0.154473 0.784414 0.159785 0.775978
0.159785 0.775978 0.165193 0.767601
0.165193 0.767601 0.170694 0.759287
0.170694 0.759287 0.176288 0.751034
0.176288 0.751034 0.181975 0.742845
0.181975 0.742845 0.187753 0.73472
0.187753 0.73472 0.193622 0.726661
0.193622 0.726661 0.199582 0.718668
0.199582 0.718668 0.205631 0.710743
0.205631 0.710743 0.211768 0.702886
0.211768 0.702886 0.217994 0.695099
0.217994 0.695099 0.224306 0.687382
0.224306 0.687382 0.230705 0.679736
0.230705 0.679736 0.23719 0.672163
0.23719 0.672163 0.243759 0.664664
0.243759 0.664664 0.250412 0.657238
0.250412 0.657238 0.257149 0.649888
0.257149 0.649888 0.263967 0.642614
0.263967 0.642614 0.270867 0.635417
0.270867 0.635417 0.277847 0.628298
0.277847 0.628298 0.284907 0.621259
0.284907 0.621259 0.292045 0.614298
0.292045 0.614298 0.299261 0.607419
0.299261 0.607419 0.306554 0.600621
0.306554 0.600621 0.313923 0.593906
0.313923 0.593906 0.321367 0.587273
0.321367 0.587273 0.328885 0.580725
0.328885 0.580725 0.336477 0.574262
0.336477 0.574262 0.34414 0.567884
0.34414 0.567884 0.351875 0.561593
0.351875 0.561593 0.359679 0.55539
0.359679 0.55539 0.367553 0.549274
0.367553 0.549274 0.375496 0.543248
0.375496 0.543248 0.383505 0.537311
0.383505 0.537311 0.391581 0.531464
0.391581 0.531464 0.399722 0.525709
0.399722 0.525709 0.407927 0.520045
0.407927 0.520045 0.416195 0.514474
0.416195 0.514474 0.424526 0.508996
0.424526 0.508996 0.432917 0.503613
0.432917 0.503613 0.441368 0.498323
0.441368 0.498323 0.449879 0.49313
0.449879 0.49313 0.458447 0.488032
0.458447 0.488032 0.467072 0.483031
0.467072 0.483031 0.475752 0.478127
0.475752 0.478127 0.484487 0.473321
0.484487 0.473321 0.493276 0.468613
0.493276 0.468613 0.502117 0.464005
0.502117 0.464005 0.511009 0.459496
0.511009 0.459496 0.519951 0.455088
0.519951 0.455088 0.528943 0.45078
0.528943 0.45078 0.537982 0.446573
0.537982 0.446573 0.547068 0.442469
0.547068 0.442469 0.556199 0.438467
0.556199 0.438467 0.565375 0.434567
0.565375 0.434567 0.574594 0.430771
0.574594 0.430771 0.583855 0.427079
0.583855 0.427079 0.593157 0.423492
0.593157 0.423492 0.602499 0.420009
0.602499 0.420009 0.611879 0.416631
0.611879 0.416631 0.621297 0.413359
0.621297 0.413359 0.630751 0.410193
0.630751 0.410193 0.64024 0.407133
0.64024 0.407133 0.649763 0.40418
0.649763 0.40418 0.659318 0.401335
0.659318 0.401335 0.668905 0.398597
0.668905 0.398597 0.678521 0.395967
0.678521 0.395967 0.688167 0.393445
0.688167 0.393445 0.697841 0.391032
0.697841 0.391032 0.707541 0.388728
0.707541 0.388728 0.717266 0.386533
0.717266 0.386533 0.727015 0.384447
0.727015 0.384447 0.736788 0.382471
0.736788 0.382471 0.746581 0.380605
0.746581 0.380605 0.756395 0.378849
0.756395 0.378849 0.766229 0.377204
0.766229 0.377204 0.77608 0.375669
0.77608 0.375669 0.785948 0.374245
0.785948 0.374245 0.795831 0.372932
0.795831 0.372932 0.805728 0.371731
0.805728 0.371731 0.815638 0.37064
0.815638 0.37064 0.82556 0.369661
0.82556 0.369661 0.835492 0.368794
0.835492 0.368794 0.845433 0.368038
0.845433 0.368038 0.855383 0.367394
0.855383 0.367394 0.865338 0.366862
0.865338 0.366862 0.875299 0.366442
0.875299 0.366442 0.885265 0.366134
0.885265 0.366134 0.895233 0.365938
0.895233 0.365938 0.905202 0.365854
0.905202 0.365854 0.915172 0.365882
0.915172 0.365882 0.925141 0.366022
0.925141 0.366022 0.935108 0.366274
0.935108 0.366274 0.945071 0.366638
0.945071 0.366638 0.95503 0.367114
0.95503 0.367114 0.964982 0.367702
0.964982 0.367702 0.974928 0.368402
0.974928 0.368402 0.984865 0.369214
0.984865 0.369214 0.994792 0.370137
0.994792 0.370137 1.00471 0.371172
1.00471 0.371172 1.01461 0.372318
1.01461 0.372318 1.0245 0.373575
1.0245 0.373575 1.03438 0.374943
1.03438 0.374943 1.04424 0.376423
1.04424 0.376423 1.05408 0.378013
1.05408 0.378013 1.0639 0.379714
1.0639 0.379714 1.07371 0.381524
1.07371 0.381524 1.08349 0.383445
1.08349 0.383445 1.09325 0.385476
1.09325 0.385476 1.10299 0.387617
1.10299 0.387617 1.1127 0.389866
1.1127 0.389866 1.12239 0.392225
1.12239 0.392225 1.13205 0.394693
1.13205 0.394693 1.14168 0.397269
1.14168 0.397269 1.15128 0.399953
1.15128 0.399953 1.16085 0.402744
1.16085 0.402744 1.17039 0.405643
1.17039 0.405643 1.1799 0.40865
1.1799 0.40865 1.18937 0.411762
1.18937 0.411762 1.19881 0.414982
1.19881 0.414982 1.20821 0.418307
1.20821 0.418307 1.21757 0.421737
1.21757 0.421737 1.22689 0.425272
1.22689 0.425272 1.23617 0.428912
1.23617 0.428912 1.24541 0.432656
1.24541 0.432656 1.25461 0.436504
1.25461 0.436504 1.26376 0.440455
1.26376 0.440455 1.27287 0.444508
1.27287 0.444508 1.28193 0.448664
1.28193 0.448664 1.29095 0.452921
1.29095 0.452921 1.29992 0.457279
1.29992 0.457279 1.30883 0.461738
1.30883 0.461738 1.3177 0.466297
1.3177 0.466297 1.32651 0.470955
1.32651 0.470955 1.33528 0.475712
1.33528 0.475712 1.34398 0.480567
1.34398 0.480567 1.35264 0.485519
1.35264 0.485519 1.36123 0.490569
1.36123 0.490569 1.36977 0.495715
1.36977 0.495715 1.37825 0.500956
1.37825 0.500956 1.38668 0.506293
1.38668 0.506293 1.39504 0.511723
1.39504 0.511723 1.40334 0.517248
1.40334 0.517248 1.41157 0.522865
1.41157 0.522865 1.41975 0.528575
1.41975 0.528575 1.42785 0.534376
1.42785 0.534376 1.4359 0.540268
1.4359 0.540268 1.44387 0.54625
1.44387 0.54625 1.45178 0.552321
1.45178 0.552321 1.45962 0.558481
1.45962 0.558481 1.46739 0.564728
1.46739 0.564728 1.47509 0.571062
1.47509 0.571062 1.48272 0.577483
1.48272 0.577483 1.49027 0.583989
1.49027 0.583989 1.49775 0.590579
1.49775 0.590579 1.50516 0.597253
1.50516 0.597253 1.51249 0.60401
1.51249 0.60401 1.51975 0.610849
1.51975 0.610849 1.52692 0.617768
1.52692 0.617768 1.53402 0.624769
1.53402 0.624769 1.54104 0.631848
1.54104 0.631848 1.54798 0.639006
1.54798 0.639006 1.55484 0.646242
1.55484 0.646242 1.56162 0.653554
1.56162 0.653554 1.56831 0.660941
1.56831 0.660941 1.57493 0.668404
1.57493 0.668404 1.58145 0.675941
1.58145 0.675941 1.58789 0.68355
1.58789 0.68355 1.59425 0.691231
1.59425 0.691231 1.60052 0.698983
1.60052 0.698983 1.6067 0.706806
1.6067 0.706806 1.61279 0.714697
1.61279 0.714697 1.6188 0.722656
1.6188 0.722656 1.62471 0.730682
1.62471 0.730682 1.63054 0.738774
1.63054 0.738774 1.63627 0.746931
1.63627 0.746931 1.64191 0.755152
1.64191 0.755152 1.64746 0.763436
1.64746 0.763436 1.65291 0.771782
1.65291 0.771782 1.65827 0.780188
1.65827 0.780188 1.66354 0.788655
1.66354 0.788655 1.66871 0.79718
1.66871 0.79718 1.67378 0.805762
1.67378 0.805762 1.67876 0.814401
1.67876 0.814401 1.68364 0.823095
1.68364 0.823095 1.68842 0.831844
1.68842 0.831844 1.6931 0.840646
1.6931 0.840646 1.69769 0.849499
1.69769 0.849499 1.70217 0.858404
1.70217 0.858404 1.70655 0.867359
1.70655 0.867359 1.71084 0.876362
1.71084 0.876362 1.71502 0.885413
1.71502 0.885413 1.7191 0.894511
1.7191 0.894511 1.72307 0.903653
1.72307 0.903653 1.72695 0.91284
1.72695 0.91284 1.73072 0.92207
1.73072 0.92207 1.73438 0.931341
1.73438 0.931341 1.73794 0.940653
1.73794 0.940653 1.7414 0.950005
1.7414 0.950005 1.74475 0.959395
1.74475 0.959395 1.748 0.968821
1.748 0.968821 1.75114 0.978284
1.75114 0.978284 1.75417 0.987782
1.75417 0.987782 1.75709 0.997313
1.75709 0.997313 1.75991 1.00688
1.75991 1.00688 1.76262 1.01647
1.76262 1.01647 1.76523 1.02609
1.76523 1.02609 1.76772 1.03575
1.76772 1.03575 1.77011 1.04543
1.77011 1.04543 1.77238 1.05513
1.77238 1.05513 1.77455 1.06487
1.77455 1.06487 1.77661 1.07462
1.77661 1.07462 1.77856 1.0844
1.77856 1.0844 1.7804 1.0942
1.7804 1.0942 1.78213 1.10402
1.78213 1.10402 1.78374 1.11385
1.78374 1.11385 1.78525 1.12371
1.78525 1.12371 1.78665 1.13358
1.78665 1.13358 1.78793 1.14347
1.78793 1.14347 1.78911 1.15337
1.78911 1.15337 1.79017 1.16328
1.79017 1.16328 1.79112 1.17321
1.79112 1.17321 1.79196 1.18314
1.79196 1.18314 1.79269 1.19308
1.79269 1.19308 1.7933 1.20304
1.7933 1.20304 1.79381 1.21299
1.79381 1.21299 1.7942 1.22295
1.7942 1.22295 1.79448 1.23292
1.79448 1.23292 1.79465 1.24289
1.79465 1.24289 1.7947 1.25286
