1 0 0.999801 0.0199617
0.999801 0.0199617 0.999203 0.0399155
0.999203 0.0399155 0.997828 0.0598187
0.997828 0.0598187 0.992028 0.0788614
0.992028 0.0788614 0.98204 0.0961094
0.98204 0.0961094 0.969357 0.111506
0.969357 0.111506 0.95504 0.125409
0.95504 0.125409 0.939756 0.138247
0.939756 0.138247 0.923946 0.150435
0.923946 0.150435 0.907953 0.162383
0.907953 0.162383 0.89213 0.174553
0.89213 0.174553 0.87697 0.187534
0.87697 0.187534 0.863369 0.20212
0.863369 0.20212 0.853026 0.219129
0.853026 0.219129 0.848136 0.238396
0.848136 0.238396 0.84901 0.258288
0.84901 0.258288 0.853737 0.277665
0.853737 0.277665 0.860493 0.296446
0.860493 0.296446 0.868157 0.314878
0.868157 0.314878 0.876029 0.333224
0.876029 0.333224 0.883582 0.351702
0.883582 0.351702 0.890309 0.370495
0.890309 0.370495 0.89561 0.389733
0.89561 0.389733 0.89867 0.409444
0.89867 0.409444 0.898366 0.429371
0.898366 0.429371 0.893445 0.448657
0.893445 0.448657 0.884518 0.466506
0.884518 0.466506 0.87503 0.484069
0.87503 0.484069 0.865192 0.50144
0.865192 0.50144 0.85501 0.518611
0.85501 0.518611 0.844488 0.535575
0.844488 0.535575 0.833168 0.551995
0.833168 0.551995 0.818333 0.565272
0.818333 0.565272 0.8009 0.574936
0.8009 0.574936 0.782141 0.581722
0.782141 0.581722 0.762755 0.586462
0.762755 0.586462 0.743084 0.589849
0.743084 0.589849 0.723292 0.592454
0.723292 0.592454 0.703468 0.594804
0.703468 0.594804 0.683686 0.597485
0.683686 0.597485 0.664093 0.601278
0.664093 0.601278 0.6451 0.607357
0.6451 0.607357 0.627855 0.617294
0.627855 0.617294 0.614369 0.631897
0.614369 0.631897 0.605539 0.649748
0.605539 0.649748 0.60017 0.668959
0.60017 0.668959 0.596746 0.688622
0.596746 0.688622 0.59421 0.708423
0.59421 0.708423 0.591847 0.728246
0.591847 0.728246 0.589096 0.748017
0.589096 0.748017 0.585428 0.767637
0.585428 0.767637 0.580248 0.786909
0.580248 0.786909 0.572824 0.805421
0.572824 0.805421 0.562309 0.822348
0.562309 0.822348 0.548091 0.836276
0.548091 0.836276 0.531354 0.84715
0.531354 0.84715 0.514337 0.857588
0.514337 0.857588 0.497116 0.867684
0.497116 0.867684 0.479696 0.877435
0.479696 0.877435 0.462086 0.886835
0.462086 0.886835 0.443972 0.89516
0.443972 0.89516 0.424403 0.898829
0.424403 0.898829 0.404479 0.898171
0.404479 0.898171 0.384878 0.894458
0.384878 0.894458 0.365759 0.888734
0.365759 0.888734 0.347059 0.88175
0.347059 0.88175 0.328633 0.874072
0.328633 0.874072 0.310288 0.866198
0.310288 0.866198 0.291794 0.858685
0.291794 0.858685 0.272884 0.852307
0.272884 0.852307 0.253343 0.848343
0.253343 0.848343 0.233448 0.848776
0.233448 0.848776 0.214628 0.855178
0.214628 0.855178 0.198273 0.866547
0.198273 0.866547 0.184173 0.880659
0.184173 0.880659 0.17146 0.896047
0.17146 0.896047 0.159395 0.911951
0.159395 0.911951 0.147427 0.927929
0.147427 0.927929 0.135115 0.943641
0.135115 0.943641 0.122049 0.958731
0.122049 0.958731 0.107814 0.972714
0.107814 0.972714 0.0919799 0.984842
0.0919799 0.984842 0.0742495 0.993933
0.0742495 0.993933 0.054868 0.99845
0.054868 0.99845 0.0349282 0.99939
0.0349282 0.99939 0.0149717 0.999888
0.0149717 0.999888 -0.00499074 0.999988
-0.00499074 0.999988 -0.0249512 0.999689
-0.0249512 0.999689 -0.0449018 0.998991
-0.0449018 0.998991 -0.0647129 0.996856
-0.0647129 0.996856 -0.0833561 0.98986
-0.0833561 0.98986 -0.100121 0.979072
-0.100121 0.979072 -0.115105 0.965899
-0.115105 0.965899 -0.128702 0.95129
-0.128702 0.95129 -0.14134 0.935839
-0.14134 0.935839 -0.153428 0.919952
-0.153428 0.919952 -0.165384 0.903966
-0.165384 0.903966 -0.177695 0.888252
-0.177695 0.888252 -0.190995 0.873375
-0.190995 0.873375 -0.206123 0.860389
-0.206123 0.860389 -0.223783 0.851226
-0.223783 0.851226 -0.243379 0.847871
-0.243379 0.847871 -0.263196 0.849915
-0.263196 0.849915 -0.282408 0.85529
-0.282408 0.85529 -0.301076 0.862356
-0.301076 0.862356 -0.319464 0.870127
-0.319464 0.870127 -0.337823 0.877966
-0.337823 0.877966 -0.356365 0.885362
-0.356365 0.885362 -0.375259 0.891795
-0.375259 0.891795 -0.39462 0.896623
-0.39462 0.896623 -0.414426 0.89896
-0.414426 0.89896 -0.434304 0.897611
-0.434304 0.897611 -0.453208 0.891399
-0.453208 0.891399 -0.470914 0.882179
-0.470914 0.882179 -0.48843 0.872603
-0.48843 0.872603 -0.505752 0.862679
-0.505752 0.862679 -0.522872 0.852412
-0.522872 0.852412 -0.539783 0.841804
-0.539783 0.841804 -0.55567 0.829793
-0.55567 0.829793 -0.568005 0.814158
-0.568005 0.814158 -0.576869 0.796299
-0.576869 0.796299 -0.583069 0.777335
-0.583069 0.777335 -0.587412 0.757855
-0.587412 0.757855 -0.590553 0.738143
-0.590553 0.738143 -0.593044 0.718336
-0.593044 0.718336 -0.595417 0.698515
-0.595417 0.698515 -0.598291 0.678761
-0.598291 0.678761 -0.602527 0.659261
-0.602527 0.659261 -0.609417 0.640555
-0.609417 0.640555 -0.620526 0.624054
-0.620526 0.624054 -0.636143 0.611748
-0.636143 0.611748 -0.654474 0.603938
-0.654474 0.603938 -0.673851 0.599181
-0.673851 0.599181 -0.693566 0.596061
-0.693566 0.596061 -0.71338 0.593627
-0.71338 0.593627 -0.733196 0.591216
-0.733196 0.591216 -0.752942 0.588287
-0.752942 0.588287 -0.772499 0.584301
-0.772499 0.584301 -0.791631 0.578635
-0.791631 0.578635 -0.809847 0.570518
-0.809847 0.570518 -0.826177 0.559109
-0.826177 0.559109 -0.8391 0.543977
-0.8391 0.543977 -0.849791 0.527119
-0.849791 0.527119 -0.860144 0.510051
-0.860144 0.510051 -0.870154 0.492779
-0.870154 0.492779 -0.879818 0.475311
-0.879818 0.475311 -0.88913 0.457654
-0.88913 0.457654 -0.896547 0.439179
-0.896547 0.439179 -0.89902 0.419416
-0.89902 0.419416 -0.897483 0.399536
-0.897483 0.399536 -0.893182 0.380053
-0.893182 0.380053 -0.887082 0.361049
-0.887082 0.361049 -0.879876 0.342434
-0.879876 0.342434 -0.872102 0.324047
-0.872102 0.324047 -0.864261 0.305688
-0.864261 0.305688 -0.856945 0.287116
-0.856945 0.287116 -0.851024 0.268061
-0.851024 0.268061 -0.847951 0.248368
-0.847951 0.248368 -0.849805 0.228566
-0.849805 0.228566 -0.857645 0.210291
-0.857645 0.210291 -0.869892 0.194569
-0.869892 0.194569 -0.884425 0.180897
-0.884425 0.180897 -0.899995 0.168407
-0.899995 0.168407 -0.915952 0.156412
-0.915952 0.156412 -0.931895 0.144397
-0.931895 0.144397 -0.947488 0.131935
-0.947488 0.131935 -0.962354 0.118617
-0.962354 0.118617 -0.975958 0.104021
-0.975958 0.104021 -0.987456 0.0877293
-0.987456 0.0877293 -0.995551 0.069529
-0.995551 0.069529 -0.998755 0.0498869
-0.998755 0.0498869 -0.999552 0.0299401
-0.999552 0.0299401 -0.99995 0.00998136
-0.99995 0.00998136 -0.99995 -0.00998136
-0.99995 -0.00998136 -0.999552 -0.0299401
-0.999552 -0.0299401 -0.998755 -0.0498869
-0.998755 -0.0498869 -0.995551 -0.069529
-0.995551 -0.069529 -0.987456 -0.0877293
-0.987456 -0.0877293 -0.975958 -0.104021
-0.975958 -0.104021 -0.962354 -0.118617
-0.962354 -0.118617 -0.947488 -0.131935
-0.947488 -0.131935 -0.931895 -0.144397
-0.931895 -0.144397 -0.915952 -0.156412
-0.915952 -0.156412 -0.899995 -0.168407
-0.899995 -0.168407 -0.884425 -0.180897
-0.884425 -0.180897 -0.869892 -0.194569
-0.869892 -0.194569 -0.857645 -0.210291
-0.857645 -0.210291 -0.849805 -0.228566
-0.849805 -0.228566 -0.847951 -0.248368
-0.847951 -0.248368 -0.851024 -0.268061
-0.851024 -0.268061 -0.856945 -0.287116
-0.856945 -0.287116 -0.864261 -0.305688
-0.864261 -0.305688 -0.872102 -0.324047
-0.872102 -0.324047 -0.879876 -0.342434
-0.879876 -0.342434 -0.887082 -0.361049
-0.887082 -0.361049 -0.893182 -0.380053
-0.893182 -0.380053 -0.897483 -0.399536
-0.897483 -0.399536 -0.89902 -0.419416
-0.89902 -0.419416 -0.896547 -0.439179
-0.896547 -0.439179 -0.88913 -0.457654
-0.88913 -0.457654 -0.879818 -0.475311
-0.879818 -0.475311 -0.870154 -0.492779
-0.870154 -0.492779 -0.860144 -0.510051
-0.860144 -0.510051 -0.849791 -0.527119
-0.849791 -0.527119 -0.8391 -0.543977
-0.8391 -0.543977 -0.826177 -0.559109
-0.826177 -0.559109 -0.809847 -0.570518
-0.809847 -0.570518 -0.791631 -0.578635
-0.791631 -0.578635 -0.772499 -0.584301
-0.772499 -0.584301 -0.752942 -0.588287
-0.752942 -0.588287 -0.733196 -0.591216
-0.733196 -0.591216 -0.71338 -0.593627
-0.71338 -0.593627 -0.693566 -0.596061
-0.693566 -0.596061 -0.673851 -0.599181
-0.673851 -0.599181 -0.654474 -0.603938
-0.654474 -0.603938 -0.636143 -0.611748
-0.636143 -0.611748 -0.620526 -0.624054
-0.620526 -0.624054 -0.609417 -0.640555
-0.609417 -0.640555 -0.602527 -0.659261
-0.602527 -0.659261 -0.598291 -0.678761
-0.598291 -0.678761 -0.595417 -0.698515
-0.595417 -0.698515 -0.593044 -0.718336
-0.593044 -0.718336 -0.590553 -0.738143
-0.590553 -0.738143 -0.587412 -0.757855
-0.587412 -0.757855 -0.583069 -0.777335
-0.583069 -0.777335 -0.576869 -0.796299
-0.576869 -0.796299 -0.568005 -0.814158
-0.568005 -0.814158 -0.55567 -0.829793
-0.55567 -0.829793 -0.539783 -0.841804
-0.539783 -0.841804 -0.522872 -0.852412
-0.522872 -0.852412 -0.505752 -0.862679
-0.505752 -0.862679 -0.48843 -0.872603
-0.48843 -0.872603 -0.470914 -0.882179
-0.470914 -0.882179 -0.453208 -0.891399
-0.453208 -0.891399 -0.434304 -0.897611
-0.434304 -0.897611 -0.414426 -0.89896
-0.414426 -0.89896 -0.39462 -0.896623
-0.39462 -0.896623 -0.375259 -0.891795
-0.375259 -0.891795 -0.356365 -0.885362
-0.356365 -0.885362 -0.337823 -0.877966
-0.337823 -0.877966 -0.319464 -0.870127
-0.319464 -0.870127 -0.301076 -0.862356
-0.301076 -0.862356 -0.282408 -0.85529
-0.282408 -0.85529 -0.263196 -0.849915
-0.263196 -0.849915 -0.243379 -0.847871
-0.243379 -0.847871 -0.223783 -0.851226
-0.223783 -0.851226 -0.206123 -0.860389
-0.206123 -0.860389 -0.190995 -0.873375
-0.190995 -0.873375 -0.177695 -0.888252
-0.177695 -0.888252 -0.165384 -0.903966
-0.165384 -0.903966 -0.153428 -0.919952
-0.153428 -0.919952 -0.14134 -0.935839
-0.14134 -0.935839 -0.128702 -0.95129
-0.128702 -0.95129 -0.115105 -0.965899
-0.115105 -0.965899 -0.100121 -0.979072
-0.100121 -0.979072 -0.0833561 -0.98986
-0.0833561 -0.98986 -0.0647129 -0.996856
-0.0647129 -0.996856 -0.0449018 -0.998991
-0.0449018 -0.998991 -0.0249512 -0.999689
-0.0249512 -0.999689 -0.00499074 -0.999988
-0.00499074 -0.999988 0.0149717 -0.999888
0.0149717 -0.999888 0.0349282 -0.99939
0.0349282 -0.99939 0.054868 -0.99845
0.054868 -0.99845 0.0742495 -0.993933
0.0742495 -0.993933 0.0919799 -0.984842
0.0919799 -0.984842 0.107814 -0.972714
0.107814 -0.972714 0.122049 -0.958731
0.122049 -0.958731 0.135115 -0.943641
0.135115 -0.943641 0.147427 -0.927929
0.147427 -0.927929 0.159395 -0.911951
0.159395 -0.911951 0.17146 -0.896047
0.17146 -0.896047 0.184173 -0.880659
0.184173 -0.880659 0.198273 -0.866547
0.198273 -0.866547 0.214628 -0.855178
0.214628 -0.855178 0.233448 -0.848776
0.233448 -0.848776 0.253343 -0.848343
0.253343 -0.848343 0.272884 -0.852307
0.272884 -0.852307 0.291794 -0.858685
0.291794 -0.858685 0.310288 -0.866198
0.310288 -0.866198 0.328633 -0.874072
0.328633 -0.874072 0.347059 -0.88175
0.347059 -0.88175 0.365759 -0.888734
0.365759 -0.888734 0.384878 -0.894458
0.384878 -0.894458 0.404479 -0.898171
0.404479 -0.898171 0.424403 -0.898829
0.424403 -0.898829 0.443972 -0.89516
0.443972 -0.89516 0.462086 -0.886835
0.462086 -0.886835 0.479696 -0.877435
0.479696 -0.877435 0.497116 -0.867684
0.497116 -0.867684 0.514337 -0.857588
0.514337 -0.857588 0.531354 -0.84715
0.531354 -0.84715 0.548091 -0.836276
0.548091 -0.836276 0.562309 -0.822348
0.562309 -0.822348 0.572824 -0.805421
0.572824 -0.805421 0.580248 -0.786909
0.580248 -0.786909 0.585428 -0.767637
0.585428 -0.767637 0.589096 -0.748017
0.589096 -0.748017 0.591847 -0.728246
0.591847 -0.728246 0.59421 -0.708423
0.59421 -0.708423 0.596746 -0.688622
0.596746 -0.688622 0.60017 -0.668959
0.60017 -0.668959 0.605539 -0.649748
0.605539 -0.649748 0.614369 -0.631897
0.614369 -0.631897 0.627855 -0.617294
0.627855 -0.617294 0.6451 -0.607357
0.6451 -0.607357 0.664093 -0.601278
0.664093 -0.601278 0.683686 -0.597485
0.683686 -0.597485 0.703468 -0.594804
0.703468 -0.594804 0.723292 -0.592454
0.723292 -0.592454 0.743084 -0.589849
0.743084 -0.589849 0.762755 -0.586462
0.762755 -0.586462 0.782141 -0.581722
0.782141 -0.581722 0.8009 -0.574936
0.8009 -0.574936 0.818333 -0.565272
0.818333 -0.565272 0.833168 -0.551995
0.833168 -0.551995 0.844488 -0.535575
0.844488 -0.535575 0.85501 -0.518611
0.85501 -0.518611 0.865192 -0.50144
0.865192 -0.50144 0.87503 -0.484069
0.87503 -0.484069 0.884518 -0.466506
0.884518 -0.466506 0.893445 -0.448657
0.893445 -0.448657 0.898366 -0.429371
0.898366 -0.429371 0.89867 -0.409444
0.89867 -0.409444 0.89561 -0.389733
0.89561 -0.389733 0.890309 -0.370495
0.890309 -0.370495 0.883582 -0.351702
0.883582 -0.351702 0.876029 -0.333224
0.876029 -0.333224 0.868157 -0.314878
0.868157 -0.314878 0.860493 -0.296446
0.860493 -0.296446 0.853737 -0.277665
0.853737 -0.277665 0.84901 -0.258288
0.84901 -0.258288 0.848136 -0.238396
0.848136 -0.238396 0.853026 -0.219129
0.853026 -0.219129 0.863369 -0.20212
0.863369 -0.20212 0.87697 -0.187534
0.87697 -0.187534 0.89213 -0.174553
0.89213 -0.174553 0.907953 -0.162383
0.907953 -0.162383 0.923946 -0.150435
0.923946 -0.150435 0.939756 -0.138247
0.939756 -0.138247 0.95504 -0.125409
0.95504 -0.125409 0.969357 -0.111506
0.969357 -0.111506 0.98204 -0.0961094
0.98204 -0.0961094 0.992028 -0.0788614
0.992028 -0.0788614 0.997828 -0.0598187
0.997828 -0.0598187 0.999203 -0.0399155
0.999203 -0.0399155 0.999801 -0.0199617
0 0 1 0
