0 0.557397 -2.46239
1 1.42192 -7.41446
2 1.53619 -12.3727
3 0.439736 -17.0937
4 -2.14213 -21.0053
5 -6.01843 -23.2477
6 -10.2299 -23.0305
7 -13.0873 -20.38
8 -13.0755 -16.8698
9 -10.5634 -15.1544
10 -8.41502 -16.3932
11 -8.83748 -18.1787
12 -10.0123 -18.0839
13 -9.99874 -17.4449
14 -9.7047 -17.4462
15 -9.70478 -17.5637
16 -9.74655 -17.5637
17 -9.74655 -17.5504
18 -9.74267 -17.5504
19 -9.74267 -17.5514
20 -9.74292 -17.5514
21 -9.74292 -17.5514
22 -9.74291 -17.5514
23 -9.74291 -17.5514
24 -9.74291 -17.5514
25 -9.74291 -17.5514
