# Convergence de la quadrature de Gauss-Legendre vers l'integrale de H_0^(1) sur differents segments (reference = ordre 40)
# ordre_n erreur_[0.01,0.02] erreur_[1.01,1.02] erreur_[10.01,10.02]
1 0.000121994 3.8112e-08 1.04991e-08
2 1.91354e-06 7.16137e-14 5.71351e-15
3 3.85819e-08 1.85269e-18 1.34108e-18
4 8.64647e-10 4.42269e-18 2.23514e-18
5 2.05568e-11 3.49645e-18 1.74822e-18
6 5.0759e-13 2.74284e-18 1.31899e-18
7 1.28474e-14 6.13317e-18 2.23514e-18
8 3.12294e-16 6.99289e-18 2.21135e-18
9 3.87896e-18 4.35844e-18 1.31899e-18
10 1.43049e-17 1.78811e-18 1.34108e-18
11 2.86098e-17 6.13317e-18 2.68217e-18
12 2.82393e-17 6.96932e-18 2.21135e-18
13 1.39858e-17 3.49645e-18 8.94056e-19
14 2.14573e-17 6.99289e-18 2.65795e-18
15 2.82393e-17 6.13317e-18 2.21135e-18
16 1.39858e-17 4.38533e-18 1.37142e-18
17 1.43049e-17 4.35844e-18 1.78811e-18
18 1.38778e-17 1.78811e-18 1.76495e-18
19 3.62221e-17 1.22376e-17 3.97623e-18
20 2.14573e-17 4.38533e-18 1.74822e-18
