# Erreur de quadrature PURE : u+ (BEM, ordre n_q) vs u+ (BEM, ordre nqReference=30) sur le MEME maillage (pasMaillage=0.1)
# k=10 rayon=1 pasMaillage=0.1 idxTroncature=25 R_test=2 nbThetaTest=100 nqReference=30
# n_q_values: 1 2 3 4 5 6 8 10 15 20
# theta erreur_nq1 erreur_nq2 erreur_nq3 erreur_nq4 erreur_nq5 erreur_nq6 erreur_nq8 erreur_nq10 erreur_nq15 erreur_nq20
0 0.000765507 4.09797e-07 1.43658e-10 3.72291e-14 1.24127e-16 1.249e-16 2.22045e-16 3.04364e-16 1.57009e-16 1.94289e-16
0.0628319 0.000772924 4.13704e-07 1.43651e-10 3.70459e-14 1.77722e-16 3.40218e-16 3.66384e-16 4.08158e-16 2.11835e-16 1.11022e-16
0.125664 0.00080749 4.46784e-07 1.58328e-10 4.15806e-14 5.88948e-16 2.34797e-16 6.93889e-18 5.55285e-16 1.83192e-16 3.33139e-16
0.188496 0.000899832 5.58394e-07 2.19279e-10 6.33952e-14 6.86635e-16 3.55716e-16 2.73361e-16 2.61846e-16 4.57757e-16 4.49478e-16
0.251327 0.00107963 7.84043e-07 3.43308e-10 1.05899e-13 2.73361e-16 2.23773e-16 3.43318e-16 6.75322e-16 1.14439e-16 6.86635e-16
0.314159 0.00135795 1.13441e-06 5.38449e-10 1.7493e-13 2.77556e-16 1.11022e-16 2.48253e-16 8.32667e-17 8.32667e-17 2.48253e-16
0.376991 0.00172919 1.61992e-06 8.24093e-10 2.80582e-13 1.24746e-15 4.47545e-16 2.00148e-16 2.22045e-16 2.77556e-16 2.98937e-16
0.439823 0.0021818 2.26173e-06 1.23488e-09 4.45292e-13 3.55445e-16 2.28878e-16 1.75542e-16 2.83052e-16 5.97873e-16 7.21645e-16
0.502655 0.002704 3.09002e-06 1.81963e-09 6.98289e-13 6.70744e-16 6.13141e-16 5.02675e-16 3.88578e-16 4.04127e-16 7.73181e-16
0.565487 0.00328492 4.13976e-06 2.63964e-09 1.08224e-12 6.20634e-16 2.83052e-16 4.996e-16 7.85046e-17 1.66533e-16 1.75542e-16
0.628319 0.00391446 5.44642e-06 3.76744e-09 1.6524e-12 1.45822e-15 1.38778e-16 1.11886e-16 8.90885e-16 4.61319e-16 3.46945e-16
0.69115 0.00458312 7.04307e-06 5.28615e-09 2.48275e-12 1.56321e-15 3.43318e-16 1.38778e-17 4.33556e-16 2.48253e-16 4.49478e-16
0.753982 0.00528204 8.95836e-06 7.28871e-09 3.66523e-12 1.33487e-15 4.96507e-16 4.57757e-16 2.37144e-16 3.05311e-16 2.48253e-16
0.816814 0.00600293 1.12146e-05 9.87434e-09 5.3126e-12 2.19603e-15 2.98937e-16 5.46721e-16 3.7238e-16 1.57009e-16 6.49741e-16
0.879646 0.00673764 1.38243e-05 1.31407e-08 7.54874e-12 3.25818e-15 2.48253e-16 2.77556e-16 2.48253e-16 1.75542e-16 3.51083e-16
0.942478 0.00747767 1.6786e-05 1.7173e-08 1.05062e-11 4.15936e-15 2.28878e-16 1.77722e-16 5.61322e-16 2.28878e-16 3.2398e-16
1.00531 0.00821437 2.00839e-05 2.2038e-08 1.43181e-11 6.13343e-15 2.11835e-16 2.11835e-16 1.30923e-16 1.67111e-16 1.80411e-16
1.06814 0.00894029 2.36943e-05 2.77869e-08 1.91189e-11 8.48522e-15 6.47366e-16 9.5505e-16 2.00148e-16 3.33067e-16 4.96507e-16
1.13097 0.00965046 2.75941e-05 3.44655e-08 2.50442e-11 1.2253e-14 8.67112e-16 7.4476e-16 9.4369e-16 9.4369e-16 5.49532e-16
1.19381 0.0103416 3.17605e-05 4.21083e-08 3.22221e-11 1.58027e-14 2.35922e-16 3.16766e-16 2.88778e-16 3.90802e-16 2.94065e-16
1.25664 0.0110091 3.6156e-05 5.07078e-08 4.07312e-11 2.15923e-14 2.28878e-16 4.47545e-16 2.83052e-16 2.77556e-16 1.75542e-16
1.31947 0.0116457 4.07146e-05 6.01821e-08 5.05676e-11 2.76788e-14 2.28878e-16 5.11788e-16 2.77556e-16 4.33556e-16 2.00148e-16
1.3823 0.0122454 4.53595e-05 7.03931e-08 6.16571e-11 3.47122e-14 2.48253e-16 3.33067e-16 3.51083e-16 3.51083e-16 3.60822e-16
1.44513 0.0128104 5.00454e-05 8.12209e-08 7.38981e-11 4.35023e-14 3.55716e-16 3.11864e-16 1.249e-16 2.25914e-16 1.14439e-16
1.50796 0.013349 5.47709e-05 9.26044e-08 8.72072e-11 5.26795e-14 5.26625e-16 4.57757e-16 4.74287e-16 5.11788e-16 4.00297e-16
1.5708 0.0138631 5.95167e-05 1.0445e-07 1.01433e-10 6.26269e-14 2.7894e-16 7.85046e-17 3.60822e-16 5.33167e-16 6.20634e-17
1.63363 0.014342 6.41767e-05 1.16485e-07 1.16219e-10 7.33121e-14 2.23773e-16 3.55445e-16 2.55894e-16 2.77556e-17 1.68831e-16
1.69646 0.0147781 6.86119e-05 1.28294e-07 1.31017e-10 8.43064e-14 2.98937e-16 2.00148e-16 2.98937e-16 4.00297e-16 4.04127e-16
1.75929 0.0151901 7.28071e-05 1.39609e-07 1.45335e-10 9.55726e-14 4.33778e-16 1.00074e-16 2.55894e-16 1.18572e-16 4.94174e-16
1.82212 0.0156105 7.68931e-05 1.50459e-07 1.58933e-10 1.05329e-13 6.00445e-16 2.55894e-16 2.28878e-16 2.00148e-16 1.00074e-16
1.88496 0.0160401 8.0901e-05 1.60825e-07 1.71582e-10 1.13462e-13 2.98937e-16 2.83052e-16 5.55112e-17 5.55112e-17 1.24127e-16
1.94779 0.0164393 8.45574e-05 1.70125e-07 1.82567e-10 1.21338e-13 7.85046e-17 2.42365e-16 3.94725e-16 1.67111e-16 1.04083e-16
2.01062 0.0167967 8.75479e-05 1.77432e-07 1.90757e-10 1.26822e-13 4.51828e-16 3.60822e-16 1.00074e-16 2.37144e-16 3.43318e-16
2.07345 0.0171809 8.99968e-05 1.8244e-07 1.9548e-10 1.28769e-13 8.16316e-16 7.23777e-16 2.28878e-16 4.33556e-16 8.32667e-17
2.13628 0.0176598 9.23391e-05 1.85769e-07 1.97112e-10 1.2829e-13 1.14439e-16 1.11022e-16 1.77722e-16 2.37144e-16 3.34221e-16
2.19911 0.0181696 9.44655e-05 1.87651e-07 1.96168e-10 1.26504e-13 2.98937e-16 1.75542e-16 4.00297e-16 1.75542e-16 2.48253e-16
2.26195 0.0185693 9.54151e-05 1.86635e-07 1.9181e-10 1.21095e-13 2.61846e-16 2.22153e-16 3.97415e-16 2.77556e-16 2.23773e-16
2.32478 0.0188632 9.44842e-05 1.80851e-07 1.82396e-10 1.1366e-13 2.00148e-16 2.77556e-16 2.98937e-16 3.37661e-16 2.00148e-16
2.38761 0.0192367 9.2353e-05 1.70848e-07 1.68248e-10 1.03043e-13 1.75542e-16 1.94289e-16 4.34443e-16 2.77556e-16 3.37661e-16
2.45044 0.0197317 9.01676e-05 1.59751e-07 1.52811e-10 9.18132e-14 5.61322e-16 7.7827e-16 4.16334e-16 2.23773e-16 2.48253e-16
2.51327 0.0200113 8.7245e-05 1.48938e-07 1.38931e-10 8.23602e-14 5.55112e-17 4.77525e-16 2.28878e-16 1.75542e-16 5.55112e-17
2.57611 0.019685 8.11748e-05 1.35132e-07 1.24346e-10 7.2249e-14 4.8473e-16 2.95046e-16 6.08727e-16 2.37144e-16 2.48253e-16
2.63894 0.0188175 7.11896e-05 1.15269e-07 1.05057e-10 6.093e-14 1.02358e-15 6.68443e-16 3.51083e-16 3.33067e-16 3.7238e-16
2.70177 0.0178657 6.06625e-05 9.37441e-08 8.37341e-11 4.77218e-14 5.55112e-16 4.00297e-16 2.22045e-16 2.48253e-16 2.22045e-16
2.7646 0.0169084 5.41157e-05 8.06814e-08 7.05518e-11 4.02025e-14 2.77556e-16 4.00297e-16 5.11788e-16 2.00148e-16 4.33556e-16
2.82743 0.0152344 4.97357e-05 7.55181e-08 6.6776e-11 3.84108e-14 1.80411e-16 9.74612e-16 3.66384e-16 6.06985e-16 4.85723e-17
2.89027 0.0121511 4.09516e-05 6.4346e-08 5.82255e-11 3.34839e-14 3.14018e-16 6.20634e-16 3.33067e-16 2.00148e-16 2.48253e-16
2.9531 0.00818431 2.60547e-05 4.10423e-08 3.74684e-11 2.12201e-14 8.9509e-16 7.77156e-16 5.55112e-16 4.96507e-16 3.51083e-16
3.01593 0.00611489 1.60584e-05 2.30905e-08 2.00631e-11 1.0687e-14 3.14018e-16 5.66105e-16 4.57757e-16 3.33067e-16 6.28037e-16
3.07876 0.00756364 2.4219e-05 3.81724e-08 3.46072e-11 2.06054e-14 8.68887e-16 4.71028e-16 6.776e-16 5.79553e-16 5.5788e-16
3.14159 0.00863392 2.96502e-05 4.7966e-08 4.40478e-11 2.66261e-14 8.89911e-16 2.77556e-16 7.85046e-16 6.75322e-16 4.47545e-16
3.20442 0.00756364 2.4219e-05 3.81724e-08 3.46073e-11 2.03662e-14 2.48253e-16 2.48253e-16 5.55112e-16 2.48253e-16 3.51083e-16
3.26726 0.00611489 1.60584e-05 2.30905e-08 2.00633e-11 1.11802e-14 5.55112e-16 7.85046e-16 5.55112e-16 4.57757e-16 6.75322e-16
3.33009 0.00818431 2.60547e-05 4.10423e-08 3.7467e-11 2.19288e-14 5.97873e-16 3.51083e-16 4.00297e-16 7.02167e-16 3.51083e-16
3.39292 0.0121511 4.09516e-05 6.4346e-08 5.82256e-11 3.42599e-14 8.00593e-16 6.68443e-16 6.47366e-16 4.47545e-16 7.02167e-16
3.45575 0.0152344 4.97357e-05 7.55181e-08 6.67753e-11 3.82141e-14 5.38603e-16 5.32128e-16 6.77742e-16 2.42067e-16 3.45066e-16
3.51858 0.0169084 5.41157e-05 8.06814e-08 7.05524e-11 3.98697e-14 5.23691e-16 3.51083e-16 4.00297e-16 1.66533e-16 2.00148e-16
3.58142 0.0178657 6.06625e-05 9.37441e-08 8.37335e-11 4.79232e-14 4.00297e-16 3.33067e-16 2.48253e-16 1.57009e-16 1.11022e-16
3.64425 0.0188175 7.11896e-05 1.15269e-07 1.05057e-10 6.10117e-14 4.74287e-16 1.24127e-16 4.8473e-16 2.23773e-16 2.23773e-16
3.70708 0.019685 8.11748e-05 1.35132e-07 1.24346e-10 7.274e-14 3.14018e-16 1.77722e-16 4.16334e-16 2.23773e-16 2.37144e-16
3.76991 0.0200113 8.7245e-05 1.48938e-07 1.38931e-10 8.25988e-14 2.00148e-16 5.55112e-17 2.28878e-16 1.57009e-16 2.77556e-16
3.83274 0.0197317 9.01676e-05 1.59751e-07 1.52811e-10 9.22438e-14 3.24871e-16 5.72196e-16 1.11886e-16 2.6074e-16 4.71232e-16
3.89557 0.0192367 9.2353e-05 1.70848e-07 1.68248e-10 1.03794e-13 5.00371e-16 5.11788e-16 5.55112e-16 6.20634e-17 2.23773e-16
3.95841 0.0188632 9.44842e-05 1.80851e-07 1.82396e-10 1.13788e-13 3.37661e-16 3.23683e-16 4.04127e-16 1.75542e-16 2.83052e-16
4.02124 0.0185693 9.54151e-05 1.86635e-07 1.9181e-10 1.21172e-13 5.02866e-16 4.46037e-16 4.44089e-16 3.68807e-16 4.04127e-16
4.08407 0.0181696 9.44655e-05 1.87651e-07 1.96168e-10 1.26438e-13 7.85046e-17 2.98937e-16 4.47545e-16 2.28878e-16 1.57009e-16
4.1469 0.0176598 9.23391e-05 1.85769e-07 1.97112e-10 1.28626e-13 2.23773e-16 2.98937e-16 3.60822e-16 1.24127e-16 2.22045e-16
4.20973 0.0171809 8.99968e-05 1.8244e-07 1.9548e-10 1.28625e-13 7.65672e-16 6.66712e-16 3.7238e-16 4.57757e-16 1.75542e-16
4.27257 0.0167967 8.75479e-05 1.77432e-07 1.90756e-10 1.26932e-13 1.8619e-16 1.24127e-16 1.57009e-16 1.75542e-16 5.55112e-17
4.3354 0.0164393 8.45574e-05 1.70125e-07 1.82567e-10 1.21672e-13 5.59432e-17 2.26579e-16 2.28878e-16 1.52182e-16 2.5327e-16
4.39823 0.0160401 8.0901e-05 1.60825e-07 1.71583e-10 1.14263e-13 3.10317e-16 4.44956e-16 3.60822e-16 6.20634e-17 2.77556e-16
4.46106 0.0156105 7.68931e-05 1.50459e-07 1.58934e-10 1.05071e-13 5.26625e-16 5.55112e-16 1.38778e-16 2.98937e-16 1.14439e-16
4.52389 0.0151901 7.28071e-05 1.39609e-07 1.45335e-10 9.51803e-14 6.75322e-16 3.24871e-16 5.36049e-16 3.7238e-16 2.23773e-16
4.58673 0.0147781 6.86119e-05 1.28294e-07 1.31017e-10 8.43128e-14 2.77556e-16 1.75542e-16 3.7238e-16 2.48253e-16 3.14018e-16
4.64956 0.014342 6.41767e-05 1.16485e-07 1.16219e-10 7.3453e-14 2.98937e-16 2.42365e-16 1.30923e-16 1.92796e-16 3.2398e-16
4.71239 0.0138631 5.95167e-05 1.0445e-07 1.01433e-10 6.29135e-14 1.11022e-16 1.77722e-16 5.55112e-17 4.00297e-16 1.24127e-16
4.77522 0.013349 5.47709e-05 9.26044e-08 8.72072e-11 5.25046e-14 1.75542e-16 6.49741e-16 4.96507e-16 2.77556e-16 4.47545e-16
4.83805 0.0128104 5.00454e-05 8.12209e-08 7.38985e-11 4.35326e-14 5.72196e-16 4.10041e-16 2.89777e-16 5.72196e-17 6.93889e-17
4.90088 0.0122454 4.53595e-05 7.03931e-08 6.16572e-11 3.54339e-14 5.77556e-16 3.37661e-16 1.14439e-16 2.23773e-16 4.2367e-16
4.96372 0.0116457 4.07146e-05 6.01821e-08 5.05684e-11 2.74567e-14 5.55112e-17 2.48253e-16 1.24127e-16 5.55112e-17 2.98937e-16
5.02655 0.0110091 3.6156e-05 5.07078e-08 4.0731e-11 2.12167e-14 3.10317e-16 1.68831e-16 3.89568e-16 3.14018e-16 2.28878e-16
5.08938 0.0103416 3.17605e-05 4.21083e-08 3.22218e-11 1.63481e-14 3.33356e-16 3.89568e-16 2.22478e-16 1.68831e-16 1.14439e-16
5.15221 0.00965046 2.75941e-05 3.44655e-08 2.50455e-11 1.18494e-14 4.71028e-16 4.71028e-16 4.33556e-16 3.14018e-16 5.90092e-16
5.21504 0.00894029 2.36943e-05 2.77869e-08 1.91192e-11 9.1393e-15 3.7238e-16 3.33067e-16 1.75542e-16 5.55112e-17 4.96507e-16
5.27788 0.00821437 2.00839e-05 2.2038e-08 1.43184e-11 6.47938e-15 5.55285e-16 1.11886e-16 4.79336e-16 4.16334e-17 3.37946e-16
5.34071 0.00747767 1.6786e-05 1.7173e-08 1.05062e-11 4.68404e-15 2.63678e-16 2.37144e-16 1.80411e-16 1.24127e-16 2.77556e-16
5.40354 0.00673764 1.38243e-05 1.31407e-08 7.54872e-12 3.46356e-15 3.7238e-16 2.83052e-16 5.23691e-16 3.37661e-16 3.92523e-16
5.46637 0.00600293 1.12146e-05 9.87434e-09 5.31251e-12 2.51337e-15 5.79553e-16 3.33067e-16 4.00297e-16 2.77556e-16 5.23691e-16
5.5292 0.00528204 8.95836e-06 7.28871e-09 3.66576e-12 1.54237e-15 2.48253e-16 4.00297e-16 4.51828e-16 1.38778e-16 1.14439e-16
5.59203 0.00458312 7.04307e-06 5.28615e-09 2.48273e-12 9.0918e-16 0 2.6074e-16 3.7879e-16 2.48253e-16 3.43318e-16
5.65487 0.00391446 5.44642e-06 3.76744e-09 1.65243e-12 1.24939e-15 7.32768e-16 1.14439e-16 5.97873e-16 2.37144e-16 3.34221e-16
5.7177 0.00328492 4.13976e-06 2.63964e-09 1.08262e-12 2.83052e-16 3.55445e-16 4.47545e-16 3.92523e-16 7.85046e-17 1.24127e-16
5.78053 0.002704 3.09002e-06 1.81963e-09 6.98517e-13 6.32925e-16 3.14018e-16 2.77556e-16 2.77556e-16 2.98937e-16 1.66533e-16
5.84336 0.0021818 2.26173e-06 1.23488e-09 4.45521e-13 5.55112e-16 2.28878e-16 1.75542e-16 4.33556e-16 4.04127e-16 2.77556e-16
5.90619 0.00172919 1.61992e-06 8.24093e-10 2.81316e-13 2.77556e-16 1.11022e-16 1.57009e-16 2.28878e-16 2.48253e-16 1.11022e-16
5.96903 0.00135795 1.13441e-06 5.38449e-10 1.74425e-13 2.73361e-16 3.43318e-16 2.98937e-16 4.04127e-16 1.57009e-16 4.04127e-16
6.03186 0.00107963 7.84043e-07 3.43308e-10 1.06043e-13 3.51083e-16 2.37144e-16 1.24127e-16 1.77722e-16 4.47545e-16 2.48253e-16
6.09469 0.000899832 5.58394e-07 2.19279e-10 6.28063e-14 1.77722e-16 3.46945e-16 1.38778e-16 4.69594e-16 2.61846e-16 2.42365e-16
6.15752 0.00080749 4.46784e-07 1.58328e-10 4.16971e-14 2.35922e-16 3.35659e-16 1.47523e-16 1.47523e-16 2.35922e-16 4.51828e-16
6.22035 0.000772924 4.13704e-07 1.43651e-10 3.71725e-14 1.67111e-16 1.57009e-16 2.35922e-16 1.18572e-16 2.77556e-16 2.6074e-16
