# Erreur de u+ (BEM) vs u_analytique sur cercle test de rayon R=2, en fonction du pas de maillage de la frontiere
# k=10 rayon=1 n_q=8 idxTroncature=25 R_test=2 nbThetaTest=100
# pasMaillage_values: 0.2 0.1 0.05 0.025 0.01 0.001 0.0001
# theta erreur_h0.2 erreur_h0.1 erreur_h0.05 erreur_h0.025 erreur_h0.01 erreur_h0.001 erreur_h0.0001
0 0.049662 0.0132196 0.00335808 0.000846225 0.000136475 1.37128e-06 1.37202e-08
0.0628319 0.0495848 0.0131999 0.00335315 0.000844989 0.000136276 1.36928e-06 1.37002e-08
0.125664 0.0493545 0.0131417 0.00333861 0.00084134 0.000135688 1.36337e-06 1.36411e-08
0.188496 0.0489775 0.0130478 0.00331515 0.000835454 0.00013474 1.35385e-06 1.35458e-08
0.251327 0.048471 0.0129227 0.00328391 0.000827617 0.000133478 1.34117e-06 1.3419e-08
0.314159 0.047866 0.0127725 0.00324644 0.000818217 0.000131964 1.32596e-06 1.32668e-08
0.376991 0.0471998 0.0126047 0.00320463 0.000807734 0.000130276 1.309e-06 1.30971e-08
0.439823 0.0465025 0.0124283 0.00316075 0.000796735 0.000128504 1.29121e-06 1.29191e-08
0.502655 0.0457935 0.0122533 0.0031173 0.000785853 0.000126752 1.27361e-06 1.2743e-08
0.565487 0.0451024 0.0120902 0.00307699 0.000775766 0.000125129 1.25731e-06 1.25799e-08
0.628319 0.04449 0.0119495 0.00304246 0.000767142 0.000123742 1.24337e-06 1.24405e-08
0.69115 0.0440236 0.0118408 0.0030161 0.00076058 0.000122687 1.23279e-06 1.23345e-08
0.753982 0.0437241 0.0117717 0.00299988 0.00075658 0.000122046 1.22635e-06 1.22701e-08
0.816814 0.043568 0.0117488 0.00299544 0.000755549 0.000121884 1.22473e-06 1.22539e-08
0.879646 0.0435649 0.0117771 0.00300404 0.000757808 0.000122252 1.22844e-06 1.2291e-08
0.942478 0.0437812 0.0118594 0.00302638 0.00076353 0.000123179 1.23776e-06 1.23843e-08
1.00531 0.0442389 0.0119941 0.00306209 0.000772626 0.000124651 1.25255e-06 1.25323e-08
1.06814 0.0448599 0.0121755 0.00310972 0.000784729 0.000126607 1.27222e-06 1.27291e-08
1.13097 0.0455813 0.0123969 0.00316755 0.000799404 0.000128978 1.29606e-06 1.29676e-08
1.19381 0.0464424 0.0126544 0.00323455 0.000816389 0.000131722 1.32364e-06 1.32436e-08
1.25664 0.0474715 0.0129452 0.00331002 0.000835513 0.000134811 1.35468e-06 1.35542e-08
1.31947 0.0485882 0.0132612 0.00339198 0.000856276 0.000138165 1.38839e-06 1.38914e-08
1.3823 0.0497072 0.0135884 0.00347682 0.000877768 0.000141636 1.42328e-06 1.42405e-08
1.44513 0.0508399 0.0139172 0.00356207 0.00089936 0.000145124 1.45833e-06 1.45912e-08
1.50796 0.0520299 0.014253 0.00364901 0.000921376 0.000148679 1.49406e-06 1.49487e-08
1.5708 0.0532723 0.0146052 0.00374011 0.000944439 0.000152403 1.53149e-06 1.53232e-08
1.63363 0.0545182 0.0149643 0.00383309 0.000967982 0.000156205 1.5697e-06 1.57056e-08
1.69646 0.0557099 0.0153065 0.00392175 0.000990439 0.000159832 1.60616e-06 1.60703e-08
1.75929 0.0568596 0.0156321 0.004006 0.00101177 0.000163277 1.64077e-06 1.64166e-08
1.82212 0.0581 0.0159813 0.00409603 0.00103454 0.000166954 1.67773e-06 1.67864e-08
1.88496 0.0595161 0.0163793 0.00419856 0.00106047 0.000171139 1.71979e-06 1.72073e-08
1.94779 0.0609518 0.0167833 0.00430275 0.00108683 0.000175395 1.76256e-06 1.76352e-08
2.01062 0.0622291 0.0171414 0.00439503 0.00111017 0.000179163 1.80043e-06 1.8014e-08
2.07345 0.0635509 0.0175032 0.00448763 0.00113355 0.000182935 1.83834e-06 1.83933e-08
2.13628 0.0653164 0.0179793 0.00460898 0.00116415 0.000187873 1.88795e-06 1.88897e-08
2.19911 0.0674077 0.018547 0.00475394 0.00120073 0.000193774 1.94725e-06 1.9483e-08
2.26195 0.0691538 0.0190222 0.00487538 0.00123138 0.000198719 1.99694e-06 1.99802e-08
2.32478 0.0703321 0.0193287 0.00495272 0.00125084 0.000201856 2.02845e-06 2.02955e-08
2.38761 0.0716819 0.0196611 0.00503527 0.00127152 0.000205185 2.06189e-06 2.06301e-08
2.45044 0.0736747 0.0201657 0.00516159 0.00130323 0.000210293 2.11321e-06 2.11436e-08
2.51327 0.0751108 0.0205329 0.00525375 0.00132638 0.000214024 2.15069e-06 2.15185e-08
2.57611 0.0741474 0.0202481 0.00517943 0.00130752 0.000210977 2.12006e-06 2.12121e-08
2.63894 0.0706658 0.0192541 0.00492223 0.00124241 0.000200462 2.01439e-06 2.01548e-08
2.70177 0.0665543 0.0180701 0.00461517 0.00116462 0.000187899 1.88811e-06 1.88914e-08
2.7646 0.0626508 0.0169689 0.00433099 0.00109272 0.000176289 1.77144e-06 1.7724e-08
2.82743 0.056371 0.015272 0.00389812 0.000983522 0.000158673 1.59442e-06 1.59529e-08
2.89027 0.0446235 0.0121116 0.00309297 0.000780475 0.00012592 1.26531e-06 1.266e-08
2.9531 0.0289901 0.00786997 0.00200992 0.000507189 8.18288e-05 8.22262e-07 8.22707e-09
3.01593 0.0210902 0.00566724 0.00144338 0.000363971 5.87107e-05 5.89937e-07 5.90256e-09
3.07876 0.0281374 0.00755841 0.00192484 0.000485365 7.82916e-05 7.86688e-07 7.87114e-09
3.14159 0.0328007 0.00882678 0.00224893 0.000567158 9.14885e-05 9.19298e-07 9.19796e-09
3.20442 0.0281374 0.00755841 0.00192484 0.000485365 7.82916e-05 7.86688e-07 7.87113e-09
3.26726 0.0210902 0.00566724 0.00144338 0.000363971 5.87107e-05 5.89937e-07 5.90256e-09
3.33009 0.0289901 0.00786997 0.00200992 0.000507189 8.18288e-05 8.22262e-07 8.22708e-09
3.39292 0.0446235 0.0121116 0.00309297 0.000780475 0.00012592 1.26531e-06 1.26599e-08
3.45575 0.056371 0.015272 0.00389812 0.000983522 0.000158673 1.59442e-06 1.59529e-08
3.51858 0.0626508 0.0169689 0.00433099 0.00109272 0.000176289 1.77144e-06 1.7724e-08
3.58142 0.0665543 0.0180701 0.00461517 0.00116462 0.000187899 1.88811e-06 1.88914e-08
3.64425 0.0706658 0.0192541 0.00492223 0.00124241 0.000200462 2.01439e-06 2.01548e-08
3.70708 0.0741474 0.0202481 0.00517943 0.00130752 0.000210977 2.12006e-06 2.12121e-08
3.76991 0.0751108 0.0205329 0.00525375 0.00132638 0.000214024 2.15069e-06 2.15185e-08
3.83274 0.0736747 0.0201657 0.00516159 0.00130323 0.000210293 2.11321e-06 2.11436e-08
3.89557 0.0716819 0.0196611 0.00503527 0.00127152 0.000205185 2.06189e-06 2.06301e-08
3.95841 0.0703321 0.0193287 0.00495272 0.00125084 0.000201856 2.02845e-06 2.02955e-08
4.02124 0.0691538 0.0190222 0.00487538 0.00123138 0.000198719 1.99694e-06 1.99802e-08
4.08407 0.0674077 0.018547 0.00475394 0.00120073 0.000193774 1.94725e-06 1.9483e-08
4.1469 0.0653164 0.0179793 0.00460898 0.00116415 0.000187873 1.88795e-06 1.88897e-08
4.20973 0.0635509 0.0175032 0.00448763 0.00113355 0.000182935 1.83834e-06 1.83933e-08
4.27257 0.0622291 0.0171414 0.00439503 0.00111017 0.000179163 1.80043e-06 1.8014e-08
4.3354 0.0609518 0.0167833 0.00430275 0.00108683 0.000175395 1.76256e-06 1.76352e-08
4.39823 0.0595161 0.0163793 0.00419856 0.00106047 0.000171139 1.71979e-06 1.72073e-08
4.46106 0.0581 0.0159813 0.00409603 0.00103454 0.000166954 1.67773e-06 1.67864e-08
4.52389 0.0568596 0.0156321 0.004006 0.00101177 0.000163277 1.64077e-06 1.64166e-08
4.58673 0.0557099 0.0153065 0.00392175 0.000990439 0.000159832 1.60616e-06 1.60703e-08
4.64956 0.0545182 0.0149643 0.00383309 0.000967982 0.000156205 1.5697e-06 1.57056e-08
4.71239 0.0532723 0.0146052 0.00374011 0.000944439 0.000152403 1.53149e-06 1.53232e-08
4.77522 0.0520299 0.014253 0.00364901 0.000921376 0.000148679 1.49406e-06 1.49487e-08
4.83805 0.0508399 0.0139172 0.00356207 0.00089936 0.000145124 1.45833e-06 1.45912e-08
4.90088 0.0497072 0.0135884 0.00347682 0.000877768 0.000141636 1.42328e-06 1.42405e-08
4.96372 0.0485882 0.0132612 0.00339198 0.000856276 0.000138165 1.38839e-06 1.38914e-08
5.02655 0.0474715 0.0129452 0.00331002 0.000835513 0.000134811 1.35468e-06 1.35542e-08
5.08938 0.0464424 0.0126544 0.00323455 0.000816389 0.000131722 1.32364e-06 1.32435e-08
5.15221 0.0455813 0.0123969 0.00316755 0.000799404 0.000128978 1.29606e-06 1.29676e-08
5.21504 0.0448599 0.0121755 0.00310972 0.000784729 0.000126607 1.27222e-06 1.27291e-08
5.27788 0.0442389 0.0119941 0.00306209 0.000772626 0.000124651 1.25255e-06 1.25323e-08
5.34071 0.0437812 0.0118594 0.00302638 0.00076353 0.000123179 1.23776e-06 1.23843e-08
5.40354 0.0435649 0.0117771 0.00300404 0.000757808 0.000122252 1.22844e-06 1.2291e-08
5.46637 0.043568 0.0117488 0.00299544 0.000755549 0.000121884 1.22473e-06 1.22539e-08
5.5292 0.0437241 0.0117717 0.00299988 0.00075658 0.000122046 1.22635e-06 1.22701e-08
5.59203 0.0440236 0.0118408 0.0030161 0.00076058 0.000122687 1.23279e-06 1.23345e-08
5.65487 0.04449 0.0119495 0.00304246 0.000767142 0.000123742 1.24337e-06 1.24405e-08
5.7177 0.0451024 0.0120902 0.00307699 0.000775766 0.000125129 1.25731e-06 1.25799e-08
5.78053 0.0457935 0.0122533 0.0031173 0.000785853 0.000126752 1.27361e-06 1.2743e-08
5.84336 0.0465025 0.0124283 0.00316075 0.000796735 0.000128504 1.29121e-06 1.29191e-08
5.90619 0.0471998 0.0126047 0.00320463 0.000807734 0.000130276 1.309e-06 1.30971e-08
5.96903 0.047866 0.0127725 0.00324644 0.000818217 0.000131964 1.32596e-06 1.32668e-08
6.03186 0.048471 0.0129227 0.00328391 0.000827617 0.000133478 1.34117e-06 1.3419e-08
6.09469 0.0489775 0.0130478 0.00331515 0.000835454 0.00013474 1.35385e-06 1.35458e-08
6.15752 0.0493545 0.0131417 0.00333861 0.00084134 0.000135688 1.36337e-06 1.36411e-08
6.22035 0.0495848 0.0131999 0.00335315 0.000844989 0.000136276 1.36928e-06 1.37002e-08
