# Erreur de u+ (BEM) vs u_analytique sur cercle test de rayon R=2, en fonction de l'ordre de quadrature n_q
# k=10 rayon=1 pasMaillage=0.1 idxTroncature=25 R_test=2 nbThetaTest=100
# n_q_values: 1 2 3 4 5 6 8 10 15 20
# theta erreur_nq1 erreur_nq2 erreur_nq3 erreur_nq4 erreur_nq5 erreur_nq6 erreur_nq8 erreur_nq10 erreur_nq15 erreur_nq20
0 0.013981 0.0132195 0.0132196 0.0132196 0.0132196 0.0132196 0.0132196 0.0132196 0.0132196 0.0132196
0.0628319 0.0139631 0.0131998 0.0131999 0.0131999 0.0131999 0.0131999 0.0131999 0.0131999 0.0131999 0.0131999
0.125664 0.0139096 0.0131414 0.0131417 0.0131417 0.0131417 0.0131417 0.0131417 0.0131417 0.0131417 0.0131417
0.188496 0.0138209 0.0130473 0.0130478 0.0130478 0.0130478 0.0130478 0.0130478 0.0130478 0.0130478 0.0130478
0.251327 0.0136975 0.0129219 0.0129227 0.0129227 0.0129227 0.0129227 0.0129227 0.0129227 0.0129227 0.0129227
0.314159 0.0135402 0.0127714 0.0127725 0.0127725 0.0127725 0.0127725 0.0127725 0.0127725 0.0127725 0.0127725
0.376991 0.0133499 0.0126032 0.0126047 0.0126047 0.0126047 0.0126047 0.0126047 0.0126047 0.0126047 0.0126047
0.439823 0.0131278 0.0124264 0.0124283 0.0124283 0.0124283 0.0124283 0.0124283 0.0124283 0.0124283 0.0124283
0.502655 0.0128751 0.0122509 0.0122533 0.0122533 0.0122533 0.0122533 0.0122533 0.0122533 0.0122533 0.0122533
0.565487 0.0125937 0.0120876 0.0120902 0.0120902 0.0120902 0.0120902 0.0120902 0.0120902 0.0120902 0.0120902
0.628319 0.0122853 0.0119468 0.0119495 0.0119495 0.0119495 0.0119495 0.0119495 0.0119495 0.0119495 0.0119495
0.69115 0.011952 0.0118382 0.0118408 0.0118408 0.0118408 0.0118408 0.0118408 0.0118408 0.0118408 0.0118408
0.753982 0.0115956 0.0117697 0.0117717 0.0117717 0.0117717 0.0117717 0.0117717 0.0117717 0.0117717 0.0117717
0.816814 0.011218 0.0117478 0.0117488 0.0117488 0.0117488 0.0117488 0.0117488 0.0117488 0.0117488 0.0117488
0.879646 0.0108214 0.0117777 0.0117772 0.0117771 0.0117771 0.0117771 0.0117771 0.0117771 0.0117771 0.0117771
0.942478 0.0104088 0.0118621 0.0118594 0.0118594 0.0118594 0.0118594 0.0118594 0.0118594 0.0118594 0.0118594
1.00531 0.00998312 0.0119996 0.0119941 0.0119941 0.0119941 0.0119941 0.0119941 0.0119941 0.0119941 0.0119941
1.06814 0.00954713 0.0121844 0.0121755 0.0121755 0.0121755 0.0121755 0.0121755 0.0121755 0.0121755 0.0121755
1.13097 0.0091024 0.0124099 0.0123969 0.0123969 0.0123969 0.0123969 0.0123969 0.0123969 0.0123969 0.0123969
1.19381 0.00865045 0.0126719 0.0126544 0.0126544 0.0126544 0.0126544 0.0126544 0.0126544 0.0126544 0.0126544
1.25664 0.00819442 0.0129677 0.0129451 0.0129452 0.0129452 0.0129452 0.0129452 0.0129452 0.0129452 0.0129452
1.31947 0.00773916 0.0132891 0.0132612 0.0132612 0.0132612 0.0132612 0.0132612 0.0132612 0.0132612 0.0132612
1.3823 0.0072883 0.0136219 0.0135883 0.0135884 0.0135884 0.0135884 0.0135884 0.0135884 0.0135884 0.0135884
1.44513 0.00684158 0.0139564 0.0139172 0.0139172 0.0139172 0.0139172 0.0139172 0.0139172 0.0139172 0.0139172
1.50796 0.00639735 0.0142981 0.014253 0.014253 0.014253 0.014253 0.014253 0.014253 0.014253 0.014253
1.5708 0.00595898 0.0146561 0.0146051 0.0146052 0.0146052 0.0146052 0.0146052 0.0146052 0.0146052 0.0146052
1.63363 0.00553547 0.0150212 0.0149642 0.0149643 0.0149643 0.0149643 0.0149643 0.0149643 0.0149643 0.0149643
1.69646 0.00513151 0.0153689 0.0153064 0.0153065 0.0153065 0.0153065 0.0153065 0.0153065 0.0153065 0.0153065
1.75929 0.00473968 0.0156998 0.015632 0.0156321 0.0156321 0.0156321 0.0156321 0.0156321 0.0156321 0.0156321
1.82212 0.00435131 0.0160542 0.0159811 0.0159813 0.0159813 0.0159813 0.0159813 0.0159813 0.0159813 0.0159813
1.88496 0.00397518 0.0164572 0.0163792 0.0163793 0.0163793 0.0163793 0.0163793 0.0163793 0.0163793 0.0163793
1.94779 0.00363173 0.0168657 0.0167832 0.0167833 0.0167833 0.0167833 0.0167833 0.0167833 0.0167833 0.0167833
2.01062 0.00332035 0.0172275 0.0171412 0.0171414 0.0171414 0.0171414 0.0171414 0.0171414 0.0171414 0.0171414
2.07345 0.00301127 0.0175924 0.017503 0.0175032 0.0175032 0.0175032 0.0175032 0.0175032 0.0175032 0.0175032
2.13628 0.00269097 0.0180713 0.0179792 0.0179793 0.0179793 0.0179793 0.0179793 0.0179793 0.0179793 0.0179793
2.19911 0.00239656 0.0186414 0.0185468 0.018547 0.018547 0.018547 0.018547 0.018547 0.018547 0.018547
2.26195 0.00216458 0.0191176 0.019022 0.0190222 0.0190222 0.0190222 0.0190222 0.0190222 0.0190222 0.0190222
2.32478 0.0019542 0.0194231 0.0193285 0.0193287 0.0193287 0.0193287 0.0193287 0.0193287 0.0193287 0.0193287
2.38761 0.00169353 0.0197532 0.0196609 0.0196611 0.0196611 0.0196611 0.0196611 0.0196611 0.0196611 0.0196611
2.45044 0.0014003 0.0202556 0.0201656 0.0201657 0.0201657 0.0201657 0.0201657 0.0201657 0.0201657 0.0201657
2.51327 0.00118198 0.0206198 0.0205328 0.0205329 0.0205329 0.0205329 0.0205329 0.0205329 0.0205329 0.0205329
2.57611 0.00105087 0.0203289 0.020248 0.0202481 0.0202481 0.0202481 0.0202481 0.0202481 0.0202481 0.0202481
2.63894 0.000859516 0.019325 0.019254 0.0192541 0.0192541 0.0192541 0.0192541 0.0192541 0.0192541 0.0192541
2.70177 0.000524029 0.0181307 0.01807 0.0180701 0.0180701 0.0180701 0.0180701 0.0180701 0.0180701 0.0180701
2.7646 0.00013475 0.0170228 0.0169688 0.0169689 0.0169689 0.0169689 0.0169689 0.0169689 0.0169689 0.0169689
2.82743 0.000156267 0.015321 0.0152719 0.015272 0.015272 0.015272 0.015272 0.015272 0.015272 0.015272
2.89027 0.000210922 0.0121517 0.0121115 0.0121116 0.0121116 0.0121116 0.0121116 0.0121116 0.0121116 0.0121116
2.9531 0.000375446 0.00789562 0.00786993 0.00786997 0.00786997 0.00786997 0.00786997 0.00786997 0.00786997 0.00786997
3.01593 0.000845896 0.00568258 0.00566722 0.00566724 0.00566724 0.00566724 0.00566724 0.00566724 0.00566724 0.00566724
3.07876 0.00129114 0.00758017 0.00755839 0.00755841 0.00755841 0.00755841 0.00755841 0.00755841 0.00755841 0.00755841
3.14159 0.0014699 0.00885337 0.00882675 0.00882678 0.00882678 0.00882678 0.00882678 0.00882678 0.00882678 0.00882678
3.20442 0.00129114 0.00758017 0.00755839 0.00755841 0.00755841 0.00755841 0.00755841 0.00755841 0.00755841 0.00755841
3.26726 0.000845896 0.00568258 0.00566722 0.00566724 0.00566724 0.00566724 0.00566724 0.00566724 0.00566724 0.00566724
3.33009 0.000375446 0.00789562 0.00786993 0.00786997 0.00786997 0.00786997 0.00786997 0.00786997 0.00786997 0.00786997
3.39292 0.000210922 0.0121517 0.0121115 0.0121116 0.0121116 0.0121116 0.0121116 0.0121116 0.0121116 0.0121116
3.45575 0.000156267 0.015321 0.0152719 0.015272 0.015272 0.015272 0.015272 0.015272 0.015272 0.015272
3.51858 0.00013475 0.0170228 0.0169688 0.0169689 0.0169689 0.0169689 0.0169689 0.0169689 0.0169689 0.0169689
3.58142 0.000524029 0.0181307 0.01807 0.0180701 0.0180701 0.0180701 0.0180701 0.0180701 0.0180701 0.0180701
3.64425 0.000859516 0.019325 0.019254 0.0192541 0.0192541 0.0192541 0.0192541 0.0192541 0.0192541 0.0192541
3.70708 0.00105087 0.0203289 0.020248 0.0202481 0.0202481 0.0202481 0.0202481 0.0202481 0.0202481 0.0202481
3.76991 0.00118198 0.0206198 0.0205328 0.0205329 0.0205329 0.0205329 0.0205329 0.0205329 0.0205329 0.0205329
3.83274 0.0014003 0.0202556 0.0201656 0.0201657 0.0201657 0.0201657 0.0201657 0.0201657 0.0201657 0.0201657
3.89557 0.00169353 0.0197532 0.0196609 0.0196611 0.0196611 0.0196611 0.0196611 0.0196611 0.0196611 0.0196611
3.95841 0.0019542 0.0194231 0.0193285 0.0193287 0.0193287 0.0193287 0.0193287 0.0193287 0.0193287 0.0193287
4.02124 0.00216458 0.0191176 0.019022 0.0190222 0.0190222 0.0190222 0.0190222 0.0190222 0.0190222 0.0190222
4.08407 0.00239656 0.0186414 0.0185468 0.018547 0.018547 0.018547 0.018547 0.018547 0.018547 0.018547
4.1469 0.00269097 0.0180713 0.0179792 0.0179793 0.0179793 0.0179793 0.0179793 0.0179793 0.0179793 0.0179793
4.20973 0.00301127 0.0175924 0.017503 0.0175032 0.0175032 0.0175032 0.0175032 0.0175032 0.0175032 0.0175032
4.27257 0.00332035 0.0172275 0.0171412 0.0171414 0.0171414 0.0171414 0.0171414 0.0171414 0.0171414 0.0171414
4.3354 0.00363173 0.0168657 0.0167832 0.0167833 0.0167833 0.0167833 0.0167833 0.0167833 0.0167833 0.0167833
4.39823 0.00397518 0.0164572 0.0163792 0.0163793 0.0163793 0.0163793 0.0163793 0.0163793 0.0163793 0.0163793
4.46106 0.00435131 0.0160542 0.0159811 0.0159813 0.0159813 0.0159813 0.0159813 0.0159813 0.0159813 0.0159813
4.52389 0.00473968 0.0156998 0.015632 0.0156321 0.0156321 0.0156321 0.0156321 0.0156321 0.0156321 0.0156321
4.58673 0.00513151 0.0153689 0.0153064 0.0153065 0.0153065 0.0153065 0.0153065 0.0153065 0.0153065 0.0153065
4.64956 0.00553547 0.0150212 0.0149642 0.0149643 0.0149643 0.0149643 0.0149643 0.0149643 0.0149643 0.0149643
4.71239 0.00595898 0.0146561 0.0146051 0.0146052 0.0146052 0.0146052 0.0146052 0.0146052 0.0146052 0.0146052
4.77522 0.00639735 0.0142981 0.014253 0.014253 0.014253 0.014253 0.014253 0.014253 0.014253 0.014253
4.83805 0.00684158 0.0139564 0.0139172 0.0139172 0.0139172 0.0139172 0.0139172 0.0139172 0.0139172 0.0139172
4.90088 0.0072883 0.0136219 0.0135883 0.0135884 0.0135884 0.0135884 0.0135884 0.0135884 0.0135884 0.0135884
4.96372 0.00773916 0.0132891 0.0132612 0.0132612 0.0132612 0.0132612 0.0132612 0.0132612 0.0132612 0.0132612
5.02655 0.00819442 0.0129677 0.0129451 0.0129452 0.0129452 0.0129452 0.0129452 0.0129452 0.0129452 0.0129452
5.08938 0.00865045 0.0126719 0.0126544 0.0126544 0.0126544 0.0126544 0.0126544 0.0126544 0.0126544 0.0126544
5.15221 0.0091024 0.0124099 0.0123969 0.0123969 0.0123969 0.0123969 0.0123969 0.0123969 0.0123969 0.0123969
5.21504 0.00954713 0.0121844 0.0121755 0.0121755 0.0121755 0.0121755 0.0121755 0.0121755 0.0121755 0.0121755
5.27788 0.00998312 0.0119996 0.0119941 0.0119941 0.0119941 0.0119941 0.0119941 0.0119941 0.0119941 0.0119941
5.34071 0.0104088 0.0118621 0.0118594 0.0118594 0.0118594 0.0118594 0.0118594 0.0118594 0.0118594 0.0118594
5.40354 0.0108214 0.0117777 0.0117772 0.0117771 0.0117771 0.0117771 0.0117771 0.0117771 0.0117771 0.0117771
5.46637 0.011218 0.0117478 0.0117488 0.0117488 0.0117488 0.0117488 0.0117488 0.0117488 0.0117488 0.0117488
5.5292 0.0115956 0.0117697 0.0117717 0.0117717 0.0117717 0.0117717 0.0117717 0.0117717 0.0117717 0.0117717
5.59203 0.011952 0.0118382 0.0118408 0.0118408 0.0118408 0.0118408 0.0118408 0.0118408 0.0118408 0.0118408
5.65487 0.0122853 0.0119468 0.0119495 0.0119495 0.0119495 0.0119495 0.0119495 0.0119495 0.0119495 0.0119495
5.7177 0.0125937 0.0120876 0.0120902 0.0120902 0.0120902 0.0120902 0.0120902 0.0120902 0.0120902 0.0120902
5.78053 0.0128751 0.0122509 0.0122533 0.0122533 0.0122533 0.0122533 0.0122533 0.0122533 0.0122533 0.0122533
5.84336 0.0131278 0.0124264 0.0124283 0.0124283 0.0124283 0.0124283 0.0124283 0.0124283 0.0124283 0.0124283
5.90619 0.0133499 0.0126032 0.0126047 0.0126047 0.0126047 0.0126047 0.0126047 0.0126047 0.0126047 0.0126047
5.96903 0.0135402 0.0127714 0.0127725 0.0127725 0.0127725 0.0127725 0.0127725 0.0127725 0.0127725 0.0127725
6.03186 0.0136975 0.0129219 0.0129227 0.0129227 0.0129227 0.0129227 0.0129227 0.0129227 0.0129227 0.0129227
6.09469 0.0138209 0.0130473 0.0130478 0.0130478 0.0130478 0.0130478 0.0130478 0.0130478 0.0130478 0.0130478
6.15752 0.0139096 0.0131414 0.0131417 0.0131417 0.0131417 0.0131417 0.0131417 0.0131417 0.0131417 0.0131417
6.22035 0.0139631 0.0131998 0.0131999 0.0131999 0.0131999 0.0131999 0.0131999 0.0131999 0.0131999 0.0131999
