# Temps de construction de A et erreur relative L2 de p (BEM) vs p analytique
# k=10 rayon=1 idxTroncature=25 tolGradConj=1e-08 green_cache_step=1.25664e-06
# Temps en secondes (horloge murale). nan = non calcule.
# nbSegments_demande nbSegments_reel pasMaillage nq temps_cached temps_exact erreur_p_cached erreur_p_exact
10 10 0.628319 4 0.00555942 6.2833e-05 0.704965 0.704969
10 10 0.628319 5 6.3625e-05 9.2291e-05 0.680627 0.680628
10 10 0.628319 6 2.7291e-05 0.000133667 0.67096 0.670964
10 10 0.628319 7 3.4875e-05 0.000175625 0.666089 0.666093
10 10 0.628319 8 5.025e-05 0.000284084 0.663363 0.663365
10 10 0.628319 9 6.5208e-05 0.000309209 0.661715 0.661714
10 10 0.628319 10 7.6417e-05 0.000377417 0.660655 0.660654
10 10 0.628319 11 8.7167e-05 0.000452334 0.659938 0.659941
10 10 0.628319 12 9.7583e-05 0.000524083 0.659445 0.659445
10 10 0.628319 13 0.000112542 0.000608 0.659087 0.659087
10 10 0.628319 14 0.000125375 0.000701166 0.658824 0.658824
10 10 0.628319 15 0.00015225 0.00080125 0.658627 0.658626
10 10 0.628319 16 0.000161042 0.00144867 0.658472 0.658473
10 10 0.628319 17 0.000178792 0.00101967 0.658351 0.658354
10 10 0.628319 18 0.00019075 0.00109496 0.65826 0.65826
10 10 0.628319 19 0.000283416 0.00120925 0.658184 0.658184
10 10 0.628319 20 0.000240542 0.00133996 0.658121 0.658122
20 20 0.314159 4 3.35e-05 0.000189209 0.426579 0.426579
20 20 0.314159 5 4.9042e-05 0.000317792 0.426409 0.42641
20 20 0.314159 6 7.75e-05 0.000445875 0.426342 0.426343
20 20 0.314159 7 0.000102375 0.000624916 0.426311 0.426311
20 20 0.314159 8 0.000122542 0.00078125 0.426294 0.426294
20 20 0.314159 9 0.0001395 0.000931333 0.426284 0.426284
20 20 0.314159 10 0.000163167 0.00116933 0.426278 0.426278
20 20 0.314159 11 0.000201292 0.00146667 0.426274 0.426274
20 20 0.314159 12 0.000238042 0.00169892 0.426271 0.426271
20 20 0.314159 13 0.000270334 0.00186425 0.426269 0.426269
20 20 0.314159 14 0.000307375 0.00225737 0.426267 0.426267
20 20 0.314159 15 0.000382625 0.00261096 0.426266 0.426266
20 20 0.314159 16 0.00037825 0.00279279 0.426266 0.426265
20 20 0.314159 17 0.000423 0.00310379 0.426265 0.426265
20 20 0.314159 18 0.000466458 0.00338292 0.426264 0.426264
20 20 0.314159 19 0.000474959 0.00372379 0.426264 0.426264
20 20 0.314159 20 0.000558042 0.00390604 0.426264 0.426264
50 50 0.125664 4 0.000127334 0.000899708 0.0324546 0.0324583
50 50 0.125664 5 0.000183 0.00145688 0.0323882 0.0323893
50 50 0.125664 6 0.0002465 0.00199267 0.032349 0.0323513
50 50 0.125664 7 0.0003285 0.00281254 0.0323296 0.0323291
50 50 0.125664 8 0.000444791 0.00363933 0.0323147 0.0323155
50 50 0.125664 9 0.000523958 0.00461921 0.0323075 0.0323068
50 50 0.125664 10 0.000644 0.00544446 0.0322981 0.0323009
50 50 0.125664 11 0.000720209 0.00635196 0.0322983 0.0322967
50 50 0.125664 12 0.000930375 0.00724267 0.0322945 0.0322938
50 50 0.125664 13 0.00107829 0.00855771 0.0322927 0.0322916
50 50 0.125664 14 0.00126438 0.00957633 0.0322902 0.03229
50 50 0.125664 15 0.00136925 0.0111615 0.0322891 0.0322887
50 50 0.125664 16 0.00147033 0.0127028 0.0322872 0.0322878
50 50 0.125664 17 0.00178188 0.0139782 0.0322858 0.032287
50 50 0.125664 18 0.00198429 0.015588 0.0322853 0.0322864
50 50 0.125664 19 0.00206575 0.0171599 0.0322868 0.0322859
50 50 0.125664 20 0.00227967 0.0190318 0.0322844 0.0322855
100 100 0.0628319 4 0.000412292 0.00305446 0.0075614 0.00756133
100 100 0.0628319 5 0.000631291 0.00503896 0.00755907 0.00755898
100 100 0.0628319 6 0.000875458 0.00699329 0.00755894 0.00755894
100 100 0.0628319 7 0.00110113 0.00956179 0.00755924 0.00755908
100 100 0.0628319 8 0.00144675 0.0124381 0.007559 0.00755919
100 100 0.0628319 9 0.00174279 0.0154287 0.00755929 0.00755926
100 100 0.0628319 10 0.00212908 0.0190102 0.00755928 0.00755931
100 100 0.0628319 11 0.00257392 0.0228579 0.00755938 0.00755934
100 100 0.0628319 12 0.00309346 0.026817 0.00755941 0.00755936
100 100 0.0628319 13 0.00349075 0.03209 0.00755946 0.00755938
100 100 0.0628319 14 0.00429513 0.0369023 0.00755943 0.00755939
100 100 0.0628319 15 0.00510883 0.0434103 0.00755941 0.0075594
100 100 0.0628319 16 0.00517929 0.0482438 0.0075595 0.00755941
100 100 0.0628319 17 0.00645317 0.0556883 0.00755942 0.00755942
100 100 0.0628319 18 0.00663617 0.0607584 0.00755926 0.00755942
100 100 0.0628319 19 0.00786596 0.0675462 0.00755934 0.00755942
100 100 0.0628319 20 0.00884233 0.0756943 0.00755951 0.00755943
200 200 0.0314159 4 0.00151942 0.0125643 0.0019613 0.00196236
200 200 0.0314159 5 0.00232663 0.0189575 0.00194179 0.00194141
200 200 0.0314159 6 0.00310042 0.0271598 0.00193394 0.00193488
200 200 0.0314159 7 0.00412321 0.037346 0.00193323 0.00193223
200 200 0.0314159 8 0.00530746 0.0480853 0.00193154 0.00193097
200 200 0.0314159 9 0.00702812 0.061678 0.00193035 0.0019303
200 200 0.0314159 10 0.00812242 0.0748462 0.00192934 0.00192993
200 200 0.0314159 11 0.00969858 0.0900411 0.00192939 0.0019297
200 200 0.0314159 12 0.0111996 0.109176 0.00192969 0.00192955
200 200 0.0314159 13 0.0131025 0.126471 0.00192901 0.00192946
200 200 0.0314159 14 0.0156611 0.145993 0.00192884 0.00192939
200 200 0.0314159 15 0.0185614 0.168822 0.0019294 0.00192935
200 200 0.0314159 16 0.0195076 0.191651 0.00192932 0.00192932
200 200 0.0314159 17 0.0227024 0.213409 0.00192878 0.0019293
200 200 0.0314159 18 0.0335442 0.236215 0.00192868 0.00192928
200 200 0.0314159 19 0.0275442 0.265388 0.00192894 0.00192926
200 200 0.0314159 20 0.0298281 0.296703 0.00192914 0.00192926
500 500 0.0125664 4 0.00967633 0.0721491 0.000343198 0.000340148
500 500 0.0125664 5 0.0141924 0.113671 0.000324575 0.000324222
500 500 0.0125664 6 0.018934 0.16277 0.000319657 0.000319503
500 500 0.0125664 7 0.0255058 0.223862 0.000316784 0.000317647
500 500 0.0125664 8 0.0318235 0.292346 0.000315354 0.000316774
500 500 0.0125664 9 0.0398217 0.370914 0.000317084 0.000316317
500 500 0.0125664 10 0.0480776 0.462037 0.000316167 0.000316055
500 500 0.0125664 11 0.0585257 0.555134 0.000316258 0.000315894
500 500 0.0125664 12 0.0679857 0.659971 0.000314897 0.000315794
500 500 0.0125664 13 0.0815618 0.779709 0.000314588 0.000315728
500 500 0.0125664 14 0.095079 0.910837 0.000316157 0.000315683
500 500 0.0125664 15 0.108564 1.04 0.000316091 0.000315651
500 500 0.0125664 16 0.119515 1.18815 0.000315593 0.000315626
500 500 0.0125664 17 0.135649 1.34908 0.000315305 0.000315609
500 500 0.0125664 18 0.147853 1.50849 0.000315981 0.000315594
500 500 0.0125664 19 0.16639 1.67976 0.000316112 0.000315583
500 500 0.0125664 20 0.180792 1.86466 0.000315924 0.000315579
1000 1000 0.00628319 4 0.0347869 0.292931 9.82005e-05 9.61306e-05
1000 1000 0.00628319 5 0.0569163 0.459686 8.35156e-05 8.50419e-05
1000 1000 0.00628319 6 0.0742091 0.667268 8.1482e-05 8.19564e-05
1000 1000 0.00628319 7 0.100155 0.918196 8.1171e-05 8.08045e-05
1000 1000 0.00628319 8 0.123524 1.19652 7.97504e-05 8.02859e-05
1000 1000 0.00628319 9 0.155417 1.51293 8.05483e-05 8.00179e-05
1000 1000 0.00628319 10 0.191185 1.86655 7.95917e-05 7.98672e-05
1000 1000 0.00628319 11 0.233951 2.26055 8.13825e-05 7.97754e-05
1000 1000 0.00628319 12 0.26532 2.69415 7.92025e-05 7.97198e-05
1000 1000 0.00628319 13 0.315141 3.17531 8.04824e-05 7.96808e-05
1000 1000 0.00628319 14 0.373233 3.668 8.01838e-05 7.96551e-05
1000 1000 0.00628319 15 0.435648 4.23578 7.89563e-05 7.96353e-05
1000 1000 0.00628319 16 0.482138 4.83386 7.95358e-05 7.96237e-05
1000 1000 0.00628319 17 0.549296 5.47324 8.02356e-05 7.96147e-05
1000 1000 0.00628319 18 0.610979 6.13734 7.98082e-05 7.96072e-05
1000 1000 0.00628319 19 0.688778 6.85665 7.9425e-05 7.96041e-05
1000 1000 0.00628319 20 0.746966 7.64875 8.07379e-05 7.95967e-05
2000 2000 0.00314159 4 0.139688 1.20404 2.85969e-05 3.08808e-05
2000 2000 0.00314159 5 0.221683 1.88526 2.60604e-05 2.34441e-05
2000 2000 0.00314159 6 0.3006 2.73413 2.19798e-05 2.13996e-05
2000 2000 0.00314159 7 0.403457 3.73453 2.0216e-05 2.06863e-05
2000 2000 0.00314159 8 0.496754 4.86762 2.23885e-05 2.03785e-05
2000 2000 0.00314159 9 0.626717 6.16719 1.94124e-05 2.02261e-05
2000 2000 0.00314159 10 0.757085 7.63422 2.0504e-05 2.01426e-05
2000 2000 0.00314159 11 0.928637 9.23326 2.07891e-05 2.00936e-05
2000 2000 0.00314159 12 1.0791 10.9884 1.98096e-05 2.00638e-05
2000 2000 0.00314159 13 1.2986 12.8979 2.02945e-05 2.0042e-05
2000 2000 0.00314159 14 1.54327 14.9166 2.02567e-05 2.00292e-05
2000 2000 0.00314159 15 1.80109 17.1567 1.966e-05 2.00178e-05
2000 2000 0.00314159 16 1.96082 19.5199 2.12297e-05 2.00123e-05
2000 2000 0.00314159 17 2.24062 22.088 1.98808e-05 2.00053e-05
2000 2000 0.00314159 18 2.48582 24.7086 2.2168e-05 2.00021e-05
2000 2000 0.00314159 19 2.8054 27.5921 1.98119e-05 1.99987e-05
2000 2000 0.00314159 20 3.02619 30.631 1.94133e-05 1.99979e-05
5000 5000 0.00125664 4 0.877099 7.50779 1.11e-05 8.98797e-06
5000 5000 0.00125664 5 1.40784 11.8586 6.3484e-06 5.14663e-06
5000 5000 0.00125664 6 1.86393 17.0976 5.58256e-06 3.96435e-06
5000 5000 0.00125664 7 2.53466 23.4295 7.27869e-06 3.55559e-06
5000 5000 0.00125664 8 3.16674 30.5402 3.33873e-06 3.39183e-06
5000 5000 0.00125664 9 3.99315 38.6935 3.94785e-06 3.31516e-06
5000 5000 0.00125664 10 4.7467 47.7573 3.11877e-06 3.27478e-06
