1 0 0.999988 0.00499786
0.999988 0.00499786 0.99995 0.0099956
0.99995 0.0099956 0.999888 0.0149931
0.999888 0.0149931 0.9998 0.0199902
0.9998 0.0199902 0.999688 0.0249868
0.999688 0.0249868 0.99955 0.0299828
0.99955 0.0299828 0.999388 0.034978
0.999388 0.034978 0.999201 0.0399724
0.999201 0.0399724 0.998989 0.0449658
0.998989 0.0449658 0.998751 0.049958
0.998751 0.049958 0.998489 0.054949
0.998489 0.054949 0.998202 0.0599387
0.998202 0.0599387 0.997869 0.0649253
0.997869 0.0649253 0.997316 0.0698919
0.997316 0.0698919 0.996508 0.0748236
0.996508 0.0748236 0.995453 0.0797083
0.995453 0.0797083 0.994159 0.0845351
0.994159 0.0845351 0.992636 0.0892948
0.992636 0.0892948 0.990896 0.0939797
0.990896 0.0939797 0.988953 0.098584
0.988953 0.098584 0.98682 0.103103
0.98682 0.103103 0.984511 0.107536
0.984511 0.107536 0.982039 0.111879
0.982039 0.111879 0.979417 0.116134
0.979417 0.116134 0.976659 0.120302
0.976659 0.120302 0.973776 0.124384
0.973776 0.124384 0.970778 0.128382
0.970778 0.128382 0.967676 0.132301
0.967676 0.132301 0.964481 0.136144
0.964481 0.136144 0.961199 0.139914
0.961199 0.139914 0.95784 0.143614
0.95784 0.143614 0.954412 0.147251
0.954412 0.147251 0.95092 0.150827
0.95092 0.150827 0.947372 0.154347
0.947372 0.154347 0.943774 0.157815
0.943774 0.157815 0.940131 0.161236
0.940131 0.161236 0.936448 0.164615
0.936448 0.164615 0.93273 0.167955
0.93273 0.167955 0.928982 0.171262
0.928982 0.171262 0.925209 0.174539
0.925209 0.174539 0.921415 0.177793
0.921415 0.177793 0.917605 0.181027
0.917605 0.181027 0.913782 0.184246
0.913782 0.184246 0.909951 0.187457
0.909951 0.187457 0.906117 0.190663
0.906117 0.190663 0.902284 0.19387
0.902284 0.19387 0.898457 0.197084
0.898457 0.197084 0.894641 0.200311
0.894641 0.200311 0.890841 0.203558
0.890841 0.203558 0.887063 0.20683
0.887063 0.20683 0.883314 0.210135
0.883314 0.210135 0.879601 0.213481
0.879601 0.213481 0.875932 0.216873
0.875932 0.216873 0.872314 0.220322
0.872314 0.220322 0.86876 0.223835
0.86876 0.223835 0.865278 0.227421
0.865278 0.227421 0.861883 0.231089
0.861883 0.231089 0.858589 0.234847
0.858589 0.234847 0.855411 0.238704
0.855411 0.238704 0.852366 0.242667
0.852366 0.242667 0.849474 0.246743
0.849474 0.246743 0.846754 0.250935
0.846754 0.250935 0.844227 0.255247
0.844227 0.255247 0.841912 0.259676
0.841912 0.259676 0.839828 0.264217
0.839828 0.264217 0.837988 0.268864
0.837988 0.268864 0.836405 0.273604
0.836405 0.273604 0.835083 0.278423
0.835083 0.278423 0.834023 0.283306
0.834023 0.283306 0.833217 0.288238
0.833217 0.288238 0.832657 0.293204
0.832657 0.293204 0.832327 0.298191
0.832327 0.298191 0.832211 0.303187
0.832211 0.303187 0.83229 0.308184
0.83229 0.308184 0.832545 0.313175
0.832545 0.313175 0.832957 0.318156
0.832957 0.318156 0.833509 0.323123
0.833509 0.323123 0.834184 0.328075
0.834184 0.328075 0.834966 0.333011
0.834966 0.333011 0.83584 0.337932
0.83584 0.337932 0.836793 0.342838
0.836793 0.342838 0.837814 0.347731
0.837814 0.347731 0.838889 0.352611
0.838889 0.352611 0.84001 0.357482
0.84001 0.357482 0.841167 0.362344
0.841167 0.362344 0.842351 0.3672
0.842351 0.3672 0.843554 0.372051
0.843554 0.372051 0.844768 0.376899
0.844768 0.376899 0.845985 0.381746
0.845985 0.381746 0.8472 0.386594
0.8472 0.386594 0.848404 0.391445
0.848404 0.391445 0.849592 0.3963
0.849592 0.3963 0.850758 0.40116
0.850758 0.40116 0.851893 0.406027
0.851893 0.406027 0.852994 0.410902
0.852994 0.410902 0.854052 0.415787
0.854052 0.415787 0.855061 0.420681
0.855061 0.420681 0.856016 0.425587
0.856016 0.425587 0.856909 0.430505
0.856909 0.430505 0.857732 0.435434
0.857732 0.435434 0.858479 0.440376
0.858479 0.440376 0.859142 0.44533
0.859142 0.44533 0.859713 0.450295
0.859713 0.450295 0.860184 0.45527
0.860184 0.45527 0.860546 0.460255
0.860546 0.460255 0.860789 0.465247
0.860789 0.465247 0.860904 0.470243
0.860904 0.470243 0.860881 0.475241
0.860881 0.475241 0.860709 0.480236
0.860709 0.480236 0.860379 0.485222
0.860379 0.485222 0.859878 0.490195
0.859878 0.490195 0.859198 0.495146
0.859198 0.495146 0.858326 0.500067
0.858326 0.500067 0.857254 0.504948
0.857254 0.504948 0.855972 0.509778
0.855972 0.509778 0.854473 0.514545
0.854473 0.514545 0.852751 0.519237
0.852751 0.519237 0.850802 0.523838
0.850802 0.523838 0.848624 0.528336
0.848624 0.528336 0.84622 0.532717
0.84622 0.532717 0.8436 0.536973
0.8436 0.536973 0.840905 0.541182
0.840905 0.541182 0.83819 0.545378
0.83819 0.545378 0.835454 0.549561
0.835454 0.549561 0.832697 0.553729
0.832697 0.553729 0.829919 0.557884
0.829919 0.557884 0.82712 0.562025
0.82712 0.562025 0.824301 0.566152
0.824301 0.566152 0.821461 0.570264
0.821461 0.570264 0.818601 0.574363
0.818601 0.574363 0.81572 0.578447
0.81572 0.578447 0.812819 0.582516
0.812819 0.582516 0.809897 0.586572
0.809897 0.586572 0.806956 0.590612
0.806956 0.590612 0.803994 0.594638
0.803994 0.594638 0.801012 0.598649
0.801012 0.598649 0.79801 0.602644
0.79801 0.602644 0.794988 0.606625
0.794988 0.606625 0.791946 0.610591
0.791946 0.610591 0.788885 0.614541
0.788885 0.614541 0.785803 0.618476
0.785803 0.618476 0.782703 0.622396
0.782703 0.622396 0.779582 0.6263
0.779582 0.6263 0.776442 0.630188
0.776442 0.630188 0.773283 0.634061
0.773283 0.634061 0.770103 0.637917
0.770103 0.637917 0.766794 0.641662
0.766794 0.641662 0.763296 0.645231
0.763296 0.645231 0.759622 0.648618
0.759622 0.648618 0.755784 0.651819
0.755784 0.651819 0.751796 0.654831
0.751796 0.654831 0.747673 0.657654
0.747673 0.657654 0.743428 0.660292
0.743428 0.660292 0.739076 0.662748
0.739076 0.662748 0.734629 0.665028
0.734629 0.665028 0.730099 0.667139
0.730099 0.667139 0.725497 0.669087
0.725497 0.669087 0.720832 0.670882
0.720832 0.670882 0.716115 0.672532
0.716115 0.672532 0.711351 0.674044
0.711351 0.674044 0.706549 0.675428
0.706549 0.675428 0.701714 0.676693
0.701714 0.676693 0.696851 0.677846
0.696851 0.677846 0.691965 0.678895
0.691965 0.678895 0.687059 0.679849
0.687059 0.679849 0.682136 0.680715
0.682136 0.680715 0.677201 0.6815
0.677201 0.6815 0.672254 0.682211
0.672254 0.682211 0.667298 0.682856
0.667298 0.682856 0.662334 0.683441
0.662334 0.683441 0.657365 0.683973
0.657365 0.683973 0.65239 0.684458
0.65239 0.684458 0.647412 0.684903
0.647412 0.684903 0.642431 0.685314
0.642431 0.685314 0.637448 0.685698
0.637448 0.685698 0.632464 0.68606
0.632464 0.68606 0.627478 0.686409
0.627478 0.686409 0.622492 0.68675
0.622492 0.68675 0.617505 0.68709
0.617505 0.68709 0.61252 0.687438
0.61252 0.687438 0.607535 0.6878
0.607535 0.6878 0.602552 0.688184
0.602552 0.688184 0.597571 0.6886
0.597571 0.6886 0.592594 0.689056
0.592594 0.689056 0.587622 0.689563
0.587622 0.689563 0.582657 0.69013
0.582657 0.69013 0.5777 0.69077
0.5777 0.69077 0.572755 0.691495
0.572755 0.691495 0.567825 0.692317
0.567825 0.692317 0.562916 0.693253
0.562916 0.693253 0.558032 0.694315
0.558032 0.694315 0.553182 0.695521
0.553182 0.695521 0.548375 0.696887
0.548375 0.696887 0.543621 0.698428
0.543621 0.698428 0.538934 0.700161
0.538934 0.700161 0.534327 0.7021
0.534327 0.7021 0.529819 0.704255
0.529819 0.704255 0.525425 0.706636
0.525425 0.706636 0.521163 0.709245
0.521163 0.709245 0.517049 0.712082
0.517049 0.712082 0.513096 0.71514
0.513096 0.71514 0.509315 0.718407
0.509315 0.718407 0.505711 0.721869
0.505711 0.721869 0.502286 0.725508
0.502286 0.725508 0.499036 0.729304
0.499036 0.729304 0.495956 0.73324
0.495956 0.73324 0.493037 0.737296
0.493037 0.737296 0.490267 0.741456
0.490267 0.741456 0.487634 0.745704
0.487634 0.745704 0.485126 0.750027
0.485126 0.750027 0.48273 0.754413
0.48273 0.754413 0.480434 0.758852
0.480434 0.758852 0.478225 0.763335
0.478225 0.763335 0.476092 0.767855
0.476092 0.767855 0.474024 0.772405
0.474024 0.772405 0.47201 0.776979
0.47201 0.776979 0.470043 0.781573
0.470043 0.781573 0.468111 0.786183
0.468111 0.786183 0.466208 0.790804
0.466208 0.790804 0.464325 0.795434
0.464325 0.795434 0.462455 0.800069
0.462455 0.800069 0.460591 0.804706
0.460591 0.804706 0.458725 0.809342
0.458725 0.809342 0.456852 0.813976
0.456852 0.813976 0.454965 0.818604
0.454965 0.818604 0.453058 0.823224
0.453058 0.823224 0.451125 0.827833
0.451125 0.827833 0.449161 0.832428
0.449161 0.832428 0.447158 0.837007
0.447158 0.837007 0.445112 0.841567
0.445112 0.841567 0.443017 0.846105
0.443017 0.846105 0.440866 0.850616
0.440866 0.850616 0.438654 0.855098
0.438654 0.855098 0.436375 0.859546
0.436375 0.859546 0.434023 0.863956
0.434023 0.863956 0.431592 0.868322
0.431592 0.868322 0.429075 0.87264
0.429075 0.87264 0.426466 0.876903
0.426466 0.876903 0.42376 0.881104
0.42376 0.881104 0.420948 0.885236
0.420948 0.885236 0.418027 0.889291
0.418027 0.889291 0.414988 0.893259
0.414988 0.893259 0.411827 0.89713
0.411827 0.89713 0.408539 0.900894
0.408539 0.900894 0.405119 0.904537
0.405119 0.904537 0.401562 0.908048
0.401562 0.908048 0.397868 0.911414
0.397868 0.911414 0.394033 0.914619
0.394033 0.914619 0.39006 0.917649
0.39006 0.917649 0.385949 0.920492
0.385949 0.920492 0.381706 0.923132
0.381706 0.923132 0.377337 0.925558
0.377337 0.925558 0.37285 0.927758
0.37285 0.927758 0.368256 0.929724
0.368256 0.929724 0.363605 0.931553
0.363605 0.931553 0.358945 0.933359
0.358945 0.933359 0.354275 0.935141
0.354275 0.935141 0.349597 0.9369
0.349597 0.9369 0.34491 0.938636
0.34491 0.938636 0.340215 0.940348
0.340215 0.940348 0.335511 0.942036
0.335511 0.942036 0.330798 0.943701
0.330798 0.943701 0.326078 0.945343
0.326078 0.945343 0.321349 0.946961
0.321349 0.946961 0.316612 0.948555
0.316612 0.948555 0.311868 0.950126
0.311868 0.950126 0.307115 0.951672
0.307115 0.951672 0.302355 0.953195
0.302355 0.953195 0.297587 0.954695
0.297587 0.954695 0.292812 0.95617
0.292812 0.95617 0.28803 0.957622
0.28803 0.957622 0.28324 0.959049
0.28324 0.959049 0.278443 0.960453
0.278443 0.960453 0.273639 0.961832
0.273639 0.961832 0.268829 0.963188
0.268829 0.963188 0.264012 0.964519
0.264012 0.964519 0.259188 0.965827
0.259188 0.965827 0.254358 0.96711
0.254358 0.96711 0.249521 0.968369
0.249521 0.968369 0.244659 0.969526
0.244659 0.969526 0.239745 0.970434
0.239745 0.970434 0.234791 0.97109
0.234791 0.97109 0.22981 0.971497
0.22981 0.971497 0.224815 0.971661
0.224815 0.971661 0.219819 0.97159
0.219819 0.97159 0.21483 0.971295
0.21483 0.971295 0.209858 0.970785
0.209858 0.970785 0.204912 0.970074
0.204912 0.970074 0.199996 0.969173
0.199996 0.969173 0.195116 0.968095
0.195116 0.968095 0.190275 0.966853
0.190275 0.966853 0.185476 0.965458
0.185476 0.965458 0.18072 0.963922
0.18072 0.963922 0.176008 0.962256
0.176008 0.962256 0.17134 0.960471
0.17134 0.960471 0.166716 0.958576
0.166716 0.958576 0.162133 0.956581
0.162133 0.956581 0.157592 0.954495
0.157592 0.954495 0.153089 0.952325
0.153089 0.952325 0.148624 0.950081
0.148624 0.950081 0.144194 0.947768
0.144194 0.947768 0.139796 0.945393
0.139796 0.945393 0.135428 0.942964
0.135428 0.942964 0.131087 0.940487
0.131087 0.940487 0.126771 0.937967
0.126771 0.937967 0.122476 0.935411
0.122476 0.935411 0.1182 0.932824
0.1182 0.932824 0.113939 0.930211
0.113939 0.930211 0.10969 0.92758
0.10969 0.92758 0.10545 0.924934
0.10545 0.924934 0.101215 0.92228
0.101215 0.92228 0.0969812 0.919625
0.0969812 0.919625 0.092745 0.916973
0.092745 0.916973 0.0885022 0.914331
0.0885022 0.914331 0.0842489 0.911707
0.0842489 0.911707 0.0799805 0.909107
0.0799805 0.909107 0.0756926 0.906539
0.0756926 0.906539 0.0713805 0.904012
0.0713805 0.904012 0.0670395 0.901536
0.0670395 0.901536 0.0626644 0.899119
0.0626644 0.899119 0.0582505 0.896775
0.0582505 0.896775 0.0537928 0.894515
0.0537928 0.894515 0.0492867 0.892354
0.0492867 0.892354 0.0447278 0.890306
0.0447278 0.890306 0.0401127 0.888388
0.0401127 0.888388 0.0354387 0.886619
0.0354387 0.886619 0.0307046 0.885017
0.0307046 0.885017 0.0259112 0.883604
0.0259112 0.883604 0.0210613 0.882398
0.0210613 0.882398 0.0161606 0.88142
0.0161606 0.88142 0.0112173 0.880687
0.0112173 0.880687 0.00624249 0.880213
0.00624249 0.880213 0.00124943 0.880009
0.00124943 0.880009 -0.00374736 0.880077
-0.00374736 0.880077 -0.00873304 0.880417
-0.00873304 0.880417 -0.0136936 0.881022
-0.0136936 0.881022 -0.0186168 0.88188
-0.0186168 0.88188 -0.023493 0.882974
-0.023493 0.882974 -0.0283152 0.884286
-0.0283152 0.884286 -0.0330792 0.885796
-0.0330792 0.885796 -0.0377832 0.887484
-0.0377832 0.887484 -0.0424275 0.88933
-0.0424275 0.88933 -0.0470141 0.891315
-0.0470141 0.891315 -0.0515461 0.893421
-0.0515461 0.893421 -0.0560274 0.895634
-0.0560274 0.895634 -0.0604626 0.897938
-0.0604626 0.897938 -0.0648565 0.900319
-0.0648565 0.900319 -0.0692139 0.902767
-0.0692139 0.902767 -0.0735399 0.90527
-0.0735399 0.90527 -0.0778393 0.907818
-0.0778393 0.907818 -0.0821168 0.910403
-0.0821168 0.910403 -0.0863772 0.913016
-0.0863772 0.913016 -0.0906247 0.91565
-0.0906247 0.91565 -0.0948637 0.918298
-0.0948637 0.918298 -0.0990982 0.920952
-0.0990982 0.920952 -0.103332 0.923608
-0.103332 0.923608 -0.107569 0.926258
-0.107569 0.926258 -0.111814 0.928898
-0.111814 0.928898 -0.116068 0.93152
-0.116068 0.93152 -0.120336 0.934121
-0.120336 0.934121 -0.124621 0.936693
-0.124621 0.936693 -0.128926 0.939232
-0.128926 0.939232 -0.133254 0.941731
-0.133254 0.941731 -0.137608 0.944185
-0.137608 0.944185 -0.141991 0.946588
-0.141991 0.946588 -0.146405 0.948932
-0.146405 0.948932 -0.150852 0.951212
-0.150852 0.951212 -0.155336 0.95342
-0.155336 0.95342 -0.159857 0.955549
-0.159857 0.955549 -0.164419 0.95759
-0.164419 0.95759 -0.169023 0.959536
-0.169023 0.959536 -0.173669 0.961377
-0.173669 0.961377 -0.178359 0.963104
-0.178359 0.963104 -0.183093 0.964707
-0.183093 0.964707 -0.18787 0.966174
-0.18787 0.966174 -0.19269 0.967494
-0.19269 0.967494 -0.197551 0.968656
-0.197551 0.968656 -0.20245 0.969647
-0.20245 0.969647 -0.207381 0.970454
-0.207381 0.970454 -0.212341 0.971066
-0.212341 0.971066 -0.217323 0.97147
-0.217323 0.97147 -0.222317 0.971654
-0.222317 0.971654 -0.227314 0.971609
-0.227314 0.971609 -0.232303 0.971324
-0.232303 0.971324 -0.237272 0.970793
-0.237272 0.970793 -0.242208 0.970012
-0.242208 0.970012 -0.247097 0.968978
-0.247097 0.968978 -0.25194 0.967743
-0.25194 0.967743 -0.256774 0.966472
-0.256774 0.966472 -0.261601 0.965176
-0.261601 0.965176 -0.266421 0.963857
-0.266421 0.963857 -0.271235 0.962513
-0.271235 0.962513 -0.276042 0.961146
-0.276042 0.961146 -0.280842 0.959754
-0.280842 0.959754 -0.285636 0.958338
-0.285636 0.958338 -0.290422 0.956899
-0.290422 0.956899 -0.295201 0.955435
-0.295201 0.955435 -0.299972 0.953948
-0.299972 0.953948 -0.304736 0.952437
-0.304736 0.952437 -0.309492 0.950902
-0.309492 0.950902 -0.314241 0.949343
-0.314241 0.949343 -0.318982 0.947761
-0.318982 0.947761 -0.323714 0.946155
-0.323714 0.946155 -0.328439 0.944525
-0.328439 0.944525 -0.333156 0.942872
-0.333156 0.942872 -0.337864 0.941195
-0.337864 0.941195 -0.342564 0.939495
-0.342564 0.939495 -0.347255 0.937771
-0.347255 0.937771 -0.351937 0.936024
-0.351937 0.936024 -0.356611 0.934253
-0.356611 0.934253 -0.361276 0.932459
-0.361276 0.932459 -0.365932 0.930642
-0.365932 0.930642 -0.370566 0.928771
-0.370566 0.928771 -0.375108 0.926687
-0.375108 0.926687 -0.379537 0.924372
-0.379537 0.924372 -0.383844 0.921838
-0.383844 0.921838 -0.388021 0.919095
-0.388021 0.919095 -0.392064 0.916157
-0.392064 0.916157 -0.395968 0.913037
-0.395968 0.913037 -0.399732 0.90975
-0.399732 0.90975 -0.403358 0.90631
-0.403358 0.90631 -0.406846 0.902731
-0.406846 0.902731 -0.410199 0.899026
-0.410199 0.899026 -0.413423 0.895207
-0.413423 0.895207 -0.416522 0.891286
-0.416522 0.891286 -0.419502 0.887274
-0.419502 0.887274 -0.422367 0.883179
-0.422367 0.883179 -0.425126 0.879012
-0.425126 0.879012 -0.427783 0.874779
-0.427783 0.874779 -0.430345 0.870488
-0.430345 0.870488 -0.432818 0.866145
-0.432818 0.866145 -0.435209 0.861756
-0.435209 0.861756 -0.437524 0.857326
-0.437524 0.857326 -0.439768 0.852861
-0.439768 0.852861 -0.441949 0.848364
-0.441949 0.848364 -0.444071 0.843839
-0.444071 0.843839 -0.446141 0.83929
-0.446141 0.83929 -0.448164 0.83472
-0.448164 0.83472 -0.450147 0.830132
-0.450147 0.830132 -0.452096 0.82553
-0.452096 0.82553 -0.454015 0.820915
-0.454015 0.820915 -0.455911 0.816291
-0.455911 0.816291 -0.45779 0.81166
-0.45779 0.81166 -0.459659 0.807024
-0.459659 0.807024 -0.461523 0.802387
-0.461523 0.802387 -0.463389 0.797751
-0.463389 0.797751 -0.465265 0.793118
-0.465265 0.793118 -0.467157 0.788492
-0.467157 0.788492 -0.469073 0.783876
-0.469073 0.783876 -0.471022 0.779274
-0.471022 0.779274 -0.473011 0.774689
-0.473011 0.774689 -0.47505 0.770126
-0.47505 0.770126 -0.47715 0.765591
-0.47715 0.765591 -0.479319 0.761088
-0.479319 0.761088 -0.481571 0.756626
-0.481571 0.756626 -0.483915 0.752213
-0.483915 0.752213 -0.486365 0.747857
-0.486365 0.747857 -0.488934 0.74357
-0.488934 0.74357 -0.491634 0.739364
-0.491634 0.739364 -0.494477 0.735254
-0.494477 0.735254 -0.497475 0.731256
-0.497475 0.731256 -0.500639 0.727387
-0.500639 0.727387 -0.503976 0.723667
-0.503976 0.723667 -0.507491 0.720115
-0.507491 0.720115 -0.511184 0.716748
-0.511184 0.716748 -0.515052 0.713584
-0.515052 0.713584 -0.519087 0.710636
-0.519087 0.710636 -0.523276 0.707912
-0.523276 0.707912 -0.527606 0.705417
-0.527606 0.705417 -0.53206 0.70315
-0.53206 0.70315 -0.536619 0.701104
-0.536619 0.701104 -0.541268 0.69927
-0.541268 0.69927 -0.54599 0.697635
-0.54599 0.697635 -0.550773 0.696183
-0.550773 0.696183 -0.555603 0.694899
-0.555603 0.694899 -0.56047 0.693767
-0.56047 0.693767 -0.565368 0.69277
-0.565368 0.69277 -0.570288 0.691893
-0.570288 0.691893 -0.575226 0.691121
-0.575226 0.691121 -0.580177 0.69044
-0.580177 0.69044 -0.585138 0.689838
-0.585138 0.689838 -0.590107 0.689302
-0.590107 0.689302 -0.595082 0.688822
-0.595082 0.688822 -0.600061 0.688387
-0.600061 0.688387 -0.605043 0.687988
-0.605043 0.687988 -0.610027 0.687616
-0.610027 0.687616 -0.615012 0.687263
-0.615012 0.687263 -0.619998 0.68692
-0.619998 0.68692 -0.624985 0.68658
-0.624985 0.68658 -0.629971 0.686236
-0.629971 0.686236 -0.634956 0.685881
-0.634956 0.685881 -0.63994 0.685509
-0.63994 0.685509 -0.644922 0.685112
-0.644922 0.685112 -0.649902 0.684685
-0.649902 0.684685 -0.654878 0.684221
-0.654878 0.684221 -0.65985 0.683713
-0.65985 0.683713 -0.664817 0.683156
-0.664817 0.683156 -0.669777 0.682542
-0.669777 0.682542 -0.674728 0.681864
-0.674728 0.681864 -0.67967 0.681117
-0.67967 0.681117 -0.684599 0.680292
-0.684599 0.680292 -0.689514 0.679384
-0.689514 0.679384 -0.694411 0.678383
-0.694411 0.678383 -0.699286 0.677283
-0.699286 0.677283 -0.704135 0.676075
-0.704135 0.676075 -0.708955 0.674752
-0.708955 0.674752 -0.713738 0.673304
-0.713738 0.673304 -0.71848 0.671725
-0.71848 0.671725 -0.723172 0.670003
-0.723172 0.670003 -0.727806 0.668133
-0.727806 0.668133 -0.732373 0.666104
-0.732373 0.666104 -0.736864 0.66391
-0.736864 0.66391 -0.741265 0.661543
-0.741265 0.661543 -0.745565 0.658996
-0.745565 0.658996 -0.749751 0.656266
-0.749751 0.656266 -0.753808 0.653348
-0.753808 0.653348 -0.757723 0.650242
-0.757723 0.650242 -0.76148 0.646948
-0.76148 0.646948 -0.765068 0.643469
-0.765068 0.643469 -0.768473 0.639811
-0.768473 0.639811 -0.771696 0.635992
-0.771696 0.635992 -0.774865 0.632127
-0.774865 0.632127 -0.778015 0.628246
-0.778015 0.628246 -0.781145 0.62435
-0.781145 0.62435 -0.784255 0.620438
-0.784255 0.620438 -0.787347 0.616511
-0.787347 0.616511 -0.790418 0.612568
-0.790418 0.612568 -0.79347 0.60861
-0.79347 0.60861 -0.796501 0.604637
-0.796501 0.604637 -0.799513 0.600648
-0.799513 0.600648 -0.802505 0.596645
-0.802505 0.596645 -0.805477 0.592627
-0.805477 0.592627 -0.808429 0.588594
-0.808429 0.588594 -0.811361 0.584546
-0.811361 0.584546 -0.814272 0.580483
-0.814272 0.580483 -0.817163 0.576407
-0.817163 0.576407 -0.820034 0.572315
-0.820034 0.572315 -0.822884 0.56821
-0.822884 0.56821 -0.825713 0.56409
-0.825713 0.56409 -0.828522 0.559956
-0.828522 0.559956 -0.83131 0.555808
-0.83131 0.555808 -0.834078 0.551647
-0.834078 0.551647 -0.836825 0.547471
-0.836825 0.547471 -0.83955 0.543282
-0.83955 0.543282 -0.842255 0.539079
-0.842255 0.539079 -0.844934 0.53486
-0.844934 0.53486 -0.84745 0.530542
-0.84745 0.530542 -0.849741 0.526101
-0.849741 0.526101 -0.851805 0.52155
-0.851805 0.52155 -0.85364 0.516901
-0.85364 0.516901 -0.85525 0.512171
-0.85525 0.512171 -0.85664 0.50737
-0.85664 0.50737 -0.857816 0.502513
-0.857816 0.502513 -0.858786 0.497611
-0.858786 0.497611 -0.859561 0.492674
-0.859561 0.492674 -0.86015 0.487711
-0.86015 0.487711 -0.860565 0.48273
-0.860565 0.48273 -0.860814 0.477739
-0.860814 0.477739 -0.86091 0.472742
-0.86091 0.472742 -0.860863 0.467745
-0.860863 0.467745 -0.860683 0.46275
-0.860683 0.46275 -0.860379 0.457762
-0.860379 0.457762 -0.859962 0.452781
-0.859962 0.452781 -0.85944 0.447811
-0.85944 0.447811 -0.858822 0.442851
-0.858822 0.442851 -0.858116 0.437904
-0.858116 0.437904 -0.857329 0.432968
-0.857329 0.432968 -0.85647 0.428045
-0.85647 0.428045 -0.855546 0.423133
-0.855546 0.423133 -0.854563 0.418233
-0.854563 0.418233 -0.853528 0.413343
-0.853528 0.413343 -0.852448 0.408463
-0.852448 0.408463 -0.851329 0.403592
-0.851329 0.403592 -0.850178 0.398729
-0.850178 0.398729 -0.849001 0.393872
-0.849001 0.393872 -0.847804 0.389019
-0.847804 0.389019 -0.846593 0.38417
-0.846593 0.38417 -0.845377 0.379323
-0.845377 0.379323 -0.84416 0.374475
-0.84416 0.374475 -0.842951 0.369626
-0.842951 0.369626 -0.841756 0.364773
-0.841756 0.364773 -0.840585 0.359914
-0.840585 0.359914 -0.839445 0.355048
-0.839445 0.355048 -0.838345 0.350173
-0.838345 0.350173 -0.837296 0.345286
-0.837296 0.345286 -0.836308 0.340387
-0.836308 0.340387 -0.835392 0.335474
-0.835392 0.335474 -0.834563 0.330545
-0.834563 0.330545 -0.833833 0.325601
-0.833833 0.325601 -0.833217 0.320641
-0.833217 0.320641 -0.832732 0.315667
-0.832732 0.315667 -0.832396 0.310681
-0.832396 0.310681 -0.832227 0.305686
-0.832227 0.305686 -0.832243 0.300688
-0.832243 0.300688 -0.832464 0.295696
-0.832464 0.295696 -0.832907 0.290718
-0.832907 0.290718 -0.833589 0.285767
-0.833589 0.285767 -0.834521 0.280858
-0.834521 0.280858 -0.835711 0.276004
-0.835711 0.276004 -0.837164 0.271223
-0.837164 0.271223 -0.838877 0.266528
-0.838877 0.266528 -0.84084 0.261933
-0.84084 0.261933 -0.843042 0.257447
-0.843042 0.257447 -0.845465 0.253076
-0.845465 0.253076 -0.848091 0.248824
-0.848091 0.248824 -0.8509 0.244691
-0.8509 0.244691 -0.853871 0.240672
-0.853871 0.240672 -0.856984 0.236763
-0.856984 0.236763 -0.860223 0.232956
-0.860223 0.232956 -0.863569 0.229244
-0.863569 0.229244 -0.867009 0.225619
-0.867009 0.225619 -0.870528 0.22207
-0.870528 0.22207 -0.874116 0.21859
-0.874116 0.21859 -0.87776 0.215171
-0.87776 0.215171 -0.881453 0.211802
-0.881453 0.211802 -0.885185 0.208478
-0.885185 0.208478 -0.888949 0.20519
-0.888949 0.20519 -0.892739 0.201932
-0.892739 0.201932 -0.896547 0.198696
-0.896547 0.198696 -0.90037 0.195476
-0.90037 0.195476 -0.9042 0.192266
-0.9042 0.192266 -0.908035 0.18906
-0.908035 0.18906 -0.911867 0.185852
-0.911867 0.185852 -0.915695 0.182638
-0.915695 0.182638 -0.919512 0.179412
-0.919512 0.179412 -0.923315 0.176169
-0.923315 0.176169 -0.927099 0.172904
-0.927099 0.172904 -0.930859 0.169612
-0.930859 0.169612 -0.934593 0.166289
-0.934593 0.166289 -0.938294 0.162931
-0.938294 0.162931 -0.941958 0.159531
-0.941958 0.159531 -0.945579 0.156087
-0.945579 0.156087 -0.949153 0.152594
-0.949153 0.152594 -0.952674 0.149046
-0.952674 0.149046 -0.956134 0.14544
-0.956134 0.14544 -0.959529 0.141772
-0.959529 0.141772 -0.96285 0.138038
-0.96285 0.138038 -0.96609 0.134232
-0.96609 0.134232 -0.96924 0.130352
-0.96924 0.130352 -0.97229 0.126393
-0.97229 0.126393 -0.975232 0.122353
-0.975232 0.122353 -0.978055 0.118229
-0.978055 0.118229 -0.980746 0.114018
-0.980746 0.114018 -0.983294 0.109718
-0.983294 0.109718 -0.985686 0.105331
-0.985686 0.105331 -0.987909 0.100854
-0.987909 0.100854 -0.989949 0.0962922
-0.989949 0.0962922 -0.991792 0.091647
-0.991792 0.091647 -0.993425 0.0869239
-0.993425 0.0869239 -0.994835 0.0821296
-0.994835 0.0821296 -0.996011 0.0772725
-0.996011 0.0772725 -0.996943 0.0723629
-0.996943 0.0723629 -0.997624 0.0674121
-0.997624 0.0674121 -0.998049 0.0624329
-0.998049 0.0624329 -0.998349 0.057444
-0.998349 0.057444 -0.998623 0.0524537
-0.998623 0.0524537 -0.998873 0.0474621
-0.998873 0.0474621 -0.999098 0.0424692
-0.999098 0.0424692 -0.999298 0.0374753
-0.999298 0.0374753 -0.999472 0.0324805
-0.999472 0.0324805 -0.999622 0.0274849
-0.999622 0.0274849 -0.999747 0.0224886
-0.999747 0.0224886 -0.999847 0.0174917
-0.999847 0.0174917 -0.999922 0.0124944
-0.999922 0.0124944 -0.999972 0.00749675
-0.999972 0.00749675 -0.999997 0.00249894
-0.999997 0.00249894 -0.999997 -0.00249894
-0.999997 -0.00249894 -0.999972 -0.00749675
-0.999972 -0.00749675 -0.999922 -0.0124944
-0.999922 -0.0124944 -0.999847 -0.0174917
-0.999847 -0.0174917 -0.999747 -0.0224886
-0.999747 -0.0224886 -0.999622 -0.0274849
-0.999622 -0.0274849 -0.999472 -0.0324805
-0.999472 -0.0324805 -0.999298 -0.0374753
-0.999298 -0.0374753 -0.999098 -0.0424692
-0.999098 -0.0424692 -0.998873 -0.0474621
-0.998873 -0.0474621 -0.998623 -0.0524537
-0.998623 -0.0524537 -0.998349 -0.057444
-0.998349 -0.057444 -0.998049 -0.0624329
-0.998049 -0.0624329 -0.997624 -0.0674121
-0.997624 -0.0674121 -0.996943 -0.0723629
-0.996943 -0.0723629 -0.996011 -0.0772725
-0.996011 -0.0772725 -0.994835 -0.0821296
-0.994835 -0.0821296 -0.993425 -0.0869239
-0.993425 -0.0869239 -0.991792 -0.091647
-0.991792 -0.091647 -0.989949 -0.0962922
-0.989949 -0.0962922 -0.987909 -0.100854
-0.987909 -0.100854 -0.985686 -0.105331
-0.985686 -0.105331 -0.983294 -0.109718
-0.983294 -0.109718 -0.980746 -0.114018
-0.980746 -0.114018 -0.978055 -0.118229
-0.978055 -0.118229 -0.975232 -0.122353
-0.975232 -0.122353 -0.97229 -0.126393
-0.97229 -0.126393 -0.96924 -0.130352
-0.96924 -0.130352 -0.96609 -0.134232
-0.96609 -0.134232 -0.96285 -0.138038
-0.96285 -0.138038 -0.959529 -0.141772
-0.959529 -0.141772 -0.956134 -0.14544
-0.956134 -0.14544 -0.952674 -0.149046
-0.952674 -0.149046 -0.949153 -0.152594
-0.949153 -0.152594 -0.945579 -0.156087
-0.945579 -0.156087 -0.941958 -0.159531
-0.941958 -0.159531 -0.938294 -0.162931
-0.938294 -0.162931 -0.934593 -0.166289
-0.934593 -0.166289 -0.930859 -0.169612
-0.930859 -0.169612 -0.927099 -0.172904
-0.927099 -0.172904 -0.923315 -0.176169
-0.923315 -0.176169 -0.919512 -0.179412
-0.919512 -0.179412 -0.915695 -0.182638
-0.915695 -0.182638 -0.911867 -0.185852
-0.911867 -0.185852 -0.908035 -0.18906
-0.908035 -0.18906 -0.9042 -0.192266
-0.9042 -0.192266 -0.90037 -0.195476
-0.90037 -0.195476 -0.896547 -0.198696
-0.896547 -0.198696 -0.892739 -0.201932
-0.892739 -0.201932 -0.888949 -0.20519
-0.888949 -0.20519 -0.885185 -0.208478
-0.885185 -0.208478 -0.881453 -0.211802
-0.881453 -0.211802 -0.87776 -0.215171
-0.87776 -0.215171 -0.874116 -0.21859
-0.874116 -0.21859 -0.870528 -0.22207
-0.870528 -0.22207 -0.867009 -0.225619
-0.867009 -0.225619 -0.863569 -0.229244
-0.863569 -0.229244 -0.860223 -0.232956
-0.860223 -0.232956 -0.856984 -0.236763
-0.856984 -0.236763 -0.853871 -0.240672
-0.853871 -0.240672 -0.8509 -0.244691
-0.8509 -0.244691 -0.848091 -0.248824
-0.848091 -0.248824 -0.845465 -0.253076
-0.845465 -0.253076 -0.843042 -0.257447
-0.843042 -0.257447 -0.84084 -0.261933
-0.84084 -0.261933 -0.838877 -0.266528
-0.838877 -0.266528 -0.837164 -0.271223
-0.837164 -0.271223 -0.835711 -0.276004
-0.835711 -0.276004 -0.834521 -0.280858
-0.834521 -0.280858 -0.833589 -0.285767
-0.833589 -0.285767 -0.832907 -0.290718
-0.832907 -0.290718 -0.832464 -0.295696
-0.832464 -0.295696 -0.832243 -0.300688
-0.832243 -0.300688 -0.832227 -0.305686
-0.832227 -0.305686 -0.832396 -0.310681
-0.832396 -0.310681 -0.832732 -0.315667
-0.832732 -0.315667 -0.833217 -0.320641
-0.833217 -0.320641 -0.833833 -0.325601
-0.833833 -0.325601 -0.834563 -0.330545
-0.834563 -0.330545 -0.835392 -0.335474
-0.835392 -0.335474 -0.836308 -0.340387
-0.836308 -0.340387 -0.837296 -0.345286
-0.837296 -0.345286 -0.838345 -0.350173
-0.838345 -0.350173 -0.839445 -0.355048
-0.839445 -0.355048 -0.840585 -0.359914
-0.840585 -0.359914 -0.841756 -0.364773
-0.841756 -0.364773 -0.842951 -0.369626
-0.842951 -0.369626 -0.84416 -0.374475
-0.84416 -0.374475 -0.845377 -0.379323
-0.845377 -0.379323 -0.846593 -0.38417
-0.846593 -0.38417 -0.847804 -0.389019
-0.847804 -0.389019 -0.849001 -0.393872
-0.849001 -0.393872 -0.850178 -0.398729
-0.850178 -0.398729 -0.851329 -0.403592
-0.851329 -0.403592 -0.852448 -0.408463
-0.852448 -0.408463 -0.853528 -0.413343
-0.853528 -0.413343 -0.854563 -0.418233
-0.854563 -0.418233 -0.855546 -0.423133
-0.855546 -0.423133 -0.85647 -0.428045
-0.85647 -0.428045 -0.857329 -0.432968
-0.857329 -0.432968 -0.858116 -0.437904
-0.858116 -0.437904 -0.858822 -0.442851
-0.858822 -0.442851 -0.85944 -0.447811
-0.85944 -0.447811 -0.859962 -0.452781
-0.859962 -0.452781 -0.860379 -0.457762
-0.860379 -0.457762 -0.860683 -0.46275
-0.860683 -0.46275 -0.860863 -0.467745
-0.860863 -0.467745 -0.86091 -0.472742
-0.86091 -0.472742 -0.860814 -0.477739
-0.860814 -0.477739 -0.860565 -0.48273
-0.860565 -0.48273 -0.86015 -0.487711
-0.86015 -0.487711 -0.859561 -0.492674
-0.859561 -0.492674 -0.858786 -0.497611
-0.858786 -0.497611 -0.857816 -0.502513
-0.857816 -0.502513 -0.85664 -0.50737
-0.85664 -0.50737 -0.85525 -0.512171
-0.85525 -0.512171 -0.85364 -0.516901
-0.85364 -0.516901 -0.851805 -0.52155
-0.851805 -0.52155 -0.849741 -0.526101
-0.849741 -0.526101 -0.84745 -0.530542
-0.84745 -0.530542 -0.844934 -0.53486
-0.844934 -0.53486 -0.842255 -0.539079
-0.842255 -0.539079 -0.83955 -0.543282
-0.83955 -0.543282 -0.836825 -0.547471
-0.836825 -0.547471 -0.834078 -0.551647
-0.834078 -0.551647 -0.83131 -0.555808
-0.83131 -0.555808 -0.828522 -0.559956
-0.828522 -0.559956 -0.825713 -0.56409
-0.825713 -0.56409 -0.822884 -0.56821
-0.822884 -0.56821 -0.820034 -0.572315
-0.820034 -0.572315 -0.817163 -0.576407
-0.817163 -0.576407 -0.814272 -0.580483
-0.814272 -0.580483 -0.811361 -0.584546
-0.811361 -0.584546 -0.808429 -0.588594
-0.808429 -0.588594 -0.805477 -0.592627
-0.805477 -0.592627 -0.802505 -0.596645
-0.802505 -0.596645 -0.799513 -0.600648
-0.799513 -0.600648 -0.796501 -0.604637
-0.796501 -0.604637 -0.79347 -0.60861
-0.79347 -0.60861 -0.790418 -0.612568
-0.790418 -0.612568 -0.787347 -0.616511
-0.787347 -0.616511 -0.784255 -0.620438
-0.784255 -0.620438 -0.781145 -0.62435
-0.781145 -0.62435 -0.778015 -0.628246
-0.778015 -0.628246 -0.774865 -0.632127
-0.774865 -0.632127 -0.771696 -0.635992
-0.771696 -0.635992 -0.768473 -0.639811
-0.768473 -0.639811 -0.765068 -0.643469
-0.765068 -0.643469 -0.76148 -0.646948
-0.76148 -0.646948 -0.757723 -0.650242
-0.757723 -0.650242 -0.753808 -0.653348
-0.753808 -0.653348 -0.749751 -0.656266
-0.749751 -0.656266 -0.745565 -0.658996
-0.745565 -0.658996 -0.741265 -0.661543
-0.741265 -0.661543 -0.736864 -0.66391
-0.736864 -0.66391 -0.732373 -0.666104
-0.732373 -0.666104 -0.727806 -0.668133
-0.727806 -0.668133 -0.723172 -0.670003
-0.723172 -0.670003 -0.71848 -0.671725
-0.71848 -0.671725 -0.713738 -0.673304
-0.713738 -0.673304 -0.708955 -0.674752
-0.708955 -0.674752 -0.704135 -0.676075
-0.704135 -0.676075 -0.699286 -0.677283
-0.699286 -0.677283 -0.694411 -0.678383
-0.694411 -0.678383 -0.689514 -0.679384
-0.689514 -0.679384 -0.684599 -0.680292
-0.684599 -0.680292 -0.67967 -0.681117
-0.67967 -0.681117 -0.674728 -0.681864
-0.674728 -0.681864 -0.669777 -0.682542
-0.669777 -0.682542 -0.664817 -0.683156
-0.664817 -0.683156 -0.65985 -0.683713
-0.65985 -0.683713 -0.654878 -0.684221
-0.654878 -0.684221 -0.649902 -0.684685
-0.649902 -0.684685 -0.644922 -0.685112
-0.644922 -0.685112 -0.63994 -0.685509
-0.63994 -0.685509 -0.634956 -0.685881
-0.634956 -0.685881 -0.629971 -0.686236
-0.629971 -0.686236 -0.624985 -0.68658
-0.624985 -0.68658 -0.619998 -0.68692
-0.619998 -0.68692 -0.615012 -0.687263
-0.615012 -0.687263 -0.610027 -0.687616
-0.610027 -0.687616 -0.605043 -0.687988
-0.605043 -0.687988 -0.600061 -0.688387
-0.600061 -0.688387 -0.595082 -0.688822
-0.595082 -0.688822 -0.590107 -0.689302
-0.590107 -0.689302 -0.585138 -0.689838
-0.585138 -0.689838 -0.580177 -0.69044
-0.580177 -0.69044 -0.575226 -0.691121
-0.575226 -0.691121 -0.570288 -0.691893
-0.570288 -0.691893 -0.565368 -0.69277
-0.565368 -0.69277 -0.56047 -0.693767
-0.56047 -0.693767 -0.555603 -0.694899
-0.555603 -0.694899 -0.550773 -0.696183
-0.550773 -0.696183 -0.54599 -0.697635
-0.54599 -0.697635 -0.541268 -0.69927
-0.541268 -0.69927 -0.536619 -0.701104
-0.536619 -0.701104 -0.53206 -0.70315
-0.53206 -0.70315 -0.527606 -0.705417
-0.527606 -0.705417 -0.523276 -0.707912
-0.523276 -0.707912 -0.519087 -0.710636
-0.519087 -0.710636 -0.515052 -0.713584
-0.515052 -0.713584 -0.511184 -0.716748
-0.511184 -0.716748 -0.507491 -0.720115
-0.507491 -0.720115 -0.503976 -0.723667
-0.503976 -0.723667 -0.500639 -0.727387
-0.500639 -0.727387 -0.497475 -0.731256
-0.497475 -0.731256 -0.494477 -0.735254
-0.494477 -0.735254 -0.491634 -0.739364
-0.491634 -0.739364 -0.488934 -0.74357
-0.488934 -0.74357 -0.486365 -0.747857
-0.486365 -0.747857 -0.483915 -0.752213
-0.483915 -0.752213 -0.481571 -0.756626
-0.481571 -0.756626 -0.479319 -0.761088
-0.479319 -0.761088 -0.47715 -0.765591
-0.47715 -0.765591 -0.47505 -0.770126
-0.47505 -0.770126 -0.473011 -0.774689
-0.473011 -0.774689 -0.471022 -0.779274
-0.471022 -0.779274 -0.469073 -0.783876
-0.469073 -0.783876 -0.467157 -0.788492
-0.467157 -0.788492 -0.465265 -0.793118
-0.465265 -0.793118 -0.463389 -0.797751
-0.463389 -0.797751 -0.461523 -0.802387
-0.461523 -0.802387 -0.459659 -0.807024
-0.459659 -0.807024 -0.45779 -0.81166
-0.45779 -0.81166 -0.455911 -0.816291
-0.455911 -0.816291 -0.454015 -0.820915
-0.454015 -0.820915 -0.452096 -0.82553
-0.452096 -0.82553 -0.450147 -0.830132
-0.450147 -0.830132 -0.448164 -0.83472
-0.448164 -0.83472 -0.446141 -0.83929
-0.446141 -0.83929 -0.444071 -0.843839
-0.444071 -0.843839 -0.441949 -0.848364
-0.441949 -0.848364 -0.439768 -0.852861
-0.439768 -0.852861 -0.437524 -0.857326
-0.437524 -0.857326 -0.435209 -0.861756
-0.435209 -0.861756 -0.432818 -0.866145
-0.432818 -0.866145 -0.430345 -0.870488
-0.430345 -0.870488 -0.427783 -0.874779
-0.427783 -0.874779 -0.425126 -0.879012
-0.425126 -0.879012 -0.422367 -0.883179
-0.422367 -0.883179 -0.419502 -0.887274
-0.419502 -0.887274 -0.416522 -0.891286
-0.416522 -0.891286 -0.413423 -0.895207
-0.413423 -0.895207 -0.410199 -0.899026
-0.410199 -0.899026 -0.406846 -0.902731
-0.406846 -0.902731 -0.403358 -0.90631
-0.403358 -0.90631 -0.399732 -0.90975
-0.399732 -0.90975 -0.395968 -0.913037
-0.395968 -0.913037 -0.392064 -0.916157
-0.392064 -0.916157 -0.388021 -0.919095
-0.388021 -0.919095 -0.383844 -0.921838
-0.383844 -0.921838 -0.379537 -0.924372
-0.379537 -0.924372 -0.375108 -0.926687
-0.375108 -0.926687 -0.370566 -0.928771
-0.370566 -0.928771 -0.365932 -0.930642
-0.365932 -0.930642 -0.361276 -0.932459
-0.361276 -0.932459 -0.356611 -0.934253
-0.356611 -0.934253 -0.351937 -0.936024
-0.351937 -0.936024 -0.347255 -0.937771
-0.347255 -0.937771 -0.342564 -0.939495
-0.342564 -0.939495 -0.337864 -0.941195
-0.337864 -0.941195 -0.333156 -0.942872
-0.333156 -0.942872 -0.328439 -0.944525
-0.328439 -0.944525 -0.323714 -0.946155
-0.323714 -0.946155 -0.318982 -0.947761
-0.318982 -0.947761 -0.314241 -0.949343
-0.314241 -0.949343 -0.309492 -0.950902
-0.309492 -0.950902 -0.304736 -0.952437
-0.304736 -0.952437 -0.299972 -0.953948
-0.299972 -0.953948 -0.295201 -0.955435
-0.295201 -0.955435 -0.290422 -0.956899
-0.290422 -0.956899 -0.285636 -0.958338
-0.285636 -0.958338 -0.280842 -0.959754
-0.280842 -0.959754 -0.276042 -0.961146
-0.276042 -0.961146 -0.271235 -0.962513
-0.271235 -0.962513 -0.266421 -0.963857
-0.266421 -0.963857 -0.261601 -0.965176
-0.261601 -0.965176 -0.256774 -0.966472
-0.256774 -0.966472 -0.25194 -0.967743
-0.25194 -0.967743 -0.247097 -0.968978
-0.247097 -0.968978 -0.242208 -0.970012
-0.242208 -0.970012 -0.237272 -0.970793
-0.237272 -0.970793 -0.232303 -0.971324
-0.232303 -0.971324 -0.227314 -0.971609
-0.227314 -0.971609 -0.222317 -0.971654
-0.222317 -0.971654 -0.217323 -0.97147
-0.217323 -0.97147 -0.212341 -0.971066
-0.212341 -0.971066 -0.207381 -0.970454
-0.207381 -0.970454 -0.20245 -0.969647
-0.20245 -0.969647 -0.197551 -0.968656
-0.197551 -0.968656 -0.19269 -0.967494
-0.19269 -0.967494 -0.18787 -0.966174
-0.18787 -0.966174 -0.183093 -0.964707
-0.183093 -0.964707 -0.178359 -0.963104
-0.178359 -0.963104 -0.173669 -0.961377
-0.173669 -0.961377 -0.169023 -0.959536
-0.169023 -0.959536 -0.164419 -0.95759
-0.164419 -0.95759 -0.159857 -0.955549
-0.159857 -0.955549 -0.155336 -0.95342
-0.155336 -0.95342 -0.150852 -0.951212
-0.150852 -0.951212 -0.146405 -0.948932
-0.146405 -0.948932 -0.141991 -0.946588
-0.141991 -0.946588 -0.137608 -0.944185
-0.137608 -0.944185 -0.133254 -0.941731
-0.133254 -0.941731 -0.128926 -0.939232
-0.128926 -0.939232 -0.124621 -0.936693
-0.124621 -0.936693 -0.120336 -0.934121
-0.120336 -0.934121 -0.116068 -0.93152
-0.116068 -0.93152 -0.111814 -0.928898
-0.111814 -0.928898 -0.107569 -0.926258
-0.107569 -0.926258 -0.103332 -0.923608
-0.103332 -0.923608 -0.0990982 -0.920952
-0.0990982 -0.920952 -0.0948637 -0.918298
-0.0948637 -0.918298 -0.0906247 -0.91565
-0.0906247 -0.91565 -0.0863772 -0.913016
-0.0863772 -0.913016 -0.0821168 -0.910403
-0.0821168 -0.910403 -0.0778393 -0.907818
-0.0778393 -0.907818 -0.0735399 -0.90527
-0.0735399 -0.90527 -0.0692139 -0.902767
-0.0692139 -0.902767 -0.0648565 -0.900319
-0.0648565 -0.900319 -0.0604626 -0.897938
-0.0604626 -0.897938 -0.0560274 -0.895634
-0.0560274 -0.895634 -0.0515461 -0.893421
-0.0515461 -0.893421 -0.0470141 -0.891315
-0.0470141 -0.891315 -0.0424275 -0.88933
-0.0424275 -0.88933 -0.0377832 -0.887484
-0.0377832 -0.887484 -0.0330792 -0.885796
-0.0330792 -0.885796 -0.0283152 -0.884286
-0.0283152 -0.884286 -0.023493 -0.882974
-0.023493 -0.882974 -0.0186168 -0.88188
-0.0186168 -0.88188 -0.0136936 -0.881022
-0.0136936 -0.881022 -0.00873304 -0.880417
-0.00873304 -0.880417 -0.00374736 -0.880077
-0.00374736 -0.880077 0.00124943 -0.880009
0.00124943 -0.880009 0.00624249 -0.880213
0.00624249 -0.880213 0.0112173 -0.880687
0.0112173 -0.880687 0.0161606 -0.88142
0.0161606 -0.88142 0.0210613 -0.882398
0.0210613 -0.882398 0.0259112 -0.883604
0.0259112 -0.883604 0.0307046 -0.885017
0.0307046 -0.885017 0.0354387 -0.886619
0.0354387 -0.886619 0.0401127 -0.888388
0.0401127 -0.888388 0.0447278 -0.890306
0.0447278 -0.890306 0.0492867 -0.892354
0.0492867 -0.892354 0.0537928 -0.894515
0.0537928 -0.894515 0.0582505 -0.896775
0.0582505 -0.896775 0.0626644 -0.899119
0.0626644 -0.899119 0.0670395 -0.901536
0.0670395 -0.901536 0.0713805 -0.904012
0.0713805 -0.904012 0.0756926 -0.906539
0.0756926 -0.906539 0.0799805 -0.909107
0.0799805 -0.909107 0.0842489 -0.911707
0.0842489 -0.911707 0.0885022 -0.914331
0.0885022 -0.914331 0.092745 -0.916973
0.092745 -0.916973 0.0969812 -0.919625
0.0969812 -0.919625 0.101215 -0.92228
0.101215 -0.92228 0.10545 -0.924934
0.10545 -0.924934 0.10969 -0.92758
0.10969 -0.92758 0.113939 -0.930211
0.113939 -0.930211 0.1182 -0.932824
0.1182 -0.932824 0.122476 -0.935411
0.122476 -0.935411 0.126771 -0.937967
0.126771 -0.937967 0.131087 -0.940487
0.131087 -0.940487 0.135428 -0.942964
0.135428 -0.942964 0.139796 -0.945393
0.139796 -0.945393 0.144194 -0.947768
0.144194 -0.947768 0.148624 -0.950081
0.148624 -0.950081 0.153089 -0.952325
0.153089 -0.952325 0.157592 -0.954495
0.157592 -0.954495 0.162133 -0.956581
0.162133 -0.956581 0.166716 -0.958576
0.166716 -0.958576 0.17134 -0.960471
0.17134 -0.960471 0.176008 -0.962256
0.176008 -0.962256 0.18072 -0.963922
0.18072 -0.963922 0.185476 -0.965458
0.185476 -0.965458 0.190275 -0.966853
0.190275 -0.966853 0.195116 -0.968095
0.195116 -0.968095 0.199996 -0.969173
0.199996 -0.969173 0.204912 -0.970074
0.204912 -0.970074 0.209858 -0.970785
0.209858 -0.970785 0.21483 -0.971295
0.21483 -0.971295 0.219819 -0.97159
0.219819 -0.97159 0.224815 -0.971661
0.224815 -0.971661 0.22981 -0.971497
0.22981 -0.971497 0.234791 -0.97109
0.234791 -0.97109 0.239745 -0.970434
0.239745 -0.970434 0.244659 -0.969526
0.244659 -0.969526 0.249521 -0.968369
0.249521 -0.968369 0.254358 -0.96711
0.254358 -0.96711 0.259188 -0.965827
0.259188 -0.965827 0.264012 -0.964519
0.264012 -0.964519 0.268829 -0.963188
0.268829 -0.963188 0.273639 -0.961832
0.273639 -0.961832 0.278443 -0.960453
0.278443 -0.960453 0.28324 -0.959049
0.28324 -0.959049 0.28803 -0.957622
0.28803 -0.957622 0.292812 -0.95617
0.292812 -0.95617 0.297587 -0.954695
0.297587 -0.954695 0.302355 -0.953195
0.302355 -0.953195 0.307115 -0.951672
0.307115 -0.951672 0.311868 -0.950126
0.311868 -0.950126 0.316612 -0.948555
0.316612 -0.948555 0.321349 -0.946961
0.321349 -0.946961 0.326078 -0.945343
0.326078 -0.945343 0.330798 -0.943701
0.330798 -0.943701 0.335511 -0.942036
0.335511 -0.942036 0.340215 -0.940348
0.340215 -0.940348 0.34491 -0.938636
0.34491 -0.938636 0.349597 -0.9369
0.349597 -0.9369 0.354275 -0.935141
0.354275 -0.935141 0.358945 -0.933359
0.358945 -0.933359 0.363605 -0.931553
0.363605 -0.931553 0.368256 -0.929724
0.368256 -0.929724 0.37285 -0.927758
0.37285 -0.927758 0.377337 -0.925558
0.377337 -0.925558 0.381706 -0.923132
0.381706 -0.923132 0.385949 -0.920492
0.385949 -0.920492 0.39006 -0.917649
0.39006 -0.917649 0.394033 -0.914619
0.394033 -0.914619 0.397868 -0.911414
0.397868 -0.911414 0.401562 -0.908048
0.401562 -0.908048 0.405119 -0.904537
0.405119 -0.904537 0.408539 -0.900894
0.408539 -0.900894 0.411827 -0.89713
0.411827 -0.89713 0.414988 -0.893259
0.414988 -0.893259 0.418027 -0.889291
0.418027 -0.889291 0.420948 -0.885236
0.420948 -0.885236 0.42376 -0.881104
0.42376 -0.881104 0.426466 -0.876903
0.426466 -0.876903 0.429075 -0.87264
0.429075 -0.87264 0.431592 -0.868322
0.431592 -0.868322 0.434023 -0.863956
0.434023 -0.863956 0.436375 -0.859546
0.436375 -0.859546 0.438654 -0.855098
0.438654 -0.855098 0.440866 -0.850616
0.440866 -0.850616 0.443017 -0.846105
0.443017 -0.846105 0.445112 -0.841567
0.445112 -0.841567 0.447158 -0.837007
0.447158 -0.837007 0.449161 -0.832428
0.449161 -0.832428 0.451125 -0.827833
0.451125 -0.827833 0.453058 -0.823224
0.453058 -0.823224 0.454965 -0.818604
0.454965 -0.818604 0.456852 -0.813976
0.456852 -0.813976 0.458725 -0.809342
0.458725 -0.809342 0.460591 -0.804706
0.460591 -0.804706 0.462455 -0.800069
0.462455 -0.800069 0.464325 -0.795434
0.464325 -0.795434 0.466208 -0.790804
0.466208 -0.790804 0.468111 -0.786183
0.468111 -0.786183 0.470043 -0.781573
0.470043 -0.781573 0.47201 -0.776979
0.47201 -0.776979 0.474024 -0.772405
0.474024 -0.772405 0.476092 -0.767855
0.476092 -0.767855 0.478225 -0.763335
0.478225 -0.763335 0.480434 -0.758852
0.480434 -0.758852 0.48273 -0.754413
0.48273 -0.754413 0.485126 -0.750027
0.485126 -0.750027 0.487634 -0.745704
0.487634 -0.745704 0.490267 -0.741456
0.490267 -0.741456 0.493037 -0.737296
0.493037 -0.737296 0.495956 -0.73324
0.495956 -0.73324 0.499036 -0.729304
0.499036 -0.729304 0.502286 -0.725508
0.502286 -0.725508 0.505711 -0.721869
0.505711 -0.721869 0.509315 -0.718407
0.509315 -0.718407 0.513096 -0.71514
0.513096 -0.71514 0.517049 -0.712082
0.517049 -0.712082 0.521163 -0.709245
0.521163 -0.709245 0.525425 -0.706636
0.525425 -0.706636 0.529819 -0.704255
0.529819 -0.704255 0.534327 -0.7021
0.534327 -0.7021 0.538934 -0.700161
0.538934 -0.700161 0.543621 -0.698428
0.543621 -0.698428 0.548375 -0.696887
0.548375 -0.696887 0.553182 -0.695521
0.553182 -0.695521 0.558032 -0.694315
0.558032 -0.694315 0.562916 -0.693253
0.562916 -0.693253 0.567825 -0.692317
0.567825 -0.692317 0.572755 -0.691495
0.572755 -0.691495 0.5777 -0.69077
0.5777 -0.69077 0.582657 -0.69013
0.582657 -0.69013 0.587622 -0.689563
0.587622 -0.689563 0.592594 -0.689056
0.592594 -0.689056 0.597571 -0.6886
0.597571 -0.6886 0.602552 -0.688184
0.602552 -0.688184 0.607535 -0.6878
0.607535 -0.6878 0.61252 -0.687438
0.61252 -0.687438 0.617505 -0.68709
0.617505 -0.68709 0.622492 -0.68675
0.622492 -0.68675 0.627478 -0.686409
0.627478 -0.686409 0.632464 -0.68606
0.632464 -0.68606 0.637448 -0.685698
0.637448 -0.685698 0.642431 -0.685314
0.642431 -0.685314 0.647412 -0.684903
0.647412 -0.684903 0.65239 -0.684458
0.65239 -0.684458 0.657365 -0.683973
0.657365 -0.683973 0.662334 -0.683441
0.662334 -0.683441 0.667298 -0.682856
0.667298 -0.682856 0.672254 -0.682211
0.672254 -0.682211 0.677201 -0.6815
0.677201 -0.6815 0.682136 -0.680715
0.682136 -0.680715 0.687059 -0.679849
0.687059 -0.679849 0.691965 -0.678895
0.691965 -0.678895 0.696851 -0.677846
0.696851 -0.677846 0.701714 -0.676693
0.701714 -0.676693 0.706549 -0.675428
0.706549 -0.675428 0.711351 -0.674044
0.711351 -0.674044 0.716115 -0.672532
0.716115 -0.672532 0.720832 -0.670882
0.720832 -0.670882 0.725497 -0.669087
0.725497 -0.669087 0.730099 -0.667139
0.730099 -0.667139 0.734629 -0.665028
0.734629 -0.665028 0.739076 -0.662748
0.739076 -0.662748 0.743428 -0.660292
0.743428 -0.660292 0.747673 -0.657654
0.747673 -0.657654 0.751796 -0.654831
0.751796 -0.654831 0.755784 -0.651819
0.755784 -0.651819 0.759622 -0.648618
0.759622 -0.648618 0.763296 -0.645231
0.763296 -0.645231 0.766794 -0.641662
0.766794 -0.641662 0.770103 -0.637917
0.770103 -0.637917 0.773283 -0.634061
0.773283 -0.634061 0.776442 -0.630188
0.776442 -0.630188 0.779582 -0.6263
0.779582 -0.6263 0.782703 -0.622396
0.782703 -0.622396 0.785803 -0.618476
0.785803 -0.618476 0.788885 -0.614541
0.788885 -0.614541 0.791946 -0.610591
0.791946 -0.610591 0.794988 -0.606625
0.794988 -0.606625 0.79801 -0.602644
0.79801 -0.602644 0.801012 -0.598649
0.801012 -0.598649 0.803994 -0.594638
0.803994 -0.594638 0.806956 -0.590612
0.806956 -0.590612 0.809897 -0.586572
0.809897 -0.586572 0.812819 -0.582516
0.812819 -0.582516 0.81572 -0.578447
0.81572 -0.578447 0.818601 -0.574363
0.818601 -0.574363 0.821461 -0.570264
0.821461 -0.570264 0.824301 -0.566152
0.824301 -0.566152 0.82712 -0.562025
0.82712 -0.562025 0.829919 -0.557884
0.829919 -0.557884 0.832697 -0.553729
0.832697 -0.553729 0.835454 -0.549561
0.835454 -0.549561 0.83819 -0.545378
0.83819 -0.545378 0.840905 -0.541182
0.840905 -0.541182 0.8436 -0.536973
0.8436 -0.536973 0.84622 -0.532717
0.84622 -0.532717 0.848624 -0.528336
0.848624 -0.528336 0.850802 -0.523838
0.850802 -0.523838 0.852751 -0.519237
0.852751 -0.519237 0.854473 -0.514545
0.854473 -0.514545 0.855972 -0.509778
0.855972 -0.509778 0.857254 -0.504948
0.857254 -0.504948 0.858326 -0.500067
0.858326 -0.500067 0.859198 -0.495146
0.859198 -0.495146 0.859878 -0.490195
0.859878 -0.490195 0.860379 -0.485222
0.860379 -0.485222 0.860709 -0.480236
0.860709 -0.480236 0.860881 -0.475241
0.860881 -0.475241 0.860904 -0.470243
0.860904 -0.470243 0.860789 -0.465247
0.860789 -0.465247 0.860546 -0.460255
0.860546 -0.460255 0.860184 -0.45527
0.860184 -0.45527 0.859713 -0.450295
0.859713 -0.450295 0.859142 -0.44533
0.859142 -0.44533 0.858479 -0.440376
0.858479 -0.440376 0.857732 -0.435434
0.857732 -0.435434 0.856909 -0.430505
0.856909 -0.430505 0.856016 -0.425587
0.856016 -0.425587 0.855061 -0.420681
0.855061 -0.420681 0.854052 -0.415787
0.854052 -0.415787 0.852994 -0.410902
0.852994 -0.410902 0.851893 -0.406027
0.851893 -0.406027 0.850758 -0.40116
0.850758 -0.40116 0.849592 -0.3963
0.849592 -0.3963 0.848404 -0.391445
0.848404 -0.391445 0.8472 -0.386594
0.8472 -0.386594 0.845985 -0.381746
0.845985 -0.381746 0.844768 -0.376899
0.844768 -0.376899 0.843554 -0.372051
0.843554 -0.372051 0.842351 -0.3672
0.842351 -0.3672 0.841167 -0.362344
0.841167 -0.362344 0.84001 -0.357482
0.84001 -0.357482 0.838889 -0.352611
0.838889 -0.352611 0.837814 -0.347731
0.837814 -0.347731 0.836793 -0.342838
0.836793 -0.342838 0.83584 -0.337932
0.83584 -0.337932 0.834966 -0.333011
0.834966 -0.333011 0.834184 -0.328075
0.834184 -0.328075 0.833509 -0.323123
0.833509 -0.323123 0.832957 -0.318156
0.832957 -0.318156 0.832545 -0.313175
0.832545 -0.313175 0.83229 -0.308184
0.83229 -0.308184 0.832211 -0.303187
0.832211 -0.303187 0.832327 -0.298191
0.832327 -0.298191 0.832657 -0.293204
0.832657 -0.293204 0.833217 -0.288238
0.833217 -0.288238 0.834023 -0.283306
0.834023 -0.283306 0.835083 -0.278423
0.835083 -0.278423 0.836405 -0.273604
0.836405 -0.273604 0.837988 -0.268864
0.837988 -0.268864 0.839828 -0.264217
0.839828 -0.264217 0.841912 -0.259676
0.841912 -0.259676 0.844227 -0.255247
0.844227 -0.255247 0.846754 -0.250935
0.846754 -0.250935 0.849474 -0.246743
0.849474 -0.246743 0.852366 -0.242667
0.852366 -0.242667 0.855411 -0.238704
0.855411 -0.238704 0.858589 -0.234847
0.858589 -0.234847 0.861883 -0.231089
0.861883 -0.231089 0.865278 -0.227421
0.865278 -0.227421 0.86876 -0.223835
0.86876 -0.223835 0.872314 -0.220322
0.872314 -0.220322 0.875932 -0.216873
0.875932 -0.216873 0.879601 -0.213481
0.879601 -0.213481 0.883314 -0.210135
0.883314 -0.210135 0.887063 -0.20683
0.887063 -0.20683 0.890841 -0.203558
0.890841 -0.203558 0.894641 -0.200311
0.894641 -0.200311 0.898457 -0.197084
0.898457 -0.197084 0.902284 -0.19387
0.902284 -0.19387 0.906117 -0.190663
0.906117 -0.190663 0.909951 -0.187457
0.909951 -0.187457 0.913782 -0.184246
0.913782 -0.184246 0.917605 -0.181027
0.917605 -0.181027 0.921415 -0.177793
0.921415 -0.177793 0.925209 -0.174539
0.925209 -0.174539 0.928982 -0.171262
0.928982 -0.171262 0.93273 -0.167955
0.93273 -0.167955 0.936448 -0.164615
0.936448 -0.164615 0.940131 -0.161236
0.940131 -0.161236 0.943774 -0.157815
0.943774 -0.157815 0.947372 -0.154347
0.947372 -0.154347 0.95092 -0.150827
0.95092 -0.150827 0.954412 -0.147251
0.954412 -0.147251 0.95784 -0.143614
0.95784 -0.143614 0.961199 -0.139914
0.961199 -0.139914 0.964481 -0.136144
0.964481 -0.136144 0.967676 -0.132301
0.967676 -0.132301 0.970778 -0.128382
0.970778 -0.128382 0.973776 -0.124384
0.973776 -0.124384 0.976659 -0.120302
0.976659 -0.120302 0.979417 -0.116134
0.979417 -0.116134 0.982039 -0.111879
0.982039 -0.111879 0.984511 -0.107536
0.984511 -0.107536 0.98682 -0.103103
0.98682 -0.103103 0.988953 -0.098584
0.988953 -0.098584 0.990896 -0.0939797
0.990896 -0.0939797 0.992636 -0.0892948
0.992636 -0.0892948 0.994159 -0.0845351
0.994159 -0.0845351 0.995453 -0.0797083
0.995453 -0.0797083 0.996508 -0.0748236
0.996508 -0.0748236 0.997316 -0.0698919
0.997316 -0.0698919 0.997869 -0.0649253
0.997869 -0.0649253 0.998202 -0.0599387
0.998202 -0.0599387 0.998489 -0.054949
0.998489 -0.054949 0.998751 -0.049958
0.998751 -0.049958 0.998989 -0.0449658
0.998989 -0.0449658 0.999201 -0.0399724
0.999201 -0.0399724 0.999388 -0.034978
0.999388 -0.034978 0.99955 -0.0299828
0.99955 -0.0299828 0.999688 -0.0249868
0.999688 -0.0249868 0.9998 -0.0199902
0.9998 -0.0199902 0.999888 -0.0149931
0.999888 -0.0149931 0.99995 -0.0099956
0.99995 -0.0099956 0.999988 -0.00499786
0 0 1 0
