-2 -2 0.309594 0.215308 0.280016 0.253134 0.127332
-2 -1.9 0.3846 0.0820683 0.371049 0.122976 0.109581
-2 -1.8 0.406853 -0.0651325 0.405184 -0.0263566 0.0941957
-2 -1.7 0.380425 -0.206993 0.38621 -0.171677 0.0826295
-2 -1.6 0.315591 -0.329209 0.326301 -0.296286 0.075916
-2 -1.5 0.22637 -0.424179 0.241641 -0.392404 0.0733228
-2 -1.4 0.127218 -0.491847 0.147718 -0.461263 0.0724745
-2 -1.3 0.0293418 -0.538651 0.0550628 -0.510687 0.0704306
-2 -1.2 -0.0618088 -0.574248 -0.0325549 -0.550553 0.0651805
-2 -1.1 -0.146373 -0.607245 -0.116776 -0.588174 0.0563674
-2 -1 -0.227126 -0.642059 -0.200463 -0.625983 0.0457156
-2 -0.9 -0.305387 -0.67856 -0.283595 -0.662548 0.0363411
-2 -0.8 -0.378247 -0.714408 -0.361308 -0.695894 0.0310427
-2 -0.7 -0.438781 -0.748295 -0.425454 -0.726528 0.0294226
-2 -0.6 -0.479096 -0.781755 -0.468181 -0.758585 0.0279337
-2 -0.5 -0.494411 -0.818275 -0.485957 -0.7973 0.0236546
-2 -0.4 -0.485895 -0.860333 -0.48124 -0.845433 0.0157989
-2 -0.3 -0.460896 -0.906391 -0.461885 -0.900042 0.00631929
-2 -0.2 -0.430668 -0.949984 -0.438036 -0.952357 0.00742034
-2 -0.1 -0.406808 -0.981744 -0.419335 -0.990527 0.0143972
-2 6.38378e-16 -0.39782 -0.993423 -0.412313 -1.00455 0.0170744
-2 0.1 -0.406808 -0.981744 -0.419336 -0.990526 0.0143971
-2 0.2 -0.430668 -0.949984 -0.438035 -0.952358 0.00742
-2 0.3 -0.460896 -0.906391 -0.461885 -0.900041 0.00632011
-2 0.4 -0.485895 -0.860333 -0.48124 -0.845433 0.0157989
-2 0.5 -0.494411 -0.818275 -0.485958 -0.797299 0.0236548
-2 0.6 -0.479096 -0.781755 -0.468182 -0.758584 0.0279337
-2 0.7 -0.438781 -0.748295 -0.425454 -0.726528 0.0294229
-2 0.8 -0.378247 -0.714408 -0.361309 -0.695894 0.0310426
-2 0.9 -0.305387 -0.67856 -0.283594 -0.662548 0.0363421
-2 1 -0.227126 -0.642059 -0.200463 -0.625983 0.0457145
-2 1.1 -0.146373 -0.607245 -0.116777 -0.588174 0.056366
-2 1.2 -0.0618088 -0.574248 -0.0325556 -0.550555 0.0651775
-2 1.3 0.0293418 -0.538651 0.0550629 -0.51069 0.0704268
-2 1.4 0.127218 -0.491847 0.147718 -0.461262 0.0724753
-2 1.5 0.22637 -0.424179 0.241639 -0.392403 0.0733233
-2 1.6 0.315591 -0.329209 0.326304 -0.296287 0.0759164
-2 1.7 0.380425 -0.206993 0.386211 -0.171677 0.0826303
-2 1.8 0.406853 -0.0651325 0.405185 -0.0263564 0.0941961
-2 1.9 0.3846 0.0820683 0.371049 0.122975 0.10958
-1.9 -2 0.360091 -0.11407 0.373431 -0.063821 0.137639
-1.9 -1.9 0.296327 -0.257994 0.323999 -0.220299 0.119018
-1.9 -1.8 0.188107 -0.365678 0.221997 -0.341133 0.101756
-1.9 -1.7 0.0544354 -0.42922 0.0893588 -0.414916 0.0872262
-1.9 -1.6 -0.0869612 -0.448525 -0.0526369 -0.440743 0.0770346
-1.9 -1.5 -0.221508 -0.429772 -0.186985 -0.426218 0.0717805
-1.9 -1.4 -0.339599 -0.383856 -0.303723 -0.384219 0.0700025
-1.9 -1.3 -0.438101 -0.32385 -0.400901 -0.329016 0.0689363
-1.9 -1.2 -0.520302 -0.261515 -0.483438 -0.271801 0.0657229
-1.9 -1.1 -0.593467 -0.204229 -0.559244 -0.218187 0.0588881
-1.9 -1 -0.664699 -0.154139 -0.634584 -0.168571 0.0489409
-1.9 -0.9 -0.737201 -0.110192 -0.710831 -0.121369 0.0384245
-1.9 -0.8 -0.808981 -0.0718231 -0.784569 -0.0772103 0.030782
-1.9 -0.7 -0.874618 -0.0418176 -0.850431 -0.0411456 0.0276335
-1.9 -0.6 -0.92873 -0.0262735 -0.904749 -0.0212967 0.0263609
-1.9 -0.5 -0.968886 -0.0314337 -0.947448 -0.0247832 0.0231541
-1.9 -0.4 -0.99627 -0.0591966 -0.981206 -0.0530001 0.0163208
-1.9 -0.3 -1.01417 -0.104048 -1.00895 -0.0992357 0.00696002
-1.9 -0.2 -1.0257 -0.153434 -1.0314 -0.149916 0.00646224
-1.9 -0.1 -1.03247 -0.191741 -1.04669 -0.18894 0.0138046
-1.9 6.38378e-16 -1.03475 -0.206155 -1.05223 -0.203537 0.0167526
-1.9 0.1 -1.03247 -0.191741 -1.04669 -0.18894 0.0138047
-1.9 0.2 -1.0257 -0.153434 -1.0314 -0.149915 0.00646232
-1.9 0.3 -1.01417 -0.104048 -1.00895 -0.0992366 0.00695918
-1.9 0.4 -0.99627 -0.0591966 -0.981207 -0.0530016 0.0163199
-1.9 0.5 -0.968886 -0.0314337 -0.947448 -0.0247841 0.0231537
-1.9 0.6 -0.92873 -0.0262735 -0.904749 -0.0212966 0.0263609
-1.9 0.7 -0.874618 -0.0418176 -0.85043 -0.041147 0.027634
-1.9 0.8 -0.808981 -0.0718231 -0.784568 -0.0772108 0.0307825
-1.9 0.9 -0.737201 -0.110192 -0.710832 -0.121368 0.0384218
-1.9 1 -0.664699 -0.154139 -0.634584 -0.168571 0.0489416
-1.9 1.1 -0.593467 -0.204229 -0.559243 -0.218187 0.0588889
-1.9 1.2 -0.520302 -0.261515 -0.483438 -0.271801 0.0657228
-1.9 1.3 -0.438101 -0.32385 -0.400901 -0.329016 0.0689369
-1.9 1.4 -0.339599 -0.383856 -0.303723 -0.384218 0.0700027
-1.9 1.5 -0.221508 -0.429772 -0.186985 -0.426217 0.0717804
-1.9 1.6 -0.0869612 -0.448525 -0.052637 -0.440743 0.0770343
-1.9 1.7 0.0544354 -0.42922 0.0893587 -0.414916 0.0872261
-1.9 1.8 0.188107 -0.365678 0.221995 -0.341133 0.101753
-1.9 1.9 0.296327 -0.257994 0.324001 -0.220298 0.119022
-1.8 -2 0.132416 -0.355894 0.184216 -0.334076 0.148021
-1.8 -1.9 -0.0267891 -0.392778 0.0239099 -0.392778 0.128779
-1.8 -1.8 -0.182379 -0.368282 -0.139659 -0.38346 0.110315
-1.8 -1.7 -0.315555 -0.294961 -0.282449 -0.318246 0.0937033
-1.8 -1.6 -0.41605 -0.188208 -0.390639 -0.214751 0.0804715
-1.8 -1.5 -0.480561 -0.0634403 -0.459793 -0.0914494 0.0719345
-1.8 -1.4 -0.511674 0.0653946 -0.493426 0.0354046 0.0680546
-1.8 -1.3 -0.517099 0.187434 -0.501062 0.154421 0.0667285
-1.8 -1.2 -0.508004 0.296743 -0.495219 0.260754 0.0649184
-1.8 -1.1 -0.495919 0.39312 -0.487187 0.356031 0.0602099
-1.8 -1 -0.489244 0.480572 -0.483754 0.445454 0.05183
-1.8 -0.9 -0.491297 0.563613 -0.486351 0.533247 0.0411491
-1.8 -0.8 -0.501135 0.643264 -0.493405 0.618719 0.0315589
-1.8 -0.7 -0.516523 0.715218 -0.50386 0.695902 0.0261798
-1.8 -0.6 -0.536827 0.771456 -0.519765 0.756087 0.0244332
-1.8 -0.5 -0.563641 0.804498 -0.545399 0.792593 0.0221758
-1.8 -0.4 -0.59861 0.811865 -0.583752 0.804378 0.0164945
-1.8 -0.3 -0.640113 0.798268 -0.63245 0.796911 0.00760551
-1.8 -0.2 -0.681494 0.774431 -0.682326 0.780093 0.00554754
-1.8 -0.1 -0.712615 0.753215 -0.720227 0.764626 0.0132286
-1.8 6.38378e-16 -0.724234 0.744852 -0.734429 0.758483 0.0163847
-1.8 0.1 -0.712615 0.753215 -0.720227 0.764626 0.0132288
-1.8 0.2 -0.681494 0.774431 -0.682326 0.780093 0.00554755
-1.8 0.3 -0.640113 0.798268 -0.63245 0.796911 0.00760585
-1.8 0.4 -0.59861 0.811865 -0.583752 0.804378 0.0164948
-1.8 0.5 -0.563641 0.804498 -0.545399 0.792593 0.0221758
-1.8 0.6 -0.536827 0.771456 -0.519764 0.756088 0.0244334
-1.8 0.7 -0.516523 0.715218 -0.503859 0.695903 0.0261793
-1.8 0.8 -0.501135 0.643264 -0.493405 0.618719 0.0315588
-1.8 0.9 -0.491297 0.563613 -0.486351 0.533247 0.0411493
-1.8 1 -0.489244 0.480572 -0.483754 0.445453 0.0518317
-1.8 1.1 -0.495919 0.39312 -0.487187 0.35603 0.0602121
-1.8 1.2 -0.508004 0.296743 -0.495221 0.260756 0.0649143
-1.8 1.3 -0.517099 0.187434 -0.50106 0.154421 0.0667305
-1.8 1.4 -0.511674 0.0653946 -0.493425 0.035405 0.0680551
-1.8 1.5 -0.480561 -0.0634403 -0.459793 -0.0914498 0.0719343
-1.8 1.6 -0.41605 -0.188208 -0.390639 -0.214751 0.080471
-1.8 1.7 -0.315555 -0.294961 -0.282449 -0.318244 0.0937001
-1.8 1.8 -0.182379 -0.368282 -0.139659 -0.38346 0.110316
-1.8 1.9 -0.0267891 -0.392778 0.0239105 -0.392779 0.12878
-1.7 -2 -0.197673 -0.328064 -0.144537 -0.357447 0.15853
-1.7 -1.9 -0.329709 -0.219232 -0.296801 -0.263132 0.138568
-1.7 -1.8 -0.405314 -0.0737164 -0.391926 -0.120963 0.119202
-1.7 -1.7 -0.423914 0.0823834 -0.425049 0.0387046 0.101179
-1.7 -1.6 -0.393749 0.230192 -0.403534 0.192328 0.0857441
-1.7 -1.5 -0.326663 0.35823 -0.340668 0.325102 0.0741893
-1.7 -1.4 -0.235479 0.460981 -0.251773 0.430142 0.0673798
-1.7 -1.3 -0.132963 0.538003 -0.15173 0.507537 0.0645661
-1.7 -1.2 -0.0306698 0.593734 -0.0527938 0.563388 0.0631673
-1.7 -1.1 0.0629422 0.63663 0.0375511 0.60769 0.0601811
-1.7 -1 0.144044 0.676593 0.117449 0.650588 0.05377
-1.7 -0.9 0.213042 0.721217 0.188885 0.698608 0.0439974
-1.7 -0.8 0.271824 0.772802 0.253732 0.752359 0.0333237
-1.7 -0.7 0.320194 0.827983 0.310132 0.807723 0.025481
-1.7 -0.6 0.35407 0.88022 0.3515 0.859142 0.0223811
-1.7 -0.5 0.367193 0.923521 0.36964 0.903121 0.0206733
-1.7 -0.4 0.355733 0.955088 0.360192 0.939137 0.016251
-1.7 -0.3 0.32294 0.975609 0.327228 0.968379 0.00817889
-1.7 -0.2 0.280518 0.987672 0.2837 0.991288 0.00469146
-1.7 -0.1 0.245124 0.993868 0.247378 1.00653 0.0125637
-1.7 6.38378e-16 0.23139 0.995771 0.233279 1.01197 0.0159518
-1.7 0.1 0.245124 0.993868 0.247377 1.00653 0.0125647
-1.7 0.2 0.280518 0.987672 0.283701 0.991287 0.00469123
-1.7 0.3 0.32294 0.975609 0.327228 0.968379 0.00817979
-1.7 0.4 0.355733 0.955088 0.360193 0.939136 0.016252
-1.7 0.5 0.367193 0.923521 0.369639 0.903122 0.0206729
-1.7 0.6 0.35407 0.88022 0.351496 0.859143 0.0223804
-1.7 0.7 0.320194 0.827983 0.310133 0.807723 0.0254807
-1.7 0.8 0.271824 0.772802 0.253732 0.752359 0.0333233
-1.7 0.9 0.213042 0.721217 0.188885 0.698608 0.0439972
-1.7 1 0.144044 0.676593 0.117449 0.650588 0.0537708
-1.7 1.1 0.0629422 0.63663 0.0375512 0.60769 0.0601809
-1.7 1.2 -0.0306698 0.593734 -0.0527938 0.563388 0.0631671
-1.7 1.3 -0.132963 0.538003 -0.151729 0.507537 0.0645665
-1.7 1.4 -0.235479 0.460981 -0.251772 0.430142 0.0673799
-1.7 1.5 -0.326663 0.35823 -0.340667 0.325101 0.0741887
-1.7 1.6 -0.393749 0.230192 -0.403535 0.192328 0.085744
-1.7 1.7 -0.423914 0.0823834 -0.425049 0.0387056 0.101177
-1.7 1.8 -0.405314 -0.0737164 -0.391927 -0.120964 0.119204
-1.7 1.9 -0.329709 -0.219232 -0.296801 -0.263131 0.138566
-1.6 -2 -0.383205 -0.054629 -0.371989 -0.119648 0.170453
-1.6 -1.9 -0.379243 0.125534 -0.395533 0.0682796 0.14901
-1.6 -1.8 -0.304816 0.280887 -0.337788 0.239182 0.128262
-1.6 -1.7 -0.184011 0.392072 -0.22367 0.366446 0.109022
-1.6 -1.6 -0.0406033 0.454432 -0.0804371 0.441296 0.091933
-1.6 -1.5 0.107287 0.472539 0.0698307 0.467119 0.0781032
-1.6 -1.4 0.247829 0.45512 0.212325 0.45354 0.0685777
-1.6 -1.3 0.37406 0.412486 0.338732 0.412766 0.0634473
-1.6 -1.2 0.482895 0.355896 0.44625 0.357842 0.061173
-1.6 -1.1 0.575145 0.296939 0.537175 0.301188 0.0590279
-1.6 -1 0.655326 0.245792 0.617785 0.252342 0.0544486
-1.6 -0.9 0.729755 0.208977 0.695359 0.216103 0.0462753
-1.6 -0.8 0.802968 0.18831 0.773924 0.19274 0.0356229
-1.6 -0.7 0.874324 0.182091 0.851323 0.18058 0.0258103
-1.6 -0.6 0.937249 0.187765 0.919706 0.179121 0.0204585
-1.6 -0.5 0.982236 0.203895 0.96935 0.190246 0.0187118
-1.6 -0.4 1.00233 0.229785 0.994226 0.216022 0.0155318
-1.6 -0.3 0.998005 0.263067 0.995683 0.254521 0.00858002
-1.6 -0.2 0.978409 0.297616 0.982529 0.297421 0.00403312
-1.6 -0.1 0.95788 0.324213 0.967343 0.331508 0.0118146
-1.6 6.38378e-16 0.949318 0.334255 0.960871 0.344544 0.0153708
-1.6 0.1 0.95788 0.324213 0.967343 0.331509 0.0118158
-1.6 0.2 0.978409 0.297616 0.982529 0.29742 0.00403285
-1.6 0.3 0.998005 0.263067 0.995682 0.254519 0.00858198
-1.6 0.4 1.00233 0.229785 0.994226 0.216024 0.0155301
-1.6 0.5 0.982236 0.203895 0.96935 0.190245 0.0187123
-1.6 0.6 0.937249 0.187765 0.919707 0.17912 0.0204587
-1.6 0.7 0.874324 0.182091 0.851324 0.180579 0.0258096
-1.6 0.8 0.802968 0.18831 0.773927 0.192737 0.0356187
-1.6 0.9 0.729755 0.208977 0.695357 0.216103 0.0462774
-1.6 1 0.655326 0.245792 0.617786 0.252342 0.0544469
-1.6 1.1 0.575145 0.296939 0.537173 0.301187 0.0590307
-1.6 1.2 0.482895 0.355896 0.446248 0.35784 0.0611768
-1.6 1.3 0.37406 0.412486 0.338732 0.412767 0.0634464
-1.6 1.4 0.247829 0.45512 0.212325 0.45354 0.0685776
-1.6 1.5 0.107287 0.472539 0.0698307 0.467119 0.0781031
-1.6 1.6 -0.0406033 0.454432 -0.0804389 0.441298 0.0919359
-1.6 1.7 -0.184011 0.392072 -0.223673 0.366446 0.109028
-1.6 1.8 -0.304816 0.280887 -0.337788 0.239182 0.128261
-1.6 1.9 -0.379243 0.125534 -0.395534 0.0682796 0.14901
-1.5 -2 -0.290867 0.261625 -0.338021 0.20675 0.18494
-1.5 -1.9 -0.140798 0.378332 -0.201259 0.354023 0.161426
-1.5 -1.8 0.0370899 0.416644 -0.0207937 0.41888 0.138484
-1.5 -1.7 0.206998 0.383699 0.159831 0.403219 0.117088
-1.5 -1.6 0.347065 0.298634 0.311843 0.326605 0.0982338
-1.5 -1.5 0.449468 0.18247 0.423574 0.213116 0.0827067
-1.5 -1.4 0.515854 0.052182 0.495509 0.0829747 0.0711824
-1.5 -1.3 0.552386 -0.0804408 0.534471 -0.0496608 0.0637999
-1.5 -1.2 0.56703 -0.207347 0.549614 -0.175676 0.0598658
-1.5 -1.1 0.569031 -0.322893 0.551743 -0.289515 0.0574538
-1.5 -1 0.568684 -0.423798 0.552184 -0.38928 0.0539437
-1.5 -0.9 0.575735 -0.509538 0.560681 -0.476257 0.0475102
-1.5 -0.8 0.596463 -0.581579 0.582595 -0.553267 0.0378433
-1.5 -0.7 0.631203 -0.640988 0.61716 -0.621156 0.0270124
-1.5 -0.6 0.674205 -0.685954 0.658689 -0.67611 0.0191041
-1.5 -0.5 0.716341 -0.711653 0.6999 -0.71047 0.0163244
-1.5 -0.4 0.749329 -0.713625 0.735023 -0.71754 0.0143333
-1.5 -0.3 0.769199 -0.692945 0.761604 -0.697826 0.0087206
-1.5 -0.2 0.777323 -0.659308 0.779457 -0.662396 0.00368255
-1.5 -0.1 0.778669 -0.628783 0.789576 -0.629451 0.0109188
-1.5 6.38378e-16 0.7784 -0.616535 0.792847 -0.61611 0.0145553
-1.5 0.1 0.778669 -0.628783 0.789579 -0.629451 0.0109208
-1.5 0.2 0.777323 -0.659308 0.779457 -0.662396 0.00368254
-1.5 0.3 0.769199 -0.692945 0.761603 -0.697826 0.00872199
-1.5 0.4 0.749329 -0.713625 0.735023 -0.71754 0.0143337
-1.5 0.5 0.716341 -0.711653 0.699901 -0.71047 0.0163236
-1.5 0.6 0.674205 -0.685954 0.65869 -0.676109 0.0191039
-1.5 0.7 0.631203 -0.640988 0.617161 -0.621154 0.0270135
-1.5 0.8 0.596463 -0.581579 0.582595 -0.553267 0.0378425
-1.5 0.9 0.575735 -0.509538 0.560682 -0.476258 0.0475087
-1.5 1 0.568684 -0.423798 0.552185 -0.389282 0.0539404
-1.5 1.1 0.569031 -0.322893 0.551743 -0.289515 0.0574536
-1.5 1.2 0.56703 -0.207347 0.549614 -0.175676 0.059866
-1.5 1.3 0.552386 -0.0804408 0.534471 -0.049661 0.0637997
-1.5 1.4 0.515854 0.052182 0.49551 0.082976 0.0711827
-1.5 1.5 0.449468 0.18247 0.423574 0.213115 0.082705
-1.5 1.6 0.347065 0.298634 0.311843 0.326605 0.0982338
-1.5 1.7 0.206998 0.383699 0.15983 0.403219 0.117088
-1.5 1.8 0.0370899 0.416644 -0.020791 0.418879 0.138477
-1.5 1.9 -0.140798 0.378332 -0.20126 0.354022 0.161429
-1.4 -2 0.00905635 0.394742 -0.0710706 0.394597 0.202932
-1.4 -1.9 0.204755 0.352644 0.141763 0.388098 0.177263
-1.4 -1.8 0.353848 0.231036 0.317656 0.283789 0.151385
-1.4 -1.7 0.434964 0.0665629 0.423095 0.121076 0.126788
-1.4 -1.6 0.448716 -0.106275 0.453118 -0.0580784 0.104953
-1.4 -1.5 0.409305 -0.264296 0.422149 -0.223811 0.0871758
-1.4 -1.4 0.334928 -0.3973 0.351256 -0.362459 0.0740468
-1.4 -1.3 0.241448 -0.504528 0.259011 -0.472517 0.0652808
-1.4 -1.2 0.140676 -0.589845 0.158793 -0.558396 0.0598539
-1.4 -1.1 0.0416884 -0.658613 0.0603087 -0.626469 0.0562912
-1.4 -1 -0.0475408 -0.71685 -0.0285485 -0.683973 0.0528493
-1.4 -0.9 -0.120053 -0.771064 -0.101654 -0.73881 0.0475847
-1.4 -0.8 -0.171182 -0.826913 -0.155788 -0.797504 0.039309
-1.4 -0.7 -0.199726 -0.886361 -0.190588 -0.862016 0.0286197
-1.4 -0.6 -0.207829 -0.945218 -0.207362 -0.927155 0.018671
-1.4 -0.5 -0.19976 -0.993736 -0.207459 -0.982046 0.0138091
-1.4 -0.4 -0.180714 -1.02139 -0.192266 -1.01553 0.0124895
-1.4 -0.3 -0.156353 -1.02384 -0.165275 -1.02311 0.00864361
-1.4 -0.2 -0.132704 -1.00734 -0.133825 -1.01094 0.00370555
-1.4 -0.1 -0.115577 -0.98687 -0.10842 -0.993547 0.00985057
-1.4 6.38378e-16 -0.109326 -0.977872 -0.0986744 -0.985653 0.0134064
-1.4 0.1 -0.115577 -0.98687 -0.108419 -0.993547 0.00985166
-1.4 0.2 -0.132704 -1.00734 -0.133824 -1.01094 0.00370569
-1.4 0.3 -0.156353 -1.02384 -0.165276 -1.02311 0.00864366
-1.4 0.4 -0.180714 -1.02139 -0.192263 -1.01553 0.0124869
-1.4 0.5 -0.19976 -0.993736 -0.207458 -0.982046 0.013808
-1.4 0.6 -0.207829 -0.945218 -0.207362 -0.927155 0.0186709
-1.4 0.7 -0.199726 -0.886361 -0.190589 -0.862016 0.0286194
-1.4 0.8 -0.171182 -0.826913 -0.155787 -0.797503 0.0393106
-1.4 0.9 -0.120053 -0.771064 -0.101653 -0.73881 0.0475856
-1.4 1 -0.0475408 -0.71685 -0.0285484 -0.683972 0.05285
-1.4 1.1 0.0416884 -0.658613 0.0603086 -0.626468 0.0562916
-1.4 1.2 0.140676 -0.589845 0.158794 -0.558396 0.0598531
-1.4 1.3 0.241448 -0.504528 0.259011 -0.472517 0.0652806
-1.4 1.4 0.334928 -0.3973 0.351254 -0.362458 0.0740455
-1.4 1.5 0.409305 -0.264296 0.422148 -0.223811 0.0871749
-1.4 1.6 0.448716 -0.106275 0.453117 -0.0580792 0.104951
-1.4 1.7 0.434964 0.0665629 0.423095 0.121075 0.126786
-1.4 1.8 0.353848 0.231036 0.317655 0.283791 0.15139
-1.4 1.9 0.204755 0.352644 0.141763 0.388098 0.177263
-1.3 -2 0.304465 0.256014 0.244096 0.321655 0.224187
-1.3 -1.9 0.404974 0.0715277 0.389695 0.151161 0.197174
-1.3 -1.8 0.405856 -0.131399 0.427776 -0.0628932 0.168606
-1.3 -1.7 0.321708 -0.306579 0.363735 -0.260587 0.140195
-1.3 -1.6 0.183042 -0.427965 0.229941 -0.403187 0.113956
-1.3 -1.5 0.021784 -0.490521 0.0656846 -0.479556 0.0921563
-1.3 -1.4 -0.138526 -0.503812 -0.0988553 -0.499508 0.0763691
-1.3 -1.3 -0.285737 -0.483346 -0.248387 -0.481491 0.0666013
-1.3 -1.2 -0.416632 -0.444042 -0.379729 -0.442854 0.0606369
-1.3 -1.1 -0.5323 -0.39778 -0.49493 -0.39646 0.0562732
-1.3 -1 -0.634462 -0.354141 -0.596725 -0.351952 0.0520228
-1.3 -0.9 -0.724001 -0.321761 -0.687063 -0.318129 0.0468468
-1.3 -0.8 -0.800967 -0.307981 -0.76744 -0.302537 0.0395817
-1.3 -0.7 -0.864535 -0.316387 -0.838184 -0.308863 0.0297678
-1.3 -0.6 -0.912504 -0.343977 -0.896754 -0.334319 0.018945
-1.3 -0.5 -0.941498 -0.380691 -0.937227 -0.369837 0.011486
-1.3 -0.4 -0.94915 -0.413042 -0.953423 -0.403405 0.0101841
-1.3 -0.3 -0.937545 -0.430798 -0.944442 -0.425721 0.00830094
-1.3 -0.2 -0.915024 -0.432686 -0.918826 -0.434553 0.0041847
-1.3 -0.1 -0.893994 -0.426534 -0.892722 -0.434749 0.00839279
-1.3 6.38378e-16 -0.885516 -0.422882 -0.881833 -0.433714 0.0116588
-1.3 0.1 -0.893994 -0.426534 -0.892722 -0.43475 0.00839382
-1.3 0.2 -0.915024 -0.432686 -0.918825 -0.434548 0.00418221
-1.3 0.3 -0.937545 -0.430798 -0.944442 -0.425721 0.00830073
-1.3 0.4 -0.94915 -0.413042 -0.953423 -0.403404 0.0101851
-1.3 0.5 -0.941498 -0.380691 -0.937227 -0.369839 0.0114841
-1.3 0.6 -0.912504 -0.343977 -0.896754 -0.334319 0.0189449
-1.3 0.7 -0.864535 -0.316387 -0.838181 -0.308865 0.0297694
-1.3 0.8 -0.800967 -0.307981 -0.767441 -0.302537 0.0395809
-1.3 0.9 -0.724001 -0.321761 -0.687064 -0.318129 0.0468462
-1.3 1 -0.634462 -0.354141 -0.596724 -0.351952 0.0520241
-1.3 1.1 -0.5323 -0.39778 -0.49493 -0.396461 0.0562726
-1.3 1.2 -0.416632 -0.444042 -0.379729 -0.442854 0.0606364
-1.3 1.3 -0.285737 -0.483346 -0.248388 -0.481489 0.0666011
-1.3 1.4 -0.138526 -0.503812 -0.0988539 -0.49951 0.0763711
-1.3 1.5 0.021784 -0.490521 0.065687 -0.479558 0.0921603
-1.3 1.6 0.183042 -0.427965 0.229942 -0.403187 0.113957
-1.3 1.7 0.321708 -0.306579 0.363733 -0.260589 0.14019
-1.3 1.8 0.405856 -0.131399 0.427776 -0.0628931 0.168606
-1.3 1.9 0.404974 0.0715277 0.389694 0.151162 0.197175
-1.2 -2 0.396667 -0.0546674 0.401774 0.0442555 0.24738
-1.2 -1.9 0.321193 -0.261369 0.376072 -0.188306 0.220666
-1.2 -1.8 0.158601 -0.399576 0.234687 -0.368966 0.19077
-1.2 -1.7 -0.0413763 -0.446363 0.0295506 -0.453445 0.159008
-1.2 -1.6 -0.233313 -0.407865 -0.180591 -0.436541 0.127724
-1.2 -1.5 -0.388361 -0.308017 -0.353407 -0.343056 0.0998477
-1.2 -1.4 -0.496993 -0.175329 -0.472486 -0.208907 0.0788794
-1.2 -1.3 -0.564542 -0.033101 -0.543502 -0.0643161 0.0665662
-1.2 -1.2 -0.603728 0.104503 -0.58266 0.0737442 0.0608486
-1.2 -1.1 -0.6281 0.231065 -0.606235 0.199745 0.0570739
-1.2 -1 -0.648567 0.343762 -0.625849 0.312747 0.0523755
-1.2 -0.9 -0.672779 0.439552 -0.64902 0.410923 0.046294
-1.2 -0.8 -0.705406 0.513796 -0.681178 0.490045 0.038877
-1.2 -0.7 -0.747389 0.561753 -0.724813 0.545403 0.0298145
-1.2 -0.6 -0.794297 0.581782 -0.776712 0.574812 0.0192126
-1.2 -0.5 -0.836275 0.578194 -0.826616 0.580336 0.00973103
-1.2 -0.4 -0.862172 0.561322 -0.860752 0.569008 0.00759782
-1.2 -0.3 -0.86663 0.54345 -0.870553 0.550543 0.00792313
-1.2 -0.2 -0.854621 0.532557 -0.859523 0.533716 0.00500224
-1.2 -0.1 -0.838858 0.529026 -0.841935 0.523307 0.00654802
-1.2 6.38378e-16 -0.831904 0.528667 -0.833775 0.519987 0.00900812
-1.2 0.1 -0.838858 0.529026 -0.841934 0.523308 0.00654715
-1.2 0.2 -0.854621 0.532557 -0.859527 0.533714 0.00500562
-1.2 0.3 -0.86663 0.54345 -0.870554 0.550542 0.00792309
-1.2 0.4 -0.862172 0.561322 -0.860753 0.569008 0.00759733
-1.2 0.5 -0.836275 0.578194 -0.826615 0.580336 0.00973184
-1.2 0.6 -0.794297 0.581782 -0.776712 0.574811 0.0192125
-1.2 0.7 -0.747389 0.561753 -0.724813 0.545402 0.0298148
-1.2 0.8 -0.705406 0.513796 -0.681179 0.490046 0.0388762
-1.2 0.9 -0.672779 0.439552 -0.649021 0.410923 0.0462927
-1.2 1 -0.648567 0.343762 -0.625851 0.312748 0.052373
-1.2 1.1 -0.6281 0.231065 -0.606236 0.199746 0.0570722
-1.2 1.2 -0.603728 0.104503 -0.582661 0.0737441 0.060848
-1.2 1.3 -0.564542 -0.033101 -0.543502 -0.0643164 0.0665662
-1.2 1.4 -0.496993 -0.175329 -0.472486 -0.208907 0.0788789
-1.2 1.5 -0.388361 -0.308017 -0.353408 -0.343055 0.0998455
-1.2 1.6 -0.233313 -0.407865 -0.180591 -0.436541 0.127724
-1.2 1.7 -0.0413763 -0.446363 0.0295504 -0.453445 0.159007
-1.2 1.8 0.158601 -0.399576 0.234687 -0.368966 0.19077
-1.2 1.9 0.321193 -0.261369 0.376072 -0.188306 0.220667
-1.1 -2 0.231617 -0.330237 0.310631 -0.255338 0.269907
-1.1 -1.9 0.0176752 -0.416539 0.119231 -0.403204 0.245681
-1.1 -1.8 -0.203856 -0.381764 -0.119739 -0.422977 0.216439
-1.1 -1.7 -0.375848 -0.250155 -0.330325 -0.319269 0.183305
-1.1 -1.6 -0.469194 -0.0649677 -0.460717 -0.13457 0.148028
-1.1 -1.5 -0.482741 0.130957 -0.496154 0.0757203 0.113642
-1.1 -1.4 -0.434139 0.307792 -0.453644 0.267196 0.0846301
-1.1 -1.3 -0.348209 0.452664 -0.365548 0.419227 0.0659518
-1.1 -1.2 -0.247762 0.566771 -0.262229 0.533334 0.0588995
-1.1 -1.1 -0.149219 0.659035 -0.162913 0.622958 0.0571074
-1.1 -1 -0.0628325 0.739531 -0.0762913 0.701942 0.0537945
-1.1 -0.9 0.00457938 0.81481 -0.00639846 0.778121 0.0469993
-1.1 -0.8 0.047396 0.88577 0.0418583 0.852423 0.0381079
-1.1 -0.7 0.0619546 0.947858 0.0631082 0.920794 0.0285176
-1.1 -0.6 0.0503225 0.993521 0.0562889 0.97628 0.0183393
-1.1 -0.5 0.0233759 1.01703 0.0299628 1.01164 0.00836506
-1.1 -0.4 -0.0022704 1.01974 0.000946508 1.02415 0.00534681
-1.1 -0.3 -0.0140772 1.01089 -0.0156975 1.0186 0.00779388
-1.1 -0.2 -0.0115884 1.00121 -0.0157907 1.0052 0.00578563
-1.1 -0.1 -0.00385449 0.995882 -0.00763079 0.994104 0.0041912
-1.1 6.38378e-16 -0.000120706 0.994459 -0.00323614 0.990288 0.00523563
-1.1 0.1 -0.00385449 0.995882 -0.00763138 0.994104 0.00419157
-1.1 0.2 -0.0115884 1.00121 -0.0157915 1.0052 0.00578664
-1.1 0.3 -0.0140772 1.01089 -0.015697 1.0186 0.00779352
-1.1 0.4 -0.0022704 1.01974 0.000946572 1.02415 0.00534684
-1.1 0.5 0.0233759 1.01703 0.0299622 1.01164 0.00836447
-1.1 0.6 0.0503225 0.993521 0.0562906 0.97628 0.0183395
-1.1 0.7 0.0619546 0.947858 0.0631098 0.920795 0.0285167
-1.1 0.8 0.047396 0.88577 0.0418579 0.852423 0.0381085
-1.1 0.9 0.00457938 0.81481 -0.00639993 0.778117 0.0470045
-1.1 1 -0.0628325 0.739531 -0.0762912 0.701943 0.0537935
-1.1 1.1 -0.149219 0.659035 -0.162912 0.622957 0.0571082
-1.1 1.2 -0.247762 0.566771 -0.262231 0.533335 0.0588988
-1.1 1.3 -0.348209 0.452664 -0.365548 0.419227 0.0659517
-1.1 1.4 -0.434139 0.307792 -0.453643 0.267197 0.0846286
-1.1 1.5 -0.482741 0.130957 -0.496154 0.0757212 0.11364
-1.1 1.6 -0.469194 -0.0649677 -0.460717 -0.13457 0.148027
-1.1 1.7 -0.375848 -0.250155 -0.330323 -0.319271 0.18331
-1.1 1.8 -0.203856 -0.381764 -0.119739 -0.422976 0.216439
-1.1 1.9 0.0176752 -0.416539 0.119229 -0.403205 0.245676
-1 -2 -0.0783961 -0.399589 0.0392872 -0.396058 0.289131
-1 -1.9 -0.298092 -0.296462 -0.206618 -0.363063 0.269143
-1 -1.8 -0.425027 -0.0971894 -0.391844 -0.197823 0.243036
-1 -1.7 -0.435236 0.131211 -0.45987 0.0384829 0.21106
-1 -1.6 -0.343637 0.330747 -0.402074 0.271526 0.174438
-1 -1.5 -0.186555 0.468232 -0.250508 0.44446 0.135365
-1 -1.4 -0.00313162 0.536956 -0.0556207 0.53432 0.0978746
-1 -1.3 0.177101 0.549263 0.137591 0.550994 0.0685274
-1 -1.2 0.338562 0.526447 0.304406 0.523144 0.0548235
-1 -1.1 0.477566 0.490413 0.441439 0.481349 0.0544136
-1 -1 0.596727 0.458893 0.557236 0.447087 0.0547551
-1 -0.9 0.698616 0.443726 0.660032 0.430843 0.0491497
-1 -0.8 0.781237 0.450333 0.749812 0.435639 0.0384712
-1 -0.7 0.837829 0.476559 0.818229 0.460316 0.0264099
-1 -0.6 0.862617 0.511617 0.855431 0.497742 0.01558
-1 -0.5 0.859813 0.53967 0.861056 0.533368 0.00632835
-1 -0.4 0.845976 0.550614 0.849331 0.553698 0.00451512
-1 -0.3 0.837801 0.548561 0.83773 0.556778 0.00820613
-1 -0.2 0.837806 0.544722 0.834818 0.549693 0.00580418
-1 -0.1 0.83904 0.543844 0.838367 0.543831 0.000672985
-1 0.1 0.83904 0.543844 0.838367 0.543831 0.00067302
-1 0.2 0.837806 0.544722 0.834818 0.549695 0.00580618
-1 0.3 0.837801 0.548561 0.83773 0.556776 0.00820417
-1 0.4 0.845976 0.550614 0.849332 0.553696 0.00451415
-1 0.5 0.859813 0.53967 0.861057 0.533366 0.00632963
-1 0.6 0.862617 0.511617 0.855433 0.49774 0.015581
-1 0.7 0.837829 0.476559 0.818229 0.460316 0.0264099
-1 0.8 0.781237 0.450333 0.749813 0.435639 0.0384697
-1 0.9 0.698616 0.443726 0.660032 0.430843 0.0491504
-1 1 0.596727 0.458893 0.557238 0.447089 0.0547512
-1 1.1 0.477566 0.490413 0.441439 0.481349 0.0544133
-1 1.2 0.338562 0.526447 0.304406 0.523146 0.0548233
-1 1.3 0.177101 0.549263 0.13759 0.550995 0.0685283
-1 1.4 -0.00313162 0.536956 -0.0556208 0.53432 0.0978748
-1 1.5 -0.186555 0.468232 -0.250505 0.44446 0.13536
-1 1.6 -0.343637 0.330747 -0.402074 0.271526 0.17444
-1 1.7 -0.435236 0.131211 -0.459869 0.0384836 0.211058
-1 1.8 -0.425027 -0.0971894 -0.391845 -0.197821 0.243032
-1 1.9 -0.298092 -0.296462 -0.206616 -0.363064 0.269148
-0.9 -2 -0.34185 -0.230035 -0.244003 -0.307502 0.302884
-0.9 -1.9 -0.424806 0.0125056 -0.398816 -0.107282 0.288418
-0.9 -1.8 -0.359618 0.253906 -0.409903 0.147517 0.267308
-0.9 -1.7 -0.183257 0.420214 -0.278795 0.366429 0.239155
-0.9 -1.6 0.0425265 0.478662 -0.0554234 0.484032 0.204136
-0.9 -1.5 0.260592 0.435706 0.190076 0.479608 0.163616
-0.9 -1.4 0.435631 0.321162 0.398257 0.374566 0.120436
-0.9 -1.3 0.557195 0.17042 0.539767 0.213711 0.0800932
-0.9 -1.2 0.633442 0.0125434 0.618039 0.0421263 0.052643
-0.9 -1.1 0.681928 -0.133778 0.657682 -0.110947 0.047924
-0.9 -1 0.721421 -0.258317 0.687993 -0.235019 0.0531744
-0.9 -0.9 0.765705 -0.354721 0.729149 -0.33078 0.0517826
-0.9 -0.8 0.818737 -0.417015 0.786021 -0.399114 0.0405877
-0.9 -0.7 0.871774 -0.441298 0.848779 -0.435586 0.0242492
-0.9 -0.6 0.907314 -0.433933 0.897377 -0.436941 0.0103227
-0.9 -0.5 0.915192 -0.416864 0.915411 -0.419951 0.00307717
-0.9 0.5 0.915192 -0.416864 0.915411 -0.419951 0.00307717
-0.9 0.6 0.907314 -0.433933 0.897378 -0.436941 0.0103223
-0.9 0.7 0.871774 -0.441298 0.848779 -0.435586 0.0242493
-0.9 0.8 0.818737 -0.417015 0.786021 -0.399115 0.0405865
-0.9 0.9 0.765705 -0.354721 0.729148 -0.33078 0.0517832
-0.9 1 0.721421 -0.258317 0.687994 -0.23502 0.0531726
-0.9 1.1 0.681928 -0.133778 0.657682 -0.110947 0.0479236
-0.9 1.2 0.633442 0.0125434 0.618039 0.0421267 0.0526432
-0.9 1.3 0.557195 0.17042 0.539767 0.213712 0.0800944
-0.9 1.4 0.435631 0.321162 0.398258 0.374564 0.120433
-0.9 1.5 0.260592 0.435706 0.190076 0.479608 0.163616
-0.9 1.6 0.0425265 0.478662 -0.0554235 0.484032 0.204136
-0.9 1.7 -0.183257 0.420214 -0.278795 0.366429 0.239155
-0.9 1.8 -0.359618 0.253906 -0.409904 0.147515 0.267312
-0.9 1.9 -0.424806 0.0125056 -0.398816 -0.107281 0.288416
-0.8 -2 -0.41157 0.0699104 -0.382313 -0.0563127 0.310372
-0.8 -1.9 -0.293949 0.314411 -0.354605 0.199573 0.301736
-0.8 -1.8 -0.0606983 0.441363 -0.178287 0.391554 0.286639
-0.8 -1.7 0.19664 0.41969 0.0780202 0.449831 0.26407
-0.8 -1.6 0.39964 0.275245 0.325439 0.36076 0.233319
-0.8 -1.5 0.508203 0.0634701 0.492156 0.161974 0.194869
-0.8 -1.4 0.52164 -0.160575 0.547192 -0.0827825 0.150023
-0.8 -1.3 0.464465 -0.360763 0.502185 -0.313613 0.102669
-0.8 -1.2 0.369419 -0.523912 0.396453 -0.496265 0.0603192
-0.8 -1.1 0.266142 -0.653842 0.275602 -0.627314 0.0398967
-0.8 -1 0.177357 -0.76163 0.174704 -0.724712 0.0473304
-0.8 -0.9 0.119454 -0.855835 0.112447 -0.81031 0.0533028
-0.8 -0.8 0.101843 -0.93443 0.0930393 -0.893511 0.0445286
-0.8 -0.7 0.119827 -0.982937 0.110594 -0.963808 0.0214497
-0.8 0.7 0.119827 -0.982937 0.110594 -0.963809 0.0214496
-0.8 0.8 0.101843 -0.93443 0.0930394 -0.89351 0.0445292
-0.8 0.9 0.119454 -0.855835 0.112447 -0.810309 0.0533046
-0.8 1 0.177357 -0.76163 0.174704 -0.724711 0.0473313
-0.8 1.1 0.266142 -0.653842 0.275601 -0.627313 0.0398967
-0.8 1.2 0.369419 -0.523912 0.396452 -0.496265 0.0603181
-0.8 1.3 0.464465 -0.360763 0.502185 -0.313613 0.102669
-0.8 1.4 0.52164 -0.160575 0.547193 -0.0827816 0.150025
-0.8 1.5 0.508203 0.0634701 0.492156 0.161973 0.194867
-0.8 1.6 0.39964 0.275245 0.325439 0.360759 0.233316
-0.8 1.7 0.19664 0.41969 0.0780191 0.449831 0.264072
-0.8 1.8 -0.0606983 0.441363 -0.178286 0.391554 0.286637
-0.8 1.9 -0.293949 0.314411 -0.354606 0.199571 0.301741
-0.7 -2 -0.262232 0.331814 -0.315946 0.211588 0.311353
-0.7 -1.9 0.00525885 0.436079 -0.118131 0.382282 0.308654
-0.7 -1.8 0.276231 0.356964 0.146938 0.397065 0.299913
-0.7 -1.7 0.447699 0.140945 0.373575 0.251589 0.283745
-0.7 -1.6 0.474913 -0.124964 0.481407 0.00208843 0.259058
-0.7 -1.5 0.372328 -0.35994 0.442391 -0.266766 0.225111
-0.7 -1.4 0.1885 -0.518342 0.281386 -0.479821 0.182316
-0.7 -1.3 -0.0240799 -0.593978 0.0547332 -0.598047 0.132755
-0.7 -1.2 -0.228446 -0.607683 -0.178631 -0.625097 0.0812852
-0.7 -1.1 -0.40742 -0.591001 -0.379373 -0.59582 0.0396455
-0.7 -1 -0.556582 -0.574483 -0.53389 -0.556017 0.0365762
-0.7 -0.9 -0.672402 -0.581004 -0.64508 -0.54368 0.0520517
-0.7 -0.8 -0.742551 -0.617748 -0.717492 -0.574456 0.0517861
-0.7 0.8 -0.742551 -0.617748 -0.717494 -0.574457 0.051785
-0.7 0.9 -0.672402 -0.581004 -0.645077 -0.543678 0.0520553
-0.7 1 -0.556582 -0.574483 -0.53389 -0.556017 0.0365757
-0.7 1.1 -0.40742 -0.591001 -0.379373 -0.595818 0.0396449
-0.7 1.2 -0.228446 -0.607683 -0.17863 -0.625098 0.0812877
-0.7 1.3 -0.0240799 -0.593978 0.0547345 -0.598048 0.132757
-0.7 1.4 0.1885 -0.518342 0.281386 -0.479821 0.182316
-0.7 1.5 0.372328 -0.35994 0.442391 -0.266766 0.22511
-0.7 1.6 0.474913 -0.124964 0.481406 0.00208937 0.25906
-0.7 1.7 0.447699 0.140945 0.373575 0.251588 0.283743
-0.7 1.8 0.276231 0.356964 0.146936 0.397065 0.299917
-0.7 1.9 0.00525885 0.436079 -0.11813 0.382283 0.308652
-0.6 -2 0.0154386 0.427861 -0.0976779 0.361554 0.306251
-0.6 -1.9 0.300294 0.323818 0.167436 0.35563 0.309341
-0.6 -1.8 0.452434 0.0655978 0.373638 0.181765 0.307045
-0.6 -1.7 0.417818 -0.22683 0.433909 -0.0861535 0.297829
-0.6 -1.6 0.227826 -0.442103 0.326566 -0.343918 0.279978
-0.6 -1.5 -0.0372463 -0.523023 0.0934253 -0.502991 0.252119
-0.6 -1.4 -0.296423 -0.473192 -0.187671 -0.522212 0.213638
-0.6 -1.3 -0.500559 -0.334612 -0.440688 -0.414087 0.165259
-0.6 -1.2 -0.639613 -0.15802 -0.621158 -0.228194 0.110132
-0.6 -1.1 -0.731589 0.0164332 -0.726947 -0.0240044 0.0556225
-0.6 -1 -0.805274 0.162259 -0.787969 0.150351 0.0255722
-0.6 -0.9 -0.883063 0.257864 -0.841245 0.263501 0.0458688
-0.6 0.9 -0.883063 0.257864 -0.841243 0.263501 0.045871
-0.6 1 -0.805274 0.162259 -0.787967 0.150351 0.0255732
-0.6 1.1 -0.731589 0.0164332 -0.726947 -0.0240048 0.055623
-0.6 1.2 -0.639613 -0.15802 -0.621158 -0.228191 0.110128
-0.6 1.3 -0.500559 -0.334612 -0.440687 -0.414088 0.165263
-0.6 1.4 -0.296423 -0.473192 -0.187671 -0.522212 0.213639
-0.6 1.5 -0.0372463 -0.523023 0.0934252 -0.502991 0.252119
-0.6 1.6 0.227826 -0.442103 0.326567 -0.343917 0.279981
-0.6 1.7 0.417818 -0.22683 0.433909 -0.086154 0.297828
-0.6 1.8 0.452434 0.0655978 0.373636 0.181766 0.307049
-0.6 1.9 0.300294 0.323818 0.167436 0.355629 0.309341
-0.5 -2 0.282284 0.328655 0.154919 0.336037 0.294476
-0.5 -1.9 0.443884 0.0526676 0.354303 0.154412 0.303269
-0.5 -1.8 0.383395 -0.259228 0.389972 -0.116922 0.307812
-0.5 -1.7 0.141915 -0.459942 0.246301 -0.355937 0.306136
-0.5 -1.6 -0.165928 -0.475434 -0.0172202 -0.464278 0.296145
-0.5 -1.5 -0.422863 -0.320998 -0.301567 -0.402884 0.275663
-0.5 -1.4 -0.56129 -0.0686302 -0.512996 -0.197317 0.243073
-0.5 -1.3 -0.57579 0.202393 -0.598633 0.0838842 0.197748
-0.5 -1.2 -0.503847 0.44103 -0.560471 0.365213 0.141318
-0.5 -1.1 -0.397668 0.633589 -0.445111 0.597648 0.0795661
-0.5 -1 -0.30649 0.791104 -0.320285 0.771906 0.0278648
-0.5 -0.9 -0.274257 0.923206 -0.253129 0.896143 0.0356494
-0.5 0.9 -0.274257 0.923206 -0.253129 0.896142 0.0356499
-0.5 1 -0.30649 0.791104 -0.320286 0.771907 0.027865
-0.5 1.1 -0.397668 0.633589 -0.445115 0.597647 0.0795718
-0.5 1.2 -0.503847 0.44103 -0.560471 0.365213 0.141319
-0.5 1.3 -0.57579 0.202393 -0.598633 0.0838847 0.197747
-0.5 1.4 -0.56129 -0.0686302 -0.512996 -0.197317 0.243073
-0.5 1.5 -0.422863 -0.320998 -0.301567 -0.402883 0.275662
-0.5 1.6 -0.165928 -0.475434 -0.0172206 -0.464278 0.296144
-0.5 1.7 0.141915 -0.459942 0.246302 -0.355935 0.30614
-0.5 1.8 0.383395 -0.259228 0.389972 -0.116923 0.30781
-0.5 1.9 0.443884 0.0526676 0.354302 0.154412 0.303271
-0.4 -2 0.427751 0.0966974 0.329129 0.165403 0.274076
-0.4 -1.9 0.385195 -0.237533 0.366004 -0.108416 0.288447
-0.4 -1.8 0.125527 -0.451469 0.210423 -0.339352 0.300115
-0.4 -1.7 -0.208822 -0.440351 -0.0609156 -0.417881 0.306969
-0.4 -1.6 -0.458312 -0.223285 -0.328693 -0.310698 0.306664
-0.4 -1.5 -0.529308 0.0931269 -0.487184 -0.0603242 0.296086
-0.4 -1.4 -0.420823 0.388169 -0.481071 0.244421 0.272246
-0.4 -1.3 -0.196197 0.586553 -0.317292 0.508995 0.232503
-0.4 -1.2 0.0672381 0.677243 -0.0523209 0.670646 0.175941
-0.4 -1.1 0.315375 0.697812 0.238116 0.722567 0.105942
-0.4 -1 0.523923 0.708498 0.493672 0.719389 0.0364876
-0.4 1 0.523923 0.708498 0.493672 0.719389 0.0364877
-0.4 1.1 0.315375 0.697812 0.238116 0.722567 0.105942
-0.4 1.2 0.0672381 0.677243 -0.0523215 0.670646 0.175942
-0.4 1.3 -0.196197 0.586553 -0.317291 0.508996 0.232501
-0.4 1.4 -0.420823 0.388169 -0.481071 0.244422 0.272244
-0.4 1.5 -0.529308 0.0931269 -0.487184 -0.0603238 0.296085
-0.4 1.6 -0.458312 -0.223285 -0.328692 -0.310698 0.306666
-0.4 1.7 -0.208822 -0.440351 -0.0609135 -0.417881 0.306974
-0.4 1.8 0.125527 -0.451469 0.210423 -0.339352 0.300116
-0.4 1.9 0.385195 -0.237533 0.366005 -0.108417 0.288445
-0.3 -2 0.412909 -0.163701 0.366118 -0.0666636 0.242538
-0.3 -1.9 0.172833 -0.424627 0.217703 -0.313538 0.261332
-0.3 -1.8 -0.182843 -0.438148 -0.0590486 -0.390247 0.279586
-0.3 -1.7 -0.450172 -0.202877 -0.317549 -0.263672 0.295466
-0.3 -1.6 -0.494498 0.148975 -0.437993 0.00108105 0.306556
-0.3 -1.5 -0.310031 0.447383 -0.372957 0.291168 0.309408
-0.3 -1.4 0.00720531 0.579694 -0.147262 0.500201 0.299655
-0.3 -1.3 0.335331 0.529351 0.167646 0.561421 0.27245
-0.3 -1.2 0.594506 0.352782 0.485262 0.461074 0.222513
-0.3 -1.1 0.77311 0.129301 0.736816 0.237304 0.145357
-0.3 -1 0.916038 -0.0728852 0.911028 -0.0330153 0.0437283
-0.3 1 0.916038 -0.0728852 0.911029 -0.0330146 0.043729
-0.3 1.1 0.77311 0.129301 0.736816 0.237305 0.145358
-0.3 1.2 0.594506 0.352782 0.48526 0.461076 0.222516
-0.3 1.3 0.335331 0.529351 0.167645 0.561421 0.272452
-0.3 1.4 0.00720531 0.579694 -0.147262 0.500201 0.299656
-0.3 1.5 -0.310031 0.447383 -0.372957 0.291166 0.309411
-0.3 1.6 -0.494498 0.148975 -0.437991 0.00107909 0.30656
-0.3 1.7 -0.450172 -0.202877 -0.317547 -0.263672 0.295469
-0.3 1.8 -0.182843 -0.438148 -0.0590491 -0.390247 0.279585
-0.3 1.9 0.172833 -0.424627 0.217703 -0.313539 0.261329
-0.2 -2 0.267619 -0.361691 0.271348 -0.272631 0.198114
-0.2 -1.9 -0.0928091 -0.45517 -0.0144557 -0.390582 0.218589
-0.2 -1.8 -0.409422 -0.252777 -0.294643 -0.268891 0.240882
-0.2 -1.7 -0.486446 0.117647 -0.41013 0.00981995 0.263954
-0.2 -1.6 -0.284657 0.439229 -0.311763 0.292076 0.285876
-0.2 -1.5 0.079138 0.545769 -0.0579549 0.449536 0.303724
-0.2 -1.4 0.426775 0.403245 0.244709 0.428411 0.313033
-0.2 -1.3 0.627521 0.094532 0.498675 0.241566 0.308067
-0.2 -1.2 0.651499 -0.259348 0.640127 -0.0627214 0.280874
-0.2 -1.1 0.554377 -0.577444 0.639765 -0.423982 0.21939
-0.2 -1 0.433184 -0.85398 0.496083 -0.791969 0.0922408
-0.2 1 0.433184 -0.85398 0.496082 -0.791969 0.09224
-0.2 1.1 0.554377 -0.577444 0.639762 -0.423986 0.219383
-0.2 1.2 0.651499 -0.259348 0.640126 -0.0627225 0.280873
-0.2 1.3 0.627521 0.094532 0.498675 0.241566 0.308067
-0.2 1.4 0.426775 0.403245 0.244711 0.42841 0.31303
-0.2 1.5 0.079138 0.545769 -0.0579567 0.449535 0.303729
-0.2 1.6 -0.284657 0.439229 -0.311763 0.292074 0.285881
-0.2 1.7 -0.486446 0.117647 -0.41013 0.00982022 0.263954
-0.2 1.8 -0.409422 -0.252777 -0.294643 -0.268891 0.240883
-0.2 1.9 -0.0928091 -0.45517 -0.0144566 -0.390583 0.218586
-0.1 -2 0.0581134 -0.451752 0.0937204 -0.397117 0.143177
-0.1 -1.9 -0.317326 -0.347262 -0.243058 -0.334199 0.160302
-0.1 -1.8 -0.487282 0.0096542 -0.416402 -0.0432071 0.181421
-0.1 -1.7 -0.335376 0.380215 -0.322794 0.276451 0.206164
-0.1 -1.6 0.0413773 0.52857 -0.0365329 0.432027 0.233989
-0.1 -1.5 0.417693 0.370653 0.271671 0.355086 0.262965
-0.1 -1.4 0.594183 0.001304 0.458061 0.106985 0.290029
-0.1 -1.3 0.504748 -0.396298 0.470964 -0.200094 0.31024
-0.1 -1.2 0.216581 -0.675264 0.330595 -0.48118 0.317417
-0.1 -1.1 -0.151688 -0.798385 0.0746016 -0.698814 0.304217
-0.1 -1 -0.521916 -0.839025 -0.265153 -0.831901 0.259953
-0.1 1 -0.521916 -0.839025 -0.26515 -0.831903 0.259956
-0.1 1.1 -0.151688 -0.798385 0.0746033 -0.698814 0.304219
-0.1 1.2 0.216581 -0.675264 0.330595 -0.48118 0.317417
-0.1 1.3 0.504748 -0.396298 0.470963 -0.200094 0.31024
-0.1 1.4 0.594183 0.001304 0.45806 0.106986 0.290029
-0.1 1.5 0.417693 0.370653 0.271672 0.355086 0.262963
-0.1 1.6 0.0413773 0.52857 -0.0365329 0.432027 0.23399
-0.1 1.7 -0.335376 0.380215 -0.322794 0.276451 0.206165
-0.1 1.8 -0.487282 0.0096542 -0.416402 -0.0432071 0.181421
-0.1 1.9 -0.317326 -0.347262 -0.243059 -0.334199 0.160301
6.38378e-16 -2 -0.14951 -0.435612 -0.106211 -0.427731 0.0955598
6.38378e-16 -1.9 -0.448011 -0.160245 -0.407968 -0.186319 0.100427
6.38378e-16 -1.8 -0.423265 0.252944 -0.409606 0.200234 0.110428
6.38378e-16 -1.7 -0.0856696 0.505782 -0.11585 0.44824 0.126663
6.38378e-16 -1.6 0.334953 0.418965 0.259569 0.391688 0.149454
6.38378e-16 -1.5 0.562829 0.0463435 0.469921 0.0854501 0.178498
6.38378e-16 -1.4 0.460683 -0.384928 0.407673 -0.26904 0.212277
6.38378e-16 -1.3 0.0927532 -0.640704 0.140666 -0.487832 0.247465
6.38378e-16 -1.2 -0.357289 -0.618182 -0.188074 -0.513511 0.278669
6.38378e-16 -1.1 -0.730853 -0.366404 -0.485474 -0.397181 0.302489
6.38378e-16 1.1 -0.730853 -0.366404 -0.485476 -0.39718 0.302487
6.38378e-16 1.2 -0.357289 -0.618182 -0.188072 -0.51351 0.278673
6.38378e-16 1.3 0.0927532 -0.640704 0.140667 -0.487831 0.247467
6.38378e-16 1.4 0.460683 -0.384928 0.407673 -0.26904 0.212278
6.38378e-16 1.5 0.562829 0.0463435 0.46992 0.0854502 0.178499
6.38378e-16 1.6 0.334953 0.418965 0.259572 0.391689 0.149449
6.38378e-16 1.7 -0.0856696 0.505782 -0.11585 0.44824 0.126664
6.38378e-16 1.8 -0.423265 0.252944 -0.409604 0.200231 0.110435
6.38378e-16 1.9 -0.448011 -0.160245 -0.407966 -0.186319 0.10043
0.1 -2 -0.312132 -0.344838 -0.280742 -0.385255 0.110024
0.1 -1.9 -0.478822 0.0419744 -0.489723 -0.0053844 0.101106
0.1 -1.8 -0.269615 0.418954 -0.309532 0.396657 0.0917731
0.1 -1.7 0.166062 0.491031 0.124421 0.501464 0.0828152
0.1 -1.6 0.506457 0.192802 0.480165 0.225185 0.0769732
0.1 -1.5 0.501615 -0.271143 0.494885 -0.226514 0.0791535
0.1 -1.4 0.146262 -0.587455 0.166275 -0.53399 0.0942991
0.1 -1.3 -0.340426 -0.555256 -0.276864 -0.507434 0.122128
0.1 -1.2 -0.688122 -0.195827 -0.576078 -0.194735 0.156616
0.1 -1.1 -0.750897 0.314478 -0.633309 0.2165 0.18801
0.1 -1 -0.555027 0.817139 -0.550757 0.591143 0.228826
0.1 1 -0.555027 0.817139 -0.550756 0.591145 0.228824
0.1 1.1 -0.750897 0.314478 -0.633309 0.2165 0.18801
0.1 1.2 -0.688122 -0.195827 -0.576072 -0.194737 0.156623
0.1 1.3 -0.340426 -0.555256 -0.276865 -0.507435 0.122126
0.1 1.4 0.146262 -0.587455 0.166274 -0.53399 0.0942992
0.1 1.5 0.501615 -0.271143 0.494886 -0.226514 0.0791527
0.1 1.6 0.506457 0.192802 0.480167 0.225185 0.0769703
0.1 1.7 0.166062 0.491031 0.124425 0.501467 0.0828103
0.1 1.8 -0.269615 0.418954 -0.309532 0.396657 0.0917731
0.1 1.9 -0.478822 0.0419744 -0.489723 -0.0053842 0.101105
0.2 -2 -0.414759 -0.219386 -0.405386 -0.305312 0.184216
0.2 -1.9 -0.434807 0.214818 -0.501514 0.158949 0.179415
0.2 -1.8 -0.0872103 0.495125 -0.171238 0.518612 0.173543
0.2 -1.7 0.357879 0.381443 0.328336 0.463144 0.166101
0.2 -1.6 0.543994 -0.0537558 0.590604 0.017653 0.155996
0.2 -1.5 0.311112 -0.483233 0.392354 -0.474514 0.14217
0.2 -1.4 -0.184757 -0.580495 -0.127878 -0.629646 0.123399
0.2 -1.3 -0.599398 -0.260022 -0.588986 -0.324257 0.0995971
0.2 -1.2 -0.655154 0.282846 -0.670397 0.230618 0.0762424
0.2 -1.1 -0.310659 0.740887 -0.334951 0.689143 0.0711525
0.2 -1 0.281489 0.913089 0.222801 0.8763 0.0724919
0.2 1 0.281489 0.913089 0.222802 0.876301 0.0724905
0.2 1.1 -0.310659 0.740887 -0.334951 0.689141 0.0711542
0.2 1.2 -0.655154 0.282846 -0.670397 0.230619 0.0762416
0.2 1.3 -0.599398 -0.260022 -0.588984 -0.324257 0.0995979
0.2 1.4 -0.184757 -0.580495 -0.127878 -0.629646 0.123399
0.2 1.5 0.311112 -0.483233 0.392354 -0.474512 0.14217
0.2 1.6 0.543994 -0.0537558 0.590604 0.0176533 0.155997
0.2 1.7 0.357879 0.381443 0.328336 0.463144 0.166102
0.2 1.8 -0.0872103 0.495125 -0.171238 0.518611 0.173543
0.2 1.9 -0.434807 0.214818 -0.501513 0.158947 0.179416
0.3 -2 -0.463642 -0.0925311 -0.476177 -0.221991 0.275105
0.3 -1.9 -0.351644 0.339394 -0.471756 0.277641 0.276352
0.3 -1.8 0.0789383 0.50041 -0.043343 0.56997 0.277699
0.3 -1.7 0.471915 0.234405 0.461357 0.380918 0.278774
0.3 -1.6 0.487046 -0.256348 0.606738 -0.16035 0.278773
0.3 -1.5 0.0868091 -0.571471 0.240595 -0.614179 0.276123
0.3 -1.4 -0.426493 -0.438169 -0.365365 -0.590559 0.268524
0.3 -1.3 -0.649721 0.0695511 -0.728117 -0.0751573 0.251869
0.3 -1.2 -0.389553 0.592289 -0.540179 0.55284 0.219641
0.3 -1.1 0.209199 0.759648 0.0952209 0.817471 0.162206
0.3 -1 0.803507 0.433924 0.774739 0.485367 0.0645443
0.3 1 0.803507 0.433924 0.774741 0.485367 0.0645429
0.3 1.1 0.209199 0.759648 0.0952224 0.817473 0.162205
0.3 1.2 -0.389553 0.592289 -0.540179 0.552839 0.219641
0.3 1.3 -0.649721 0.0695511 -0.728115 -0.0751591 0.25187
0.3 1.4 -0.426493 -0.438169 -0.365365 -0.590559 0.268524
0.3 1.5 0.0868091 -0.571471 0.240596 -0.614177 0.276124
0.3 1.6 0.487046 -0.256348 0.606738 -0.160349 0.278773
0.3 1.7 0.471915 0.234405 0.461358 0.380918 0.278774
0.3 1.8 0.0789383 0.50041 -0.0433427 0.56997 0.277699
0.3 1.9 -0.351644 0.339394 -0.471756 0.277641 0.276352
0.4 -2 -0.475523 0.0149879 -0.501589 -0.158706 0.369177
0.4 -1.9 -0.260931 0.416795 -0.428644 0.341728 0.37367
0.4 -1.8 0.206746 0.465773 0.0449212 0.570824 0.378599
0.4 -1.7 0.521283 0.0945476 0.520369 0.297846 0.38374
0.4 -1.6 0.389219 -0.392724 0.567316 -0.272809 0.388308
0.4 -1.5 -0.105496 -0.570212 0.105227 -0.654461 0.391351
0.4 -1.4 -0.556065 -0.255685 -0.50152 -0.488793 0.391164
0.4 -1.3 -0.566433 0.32188 -0.73099 0.132844 0.384692
0.4 -1.2 -0.0829514 0.697051 -0.340444 0.716312 0.36784
0.4 -1.1 0.553033 0.536149 0.410432 0.749097 0.332725
0.4 -1 0.863185 -0.111186 0.922556 0.102813 0.255174
0.4 1 0.863185 -0.111186 0.922557 0.102813 0.255174
0.4 1.1 0.553033 0.536149 0.410426 0.749095 0.332727
0.4 1.2 -0.0829514 0.697051 -0.340444 0.716312 0.36784
0.4 1.3 -0.566433 0.32188 -0.730989 0.132842 0.384693
0.4 1.4 -0.556065 -0.255685 -0.501518 -0.488794 0.391165
0.4 1.5 -0.105496 -0.570212 0.105228 -0.654461 0.391352
0.4 1.6 0.389219 -0.392724 0.567316 -0.272808 0.388309
0.4 1.7 0.521283 0.0945476 0.520369 0.297847 0.38374
0.4 1.8 0.206746 0.465773 0.0449214 0.570824 0.378599
0.4 1.9 -0.260931 0.416795 -0.428644 0.341727 0.373672
0.5 -2 -0.468692 0.09391 -0.493955 -0.125912 0.462898
0.5 -1.9 -0.184115 0.458307 -0.391274 0.355879 0.467899
0.5 -1.8 0.29218 0.419966 0.0841953 0.543489 0.472824
0.5 -1.7 0.531328 -0.0135201 0.520687 0.239958 0.477331
0.5 -1.6 0.293755 -0.469852 0.510475 -0.314623 0.481079
0.5 -1.5 -0.239584 -0.528449 0.0221418 -0.629678 0.483641
0.5 -1.4 -0.60273 -0.0994352 -0.540944 -0.389489 0.485468
0.5 -1.3 -0.444412 0.471198 -0.667918 0.247632 0.488069
0.5 -1.2 0.149663 0.676959 -0.18614 0.74933 0.495471
0.5 -1.1 0.696983 0.282381 0.557056 0.643584 0.515096
0.5 -1 0.697003 -0.453783 0.949352 -0.0634047 0.558899
0.5 -0.9 0.0350745 -0.946963 0.649517 -0.824372 0.661191
0.5 0.9 0.0350745 -0.946963 0.649516 -0.824374 0.66119
0.5 1 0.697003 -0.453783 0.94935 -0.0634016 0.558901
0.5 1.1 0.696983 0.282381 0.557056 0.643584 0.515096
0.5 1.2 0.149663 0.676959 -0.18614 0.74933 0.495472
0.5 1.3 -0.444412 0.471198 -0.667917 0.247628 0.488073
0.5 1.4 -0.60273 -0.0994352 -0.540944 -0.38949 0.485469
0.5 1.5 -0.239584 -0.528449 0.0221426 -0.629678 0.483643
0.5 1.6 0.293755 -0.469852 0.510475 -0.314622 0.481081
0.5 1.7 0.531328 -0.0135201 0.520689 0.239957 0.477329
0.5 1.8 0.29218 0.419966 0.0841939 0.543489 0.472827
0.5 1.9 -0.184115 0.458307 -0.391275 0.355879 0.467901
0.6 -2 -0.457855 0.142305 -0.464064 -0.123758 0.555072
0.6 -1.9 -0.132804 0.477027 -0.367938 0.330754 0.55924
0.6 -1.8 0.340365 0.38326 0.0787455 0.504455 0.562505
0.6 -1.7 0.525833 -0.0810125 0.482013 0.216232 0.56473
0.6 -1.6 0.226272 -0.505681 0.460994 -0.297834 0.565924
0.6 -1.5 -0.315474 -0.48559 0.000800699 -0.573637 0.566947
0.6 -1.4 -0.60809 0.00115536 -0.506722 -0.330288 0.569977
0.6 -1.3 -0.348012 0.539788 -0.591172 0.257975 0.579553
0.6 -1.2 0.280747 0.622943 -0.12655 0.684319 0.602818
0.6 -1.1 0.725499 0.110437 0.526639 0.542787 0.648479
0.6 -1 0.528864 -0.597838 0.810414 -0.0945494 0.722495
0.6 -0.9 -0.241586 -0.849491 0.463844 -0.708086 0.814632
0.6 0.9 -0.241586 -0.849491 0.463845 -0.708085 0.814633
0.6 1 0.528864 -0.597838 0.810414 -0.0945468 0.722498
0.6 1.1 0.725499 0.110437 0.526639 0.542787 0.64848
0.6 1.2 0.280747 0.622943 -0.126551 0.684319 0.602819
0.6 1.3 -0.348012 0.539788 -0.591173 0.257972 0.579557
0.6 1.4 -0.60809 0.00115536 -0.50672 -0.330289 0.56998
0.6 1.5 -0.315474 -0.48559 0.000801728 -0.573638 0.566949
0.6 1.6 0.226272 -0.505681 0.460994 -0.297833 0.565926
0.6 1.7 0.525833 -0.0810125 0.482014 0.216232 0.56473
0.6 1.8 0.340365 0.38326 0.0787474 0.504456 0.562502
0.6 1.9 -0.132804 0.477027 -0.367936 0.330757 0.559234
0.7 -2 -0.452203 0.161292 -0.418978 -0.146104 0.643994
0.7 -1.9 -0.111795 0.482755 -0.35826 0.277512 0.647253
0.7 -1.8 0.357977 0.366819 0.0389637 0.46187 0.649448
0.7 -1.7 0.520499 -0.107328 0.419452 0.223367 0.650652
0.7 -1.6 0.197903 -0.515963 0.427139 -0.238193 0.651713
0.7 -1.5 -0.342099 -0.464057 0.0328594 -0.504755 0.654197
0.7 -1.4 -0.602477 0.040071 -0.420833 -0.315137 0.660736
0.7 -1.3 -0.305567 0.55699 -0.516154 0.183612 0.67475
0.7 -1.2 0.323338 0.589268 -0.144183 0.548995 0.698138
0.7 -1.1 0.714475 0.0455878 0.372629 0.438189 0.727128
0.7 -1 0.45091 -0.622728 0.551872 -0.0598796 0.743763
0.7 -0.9 -0.313418 -0.772726 0.190487 -0.469945 0.704997
0.7 -0.8 -0.902158 -0.151633 -0.429593 -0.334496 0.553897
0.7 0.8 -0.902158 -0.151633 -0.429594 -0.334495 0.553896
0.7 0.9 -0.313418 -0.772726 0.190488 -0.469945 0.704998
0.7 1 0.45091 -0.622728 0.551872 -0.0598817 0.74376
0.7 1.1 0.714475 0.0455878 0.372629 0.43819 0.727129
0.7 1.2 0.323338 0.589268 -0.144183 0.548995 0.698138
0.7 1.3 -0.305567 0.55699 -0.516157 0.183606 0.674761
0.7 1.4 -0.602477 0.040071 -0.420831 -0.315143 0.660747
0.7 1.5 -0.342099 -0.464057 0.0328632 -0.504756 0.654204
0.7 1.6 0.197903 -0.515963 0.427138 -0.238195 0.651708
0.7 1.7 0.520499 -0.107328 0.419453 0.223367 0.650652
0.7 1.8 0.357977 0.366819 0.0389629 0.461871 0.64945
0.7 1.9 -0.111795 0.482755 -0.358262 0.277512 0.647255
0.8 -2 -0.455243 0.152121 -0.362023 -0.1841 0.726904
0.8 -1.9 -0.122009 0.479774 -0.356609 0.204928 0.729943
0.8 -1.8 0.34878 0.374247 -0.0235288 0.416208 0.732378
0.8 -1.7 0.521396 -0.0940852 0.340735 0.250874 0.734977
0.8 -1.6 0.210778 -0.508088 0.402898 -0.150022 0.738723
0.8 -1.5 -0.326053 -0.470836 0.0983077 -0.425467 0.745192
0.8 -1.4 -0.597848 0.0201269 -0.302088 -0.321736 0.755691
0.8 -1.3 -0.321601 0.538331 -0.433914 0.0688679 0.769777
0.8 -1.2 0.293045 0.591504 -0.179607 0.383317 0.782394
0.8 -1.1 0.693797 0.0783791 0.207542 0.323562 0.779955
0.8 -1 0.469859 -0.574878 0.324405 -0.0472169 0.737197
0.8 -0.9 -0.244046 -0.755671 0.00290006 -0.329376 0.620394
0.8 -0.8 -0.825088 -0.221254 -0.4823 -0.135198 0.413731
0.8 -0.7 -0.687186 0.616676 -0.563177 0.51771 0.171835
0.8 0.7 -0.687186 0.616676 -0.563177 0.517712 0.171834
0.8 0.8 -0.825088 -0.221254 -0.4823 -0.135198 0.413731
0.8 0.9 -0.244046 -0.755671 0.00289795 -0.329377 0.620392
0.8 1 0.469859 -0.574878 0.324404 -0.0472205 0.737192
0.8 1.1 0.693797 0.0783791 0.20754 0.323567 0.779959
0.8 1.2 0.293045 0.591504 -0.179609 0.383318 0.782396
0.8 1.3 -0.321601 0.538331 -0.433915 0.0688686 0.769777
0.8 1.4 -0.597848 0.0201269 -0.302088 -0.321737 0.755692
0.8 1.5 -0.326053 -0.470836 0.0983087 -0.425468 0.745193
0.8 1.6 0.210778 -0.508088 0.402899 -0.150021 0.738724
0.8 1.7 0.521396 -0.0940852 0.340735 0.250874 0.734978
0.8 1.8 0.34878 0.374247 -0.0235289 0.416209 0.732378
0.8 1.9 -0.122009 0.479774 -0.35661 0.204929 0.729943
0.9 -2 -0.465147 0.11502 -0.29404 -0.228129 0.800247
0.9 -1.9 -0.161957 0.466461 -0.354605 0.119552 0.803624
0.9 -1.8 0.31223 0.402918 -0.0973227 0.363344 0.807203
0.9 -1.7 0.525499 -0.0426497 0.248911 0.283948 0.811758
0.9 -1.6 0.261239 -0.479994 0.374771 -0.0476189 0.818021
0.9 -1.5 -0.267999 -0.500538 0.170429 -0.333628 0.826259
0.9 -1.4 -0.588974 -0.0537092 -0.173637 -0.320943 0.83508
0.9 -1.3 -0.386385 0.482078 -0.341858 -0.0346869 0.839542
0.9 -1.2 0.196002 0.617022 -0.188369 0.241929 0.829561
0.9 -1.1 0.653468 0.190596 0.118401 0.231702 0.788374
0.9 -1 0.553732 -0.457369 0.242625 -0.0664564 0.695632
0.9 -0.9 -0.0655256 -0.757495 -0.00128843 -0.352716 0.539039
0.9 -0.8 -0.696964 -0.407258 -0.444125 -0.288151 0.346232
0.9 -0.7 -0.78732 0.342225 -0.672502 0.172676 0.238524
0.9 -0.6 -0.2244 0.884641 -0.411593 0.690643 0.295385
0.9 -0.5 0.563073 0.786112 0.102746 0.928801 0.498399
0.9 0.5 0.563073 0.786112 0.102753 0.928796 0.49839
0.9 0.6 -0.2244 0.884641 -0.411591 0.690645 0.295382
0.9 0.7 -0.78732 0.342225 -0.672503 0.172675 0.238524
0.9 0.8 -0.696964 -0.407258 -0.444125 -0.288153 0.346231
0.9 0.9 -0.0655256 -0.757495 -0.0012881 -0.352718 0.539037
0.9 1 0.553732 -0.457369 0.242627 -0.0664558 0.695631
0.9 1.1 0.653468 0.190596 0.118402 0.231703 0.788374
0.9 1.2 0.196002 0.617022 -0.188368 0.24193 0.829559
0.9 1.3 -0.386385 0.482078 -0.341858 -0.0346857 0.83954
0.9 1.4 -0.588974 -0.0537092 -0.173638 -0.320945 0.83508
0.9 1.5 -0.267999 -0.500538 0.170431 -0.33363 0.826262
0.9 1.6 0.261239 -0.479994 0.374773 -0.0476188 0.818022
0.9 1.7 0.525499 -0.0426497 0.248912 0.283949 0.811758
0.9 1.8 0.31223 0.402918 -0.0973229 0.363345 0.807203
0.9 1.9 -0.161957 0.466461 -0.354605 0.119554 0.803622
1 -2 -0.475077 0.049738 -0.215194 -0.268727 0.860517
1 -1.9 -0.22742 0.436049 -0.343123 0.0273258 0.863749
1 -1.8 0.244532 0.444254 -0.170409 0.298174 0.867477
1 -1.7 0.521841 0.044938 0.14805 0.307288 0.871886
1 -1.6 0.33978 -0.422218 0.331576 0.0526938 0.876419
1 -1.5 -0.165077 -0.537065 0.225255 -0.234342 0.879153
1 -1.4 -0.557509 -0.172919 -0.0625286 -0.299838 0.875423
1 -1.3 -0.477845 0.375528 -0.260409 -0.0977112 0.856937
1 -1.2 0.0353117 0.633254 -0.182198 0.166826 0.811447
1 -1.1 0.561045 0.354073 0.0990503 0.2211 0.724644
1 -1 0.646367 -0.256792 0.308084 -0.0267438 0.588193
1 -0.9 0.192247 -0.704776 0.206449 -0.395931 0.423217
1 -0.8 -0.458661 -0.616351 -0.198012 -0.578393 0.34284
1 -0.7 -0.807034 -0.0430276 -0.658549 -0.390777 0.46787
1 -0.6 -0.600793 0.599954 -0.90907 0.101053 0.690722
1 -0.5 -0.00382469 0.889091 -0.878193 0.696257 1.00706
1 -0.4 0.595927 0.708719 -0.614408 1.185 1.40467
1 -0.3 0.921352 0.25943 -0.0895073 1.24994 1.47856
1 -0.2 0.963982 -0.180154 0.562364 0.650565 0.940895
1 -0.1 0.884734 -0.455564 0.877487 -0.321307 0.13511
1 0.1 0.884734 -0.455564 0.877486 -0.321311 0.135106
1 0.2 0.963982 -0.180154 0.562367 0.65056 0.940889
1 0.3 0.921352 0.25943 -0.0895077 1.24993 1.47856
1 0.4 0.595927 0.708719 -0.614405 1.185 1.40467
1 0.5 -0.00382469 0.889091 -0.878192 0.696261 1.00706
1 0.6 -0.600793 0.599954 -0.909073 0.101055 0.690721
1 0.7 -0.807034 -0.0430276 -0.658552 -0.390775 0.467867
1 0.8 -0.458661 -0.616351 -0.198013 -0.578397 0.342839
1 0.9 0.192247 -0.704776 0.20645 -0.395934 0.423215
1 1 0.646367 -0.256792 0.308087 -0.0267431 0.58819
1 1.1 0.561045 0.354073 0.0990504 0.221104 0.724642
1 1.2 0.0353117 0.633254 -0.1822 0.166829 0.811446
1 1.3 -0.477845 0.375528 -0.260411 -0.0977111 0.856935
1 1.4 -0.557509 -0.172919 -0.0625298 -0.29984 0.875422
1 1.5 -0.165077 -0.537065 0.225253 -0.234343 0.87915
1 1.6 0.33978 -0.422218 0.331577 0.0526927 0.876417
1 1.7 0.521841 0.044938 0.148051 0.30729 0.871885
1 1.8 0.244532 0.444254 -0.170409 0.298175 0.867477
1 1.9 -0.22742 0.436049 -0.343123 0.027327 0.863747
1.1 -2 -0.473689 -0.042509 -0.126799 -0.296802 0.904374
1.1 -1.9 -0.309836 0.378511 -0.31481 -0.0645401 0.905813
1.1 -1.8 0.141738 0.483418 -0.231057 0.219383 0.906819
1.1 -1.7 0.493478 0.162543 0.0462734 0.31008 0.906372
1.1 -1.6 0.428928 -0.322504 0.272658 0.135751 0.902212
1.1 -1.5 -0.0174143 -0.554895 0.253681 -0.141733 0.890111
1.1 -1.4 -0.47847 -0.319388 0.015801 -0.271474 0.863217
1.1 -1.3 -0.560081 0.207017 -0.216248 -0.135054 0.812253
1.1 -1.2 -0.174161 0.595892 -0.214139 0.146088 0.727387
1.1 -1.1 0.383532 0.520429 0.0555101 0.308149 0.604374
1.1 -1 0.673757 0.0221206 0.393906 0.161264 0.463618
1.1 -0.9 0.465098 -0.527967 0.520266 -0.254144 0.396989
1.1 -0.8 -0.0961621 -0.72832 0.280303 -0.692043 0.514821
1.1 -0.7 -0.622658 -0.447245 -0.251874 -0.872502 0.735946
1.1 -0.6 -0.790274 0.115571 -0.836413 -0.656697 0.968655
1.1 -0.5 -0.547676 0.623012 -1.20874 -0.116893 1.19612
1.1 -0.4 -0.0847863 0.853414 -1.18017 0.48795 1.34646
1.1 -0.3 0.358727 0.80509 -0.715032 0.817793 1.21834
1.1 -0.2 0.651973 0.619603 -0.0228637 0.692316 0.754635
1.1 -0.1 0.792449 0.448705 0.522923 0.324932 0.325682
1.1 6.38378e-16 0.830506 0.38279 0.708292 0.150703 0.286829
1.1 0.1 0.792449 0.448705 0.522917 0.324923 0.325692
1.1 0.2 0.651973 0.619603 -0.0228641 0.692309 0.754635
1.1 0.3 0.358727 0.80509 -0.71503 0.817789 1.21833
1.1 0.4 -0.0847863 0.853414 -1.18016 0.487963 1.34644
1.1 0.5 -0.547676 0.623012 -1.20873 -0.116893 1.19612
1.1 0.6 -0.790274 0.115571 -0.836414 -0.656693 0.96865
1.1 0.7 -0.622658 -0.447245 -0.251877 -0.872502 0.735943
1.1 0.8 -0.0961621 -0.72832 0.280301 -0.692046 0.514819
1.1 0.9 0.465098 -0.527967 0.520267 -0.254147 0.396986
1.1 1 0.673757 0.0221206 0.39391 0.161265 0.463613
1.1 1.1 0.383532 0.520429 0.0555111 0.308152 0.60437
1.1 1.2 -0.174161 0.595892 -0.214138 0.14609 0.727384
1.1 1.3 -0.560081 0.207017 -0.216252 -0.135055 0.81225
1.1 1.4 -0.47847 -0.319388 0.0157994 -0.271475 0.863214
1.1 1.5 -0.0174143 -0.554895 0.253683 -0.141736 0.890109
1.1 1.6 0.428928 -0.322504 0.272661 0.135751 0.90221
1.1 1.7 0.493478 0.162543 0.046275 0.310081 0.90637
1.1 1.8 0.141738 0.483418 -0.231057 0.219385 0.906817
1.1 1.9 -0.309836 0.378511 -0.31481 -0.0645385 0.905809
1.2 -2 -0.446455 -0.156128 -0.0330196 -0.305067 0.929123
1.2 -1.9 -0.394346 0.283927 -0.266536 -0.14748 0.925949
1.2 -1.8 0.00448082 0.499787 -0.27055 0.131255 0.920046
1.2 -1.7 0.421397 0.29553 -0.046539 0.290608 0.909198
1.2 -1.6 0.501689 -0.173013 0.207254 0.195993 0.889564
1.2 -1.5 0.163376 -0.522933 0.266895 -0.0657415 0.855628
1.2 -1.4 -0.330742 -0.459697 0.0753852 -0.258232 0.80053
1.2 -1.3 -0.585823 -0.018778 -0.203457 -0.19426 0.717785
1.2 -1.2 -0.392077 0.463825 -0.31345 0.103875 0.606644
1.2 -1.1 0.114025 0.619545 -0.110402 0.410606 0.486756
1.2 -1 0.56532 0.328606 0.31752 0.460992 0.429656
1.2 -0.9 0.646853 -0.206317 0.702077 0.145177 0.524046
1.2 -0.8 0.313332 -0.631363 0.773015 -0.409985 0.723872
1.2 -0.7 -0.214604 -0.698799 0.432219 -0.918651 0.93455
1.2 -0.6 -0.637947 -0.407066 -0.185522 -1.11131 1.1061
1.2 -0.5 -0.779249 0.0545405 -0.785131 -0.894078 1.2144
1.2 -0.4 -0.651187 0.470115 -1.06868 -0.403902 1.20601
1.2 -0.3 -0.386071 0.725301 -0.907385 0.0835589 1.00627
1.2 -0.2 -0.123505 0.826486 -0.434829 0.356047 0.675062
1.2 -0.1 0.0529032 0.842739 0.0358884 0.41634 0.505376
1.2 6.38378e-16 0.113371 0.839747 0.226256 0.410042 0.524314
1.2 0.1 0.0529032 0.842739 0.0358901 0.416333 0.505384
1.2 0.2 -0.123505 0.826486 -0.434819 0.356042 0.67506
1.2 0.3 -0.386071 0.725301 -0.907377 0.08356 1.00626
1.2 0.4 -0.651187 0.470115 -1.06867 -0.403897 1.206
1.2 0.5 -0.779249 0.0545405 -0.785133 -0.894072 1.21439
1.2 0.6 -0.637947 -0.407066 -0.185528 -1.11131 1.10609
1.2 0.7 -0.214604 -0.698799 0.432214 -0.918653 0.934545
1.2 0.8 0.313332 -0.631363 0.773015 -0.40999 0.723868
1.2 0.9 0.646853 -0.206317 0.702076 0.145173 0.52404
1.2 1 0.56532 0.328606 0.31752 0.460987 0.429651
1.2 1.1 0.114025 0.619545 -0.110402 0.410612 0.486749
1.2 1.2 -0.392077 0.463825 -0.313452 0.103878 0.606639
1.2 1.3 -0.585823 -0.018778 -0.203458 -0.194257 0.717781
1.2 1.4 -0.330742 -0.459697 0.0753834 -0.258233 0.800526
1.2 1.5 0.163376 -0.522933 0.266896 -0.0657439 0.855624
1.2 1.6 0.501689 -0.173013 0.207257 0.195993 0.889561
1.2 1.7 0.421397 0.29553 -0.0465375 0.29061 0.909195
1.2 1.8 0.00448082 0.499787 -0.27055 0.131257 0.920043
1.2 1.9 -0.394346 0.283927 -0.266537 -0.147479 0.925946
1.3 -2 -0.378659 -0.278176 0.0595591 -0.28952 0.932977
1.3 -1.9 -0.459073 0.147498 -0.200396 -0.213997 0.921872
1.3 -1.8 -0.156631 0.469899 -0.286592 0.0408586 0.905061
1.3 -1.7 0.29138 0.41772 -0.125972 0.255438 0.879222
1.3 -1.6 0.523804 0.0207082 0.143032 0.241934 0.840065
1.3 -1.5 0.347232 -0.413683 0.283309 0.00416492 0.782656
1.3 -1.4 -0.111545 -0.545716 0.154777 -0.258596 0.703086
1.3 -1.3 -0.508975 -0.267413 -0.164507 -0.306004 0.602877
1.3 -1.2 -0.550634 0.222624 -0.42659 -0.0474857 0.500443
1.3 -1.1 -0.204575 0.578816 -0.393783 0.376884 0.450761
1.3 -1 0.293926 0.562578 -0.014369 0.684074 0.522064
1.3 -0.9 0.627014 0.193573 0.530512 0.638058 0.693126
1.3 -0.8 0.609864 -0.296304 0.939073 0.207038 0.887038
1.3 -0.7 0.281104 -0.640811 0.97726 -0.414502 1.04611
1.3 -0.6 -0.168013 -0.700952 0.621447 -0.926478 1.13906
1.3 -0.5 -0.539387 -0.507344 0.0681335 -1.10245 1.14845
1.3 -0.4 -0.733651 -0.190834 -0.392075 -0.912035 1.05268
1.3 -0.3 -0.763763 0.117358 -0.557995 -0.508568 0.852669
1.3 -0.2 -0.704469 0.343557 -0.437602 -0.103016 0.663754
1.3 -0.1 -0.6346 0.471608 -0.218244 0.165591 0.653535
1.3 6.38378e-16 -0.60564 0.511885 -0.114813 0.255694 0.698203
1.3 0.1 -0.6346 0.471608 -0.21824 0.16559 0.65354
1.3 0.2 -0.704469 0.343557 -0.437595 -0.103015 0.663758
1.3 0.3 -0.763763 0.117358 -0.55799 -0.508561 0.852663
1.3 0.4 -0.733651 -0.190834 -0.392073 -0.912031 1.05268
1.3 0.5 -0.539387 -0.507344 0.0681292 -1.10244 1.14845
1.3 0.6 -0.168013 -0.700952 0.621441 -0.926478 1.13905
1.3 0.7 0.281104 -0.640811 0.977256 -0.414505 1.0461
1.3 0.8 0.609864 -0.296304 0.939075 0.207033 0.887032
1.3 0.9 0.627014 0.193573 0.530517 0.638055 0.693121
1.3 1 0.293926 0.562578 -0.0143658 0.684073 0.522058
1.3 1.1 -0.204575 0.578816 -0.393783 0.376888 0.450756
1.3 1.2 -0.550634 0.222624 -0.426592 -0.0474831 0.500438
1.3 1.3 -0.508975 -0.267413 -0.164513 -0.30601 0.602868
1.3 1.4 -0.111545 -0.545716 0.154778 -0.258603 0.703078
1.3 1.5 0.347232 -0.413683 0.283313 0.00416214 0.78265
1.3 1.6 0.523804 0.0207082 0.143032 0.241931 0.840061
1.3 1.7 0.29138 0.41772 -0.12597 0.255439 0.879217
1.3 1.8 -0.156631 0.469899 -0.286593 0.0408609 0.905057
1.3 1.9 -0.459073 0.147498 -0.200398 -0.213997 0.921868
1.4 -2 -0.260487 -0.386782 0.14402 -0.250282 0.915502
1.4 -1.9 -0.477385 -0.0244745 -0.12142 -0.260651 0.893678
1.4 -1.8 -0.317071 0.374097 -0.282638 -0.0477951 0.86318
1.4 -1.7 0.103326 0.492778 -0.197504 0.209629 0.820515
1.4 -1.6 0.462424 0.232004 0.0718784 0.287139 0.762367
1.4 -1.5 0.48543 -0.217716 0.302075 0.0982636 0.686678
1.4 -1.4 0.149832 -0.526576 0.280753 -0.227398 0.5965
1.4 -1.3 -0.30775 -0.472318 -0.0239959 -0.432165 0.508363
1.4 -1.2 -0.573405 -0.0920019 -0.426513 -0.318335 0.464619
1.4 -1.1 -0.476092 0.362538 -0.644878 0.103009 0.517347
1.4 -1 -0.0854572 0.610662 -0.492091 0.608954 0.65947
1.4 -0.9 0.36249 0.521535 -0.00278794 0.905131 0.833983
1.4 -0.8 0.632051 0.166836 0.587642 0.810973 0.98771
1.4 -0.7 0.619293 -0.260714 0.99107 0.366151 1.08466
1.4 -0.6 0.373951 -0.579149 1.03865 -0.204794 1.10659
1.4 -0.5 0.02932 -0.704916 0.765798 -0.635669 1.04848
1.4 -0.4 -0.288738 -0.659334 0.362505 -0.76922 0.917563
1.4 -0.3 -0.514253 -0.520368 0.0338972 -0.621348 0.761856
1.4 -0.2 -0.642013 -0.368911 -0.124962 -0.335253 0.699765
1.4 -0.1 -0.699084 -0.260226 -0.153421 -0.082281 0.769419
1.4 6.38378e-16 -0.714252 -0.221492 -0.147135 0.0159767 0.822175
1.4 0.1 -0.699084 -0.260226 -0.153419 -0.082283 0.76942
1.4 0.2 -0.642013 -0.368911 -0.124958 -0.335252 0.69977
1.4 0.3 -0.514253 -0.520368 0.0338952 -0.62134 0.761851
1.4 0.4 -0.288738 -0.659334 0.362502 -0.769215 0.917558
1.4 0.5 0.02932 -0.704916 0.76579 -0.635669 1.04846
1.4 0.6 0.373951 -0.579149 1.03865 -0.204796 1.10658
1.4 0.7 0.619293 -0.260714 0.991067 0.366147 1.08465
1.4 0.8 0.632051 0.166836 0.587645 0.810968 0.987703
1.4 0.9 0.36249 0.521535 -0.00278262 0.905131 0.833977
1.4 1 -0.0854572 0.610662 -0.492088 0.608957 0.659465
1.4 1.1 -0.476092 0.362538 -0.644879 0.103013 0.517341
1.4 1.2 -0.573405 -0.0920019 -0.426517 -0.318333 0.464613
1.4 1.3 -0.30775 -0.472318 -0.0239994 -0.432167 0.508356
1.4 1.4 0.149832 -0.526576 0.280753 -0.227402 0.596492
1.4 1.5 0.48543 -0.217716 0.302076 0.0982611 0.686673
1.4 1.6 0.462424 0.232004 0.0718812 0.28714 0.762362
1.4 1.7 0.103326 0.492778 -0.197504 0.209633 0.820509
1.4 1.8 -0.317071 0.374097 -0.282637 -0.0477928 0.863175
1.4 1.9 -0.477385 -0.0244745 -0.12142 -0.260647 0.893674
1.5 -2 -0.0936166 -0.452846 0.215581 -0.189701 0.87802
1.5 -1.9 -0.424488 -0.209737 -0.0324995 -0.287541 0.844045
1.5 -1.8 -0.438997 0.206444 -0.260442 -0.137775 0.799342
1.5 -1.7 -0.12 0.48267 -0.269756 0.145558 0.741668
1.5 -1.6 0.301121 0.411908 -0.0306138 0.32872 0.670288
1.5 -1.5 0.522101 0.0414374 0.284717 0.238493 0.589061
1.5 -1.4 0.388309 -0.372187 0.423256 -0.098685 0.512623
1.5 -1.3 -0.00944176 -0.552511 0.236745 -0.46347 0.473756
1.5 -1.2 -0.414301 -0.388325 -0.204945 -0.590239 0.512221
1.5 -1.1 -0.583393 0.0120839 -0.651796 -0.348271 0.628583
1.5 -1 -0.433291 0.414296 -0.833176 0.169293 0.782291
1.5 -0.9 -0.0628747 0.61233 -0.626986 0.7044 0.928561
1.5 -0.8 0.335553 0.534932 -0.126916 0.994268 1.03223
1.5 -0.7 0.596396 0.250638 0.426566 0.922599 1.07137
1.5 -0.6 0.65338 -0.103686 0.795525 0.568948 1.0392
1.5 -0.5 0.538567 -0.406834 0.870905 0.137139 0.944444
1.5 -0.4 0.334207 -0.599884 0.70213 -0.176006 0.817365
1.5 -0.3 0.121136 -0.685741 0.429268 -0.282357 0.728945
1.5 -0.2 -0.0486791 -0.701876 0.18393 -0.222767 0.756991
1.5 -0.1 -0.153266 -0.691224 0.032013 -0.112225 0.858631
1.5 6.38378e-16 -0.188077 -0.684136 -0.0172477 -0.0607352 0.911018
1.5 0.1 -0.153266 -0.691224 0.0320141 -0.112224 0.858633
1.5 0.2 -0.0486791 -0.701876 0.183928 -0.222763 0.756995
1.5 0.3 0.121136 -0.685741 0.42927 -0.282353 0.72895
1.5 0.4 0.334207 -0.599884 0.702123 -0.176006 0.81736
1.5 0.5 0.538567 -0.406834 0.870901 0.137139 0.944441
1.5 0.6 0.65338 -0.103686 0.795521 0.568947 1.0392
1.5 0.7 0.596396 0.250638 0.426566 0.922595 1.07136
1.5 0.8 0.335553 0.534932 -0.12691 0.994266 1.03222
1.5 0.9 -0.0628747 0.61233 -0.626981 0.704403 0.928553
1.5 1 -0.433291 0.414296 -0.833175 0.169298 0.782285
1.5 1.1 -0.583393 0.0120839 -0.651798 -0.348267 0.628577
1.5 1.2 -0.414301 -0.388325 -0.204949 -0.590238 0.512215
1.5 1.3 -0.00944176 -0.552511 0.236742 -0.463471 0.47375
1.5 1.4 0.388309 -0.372187 0.423256 -0.0986886 0.512616
1.5 1.5 0.522101 0.0414374 0.28472 0.238491 0.589054
1.5 1.6 0.301121 0.411908 -0.0306108 0.328721 0.670282
1.5 1.7 -0.12 0.48267 -0.269756 0.145561 0.741662
1.5 1.8 -0.438997 0.206444 -0.260445 -0.137773 0.799336
1.5 1.9 -0.424488 -0.209737 -0.0325022 -0.287541 0.84404
1.6 -2 0.10284 -0.446534 0.271252 -0.108839 0.823527
1.6 -1.9 -0.288045 -0.369682 0.0682955 -0.292586 0.777944
1.6 -1.8 -0.479334 -0.0151951 -0.211039 -0.233663 0.721456
1.6 -1.7 -0.330313 0.363286 -0.336769 0.0419429 0.654595
1.6 -1.6 0.0563584 0.499771 -0.182552 0.331248 0.581317
1.6 -1.5 0.418005 0.301464 0.171596 0.399279 0.514412
1.6 -1.4 0.51878 -0.0997376 0.486159 0.15152 0.479606
1.6 -1.3 0.30039 -0.450679 0.524173 -0.291112 0.507459
1.6 -1.2 -0.0993871 -0.546337 0.212651 -0.666391 0.602079
1.6 -1.1 -0.452505 -0.34537 -0.307283 -0.738076 0.73553
1.6 -1 -0.582467 0.0313041 -0.769694 -0.441221 0.87135
1.6 -0.9 -0.448673 0.394308 -0.94548 0.0867172 0.978243
1.6 -0.8 -0.137169 0.595459 -0.768604 0.599402 1.03337
1.6 -0.7 0.212242 0.587081 -0.353241 0.887715 1.02589
1.6 -0.6 0.483943 0.413688 0.0937042 0.883471 0.959257
1.6 -0.5 0.627082 0.162988 0.394743 0.665698 0.854745
1.6 -0.4 0.652304 -0.0841043 0.481253 0.384454 0.758402
1.6 -0.3 0.604062 -0.279777 0.395275 0.165098 0.738211
1.6 -0.2 0.532016 -0.409962 0.236079 0.0530819 0.818189
1.6 -0.1 0.47428 -0.480723 0.100169 0.0213441 0.927172
1.6 6.38378e-16 0.452736 -0.502729 0.0482323 0.0187678 0.975532
1.6 0.1 0.47428 -0.480723 0.100164 0.0213444 0.927177
1.6 0.2 0.532016 -0.409962 0.23608 0.0530844 0.818192
1.6 0.3 0.604062 -0.279777 0.395273 0.1651 0.738215
1.6 0.4 0.652304 -0.0841043 0.481249 0.384452 0.758402
1.6 0.5 0.627082 0.162988 0.394742 0.665691 0.854735
1.6 0.6 0.483943 0.413688 0.093704 0.883467 0.959253
1.6 0.7 0.212242 0.587081 -0.353236 0.887712 1.02588
1.6 0.8 -0.137169 0.595459 -0.768599 0.599404 1.03336
1.6 0.9 -0.448673 0.394308 -0.945477 0.0867207 0.978235
1.6 1 -0.582467 0.0313041 -0.769693 -0.441218 0.871344
1.6 1.1 -0.452505 -0.34537 -0.307286 -0.738073 0.735524
1.6 1.2 -0.0993871 -0.546337 0.212646 -0.666394 0.602073
1.6 1.3 0.30039 -0.450679 0.524172 -0.291116 0.507452
1.6 1.4 0.51878 -0.0997376 0.486161 0.151516 0.479599
1.6 1.5 0.418005 0.301464 0.171599 0.399278 0.514405
1.6 1.6 0.0563584 0.499771 -0.182549 0.33125 0.581309
1.6 1.7 -0.330313 0.363286 -0.336769 0.041946 0.654589
1.6 1.8 -0.479334 -0.0151951 -0.21104 -0.233661 0.72145
1.6 1.9 -0.288045 -0.369682 0.0682926 -0.292588 0.777937
1.7 -2 0.29062 -0.348509 0.305211 -0.00528139 0.757053
1.7 -1.9 -0.0797268 -0.456697 0.182904 -0.264114 0.702481
1.7 -1.8 -0.405789 -0.24466 -0.113912 -0.326684 0.639845
1.7 -1.7 -0.463036 0.142573 -0.364091 -0.117105 0.573575
1.7 -1.6 -0.214135 0.44689 -0.361338 0.23866 0.514597
1.7 -1.5 0.178711 0.474444 -0.065498 0.494148 0.483253
1.7 -1.4 0.472811 0.213494 0.361743 0.449639 0.50303
1.7 -1.3 0.500691 -0.176427 0.658773 0.0877722 0.579961
1.7 -1.2 0.258432 -0.477757 0.630285 -0.413544 0.694723
1.7 -1.1 -0.115753 -0.543416 0.264949 -0.792211 0.818544
1.7 -1 -0.438175 -0.361484 -0.266456 -0.857808 0.924568
1.7 -0.9 -0.579342 -0.0335579 -0.720522 -0.591176 0.991211
1.7 -0.8 -0.51106 0.299292 -0.918831 -0.134588 1.00536
1.7 -0.7 -0.291039 0.528834 -0.82931 0.306523 0.964783
1.7 -0.6 -0.0126982 0.61409 -0.553438 0.576308 0.882512
1.7 -0.5 0.243161 0.574421 -0.246157 0.630839 0.789653
1.7 -0.4 0.432902 0.460479 -0.0285485 0.526007 0.737449
1.7 -0.3 0.549644 0.325363 0.0582128 0.358734 0.771165
1.7 -0.2 0.609034 0.208342 0.0456934 0.209143 0.875183
1.7 -0.1 0.633163 0.131766 -0.000585984 0.115507 0.980253
1.7 6.38378e-16 0.639122 0.105402 -0.0234168 0.0848365 1.02332
1.7 0.1 0.633163 0.131766 -0.000588069 0.115504 0.980256
1.7 0.2 0.609034 0.208342 0.0456912 0.20914 0.875187
1.7 0.3 0.549644 0.325363 0.0582108 0.358732 0.771168
1.7 0.4 0.432902 0.460479 -0.0285466 0.525999 0.737444
1.7 0.5 0.243161 0.574421 -0.246155 0.630835 0.789648
1.7 0.6 -0.0126982 0.61409 -0.553435 0.576305 0.882509
1.7 0.7 -0.291039 0.528834 -0.829305 0.306523 0.964776
1.7 0.8 -0.51106 0.299292 -0.918828 -0.134589 1.00536
1.7 0.9 -0.579342 -0.0335579 -0.720522 -0.591171 0.991203
1.7 1 -0.438175 -0.361484 -0.266457 -0.857804 0.924561
1.7 1.1 -0.115753 -0.543416 0.264943 -0.792212 0.818536
1.7 1.2 0.258432 -0.477757 0.630282 -0.413547 0.694717
1.7 1.3 0.500691 -0.176427 0.658775 0.0877664 0.579954
1.7 1.4 0.472811 0.213494 0.361745 0.449636 0.503023
1.7 1.5 0.178711 0.474444 -0.0654938 0.49415 0.483245
1.7 1.6 -0.214135 0.44689 -0.361336 0.238663 0.51459
1.7 1.7 -0.463036 0.142573 -0.364091 -0.117102 0.573569
1.7 1.8 -0.405789 -0.24466 -0.113914 -0.326683 0.639839
1.7 1.9 -0.0797268 -0.456697 0.182901 -0.264115 0.702476
1.8 -2 0.418547 -0.162964 0.302414 0.121819 0.684736
1.8 -1.9 0.158178 -0.430234 0.300218 -0.180769 0.626253
1.8 -1.8 -0.216534 -0.414861 0.0463413 -0.381814 0.566156
1.8 -1.7 -0.460331 -0.128337 -0.296905 -0.311482 0.513635
1.8 -1.6 -0.421513 0.246147 -0.487776 0.0187628 0.485213
1.8 -1.5 -0.128884 0.481703 -0.369184 0.417075 0.499028
1.8 -1.4 0.243019 0.447721 0.0253293 0.633311 0.561545
1.8 -1.3 0.490662 0.173377 0.491777 0.516682 0.659706
1.8 -1.2 0.496249 -0.190291 0.78126 0.104229 0.771137
1.8 -1.1 0.274457 -0.468067 0.744569 -0.409427 0.873123
1.8 -1 -0.0599882 -0.550369 0.405484 -0.791075 0.946531
1.8 -0.9 -0.36699 -0.428843 -0.0721505 -0.895103 0.977364
1.8 -0.8 -0.547832 -0.174215 -0.487713 -0.722869 0.960118
1.8 -0.7 -0.573294 0.115116 -0.707647 -0.394055 0.900571
1.8 -0.6 -0.472676 0.35951 -0.712015 -0.0639078 0.819016
1.8 -0.5 -0.303002 0.520223 -0.572275 0.155965 0.752422
1.8 -0.4 -0.119792 0.597154 -0.390628 0.233054 0.745069
1.8 -0.3 0.0389422 0.6135 -0.243933 0.2007 0.814046
1.8 -0.2 0.154906 0.599221 -0.159842 0.120792 0.925287
1.8 -0.1 0.223533 0.579892 -0.126196 0.0497365 1.02194
1.8 6.38378e-16 0.246041 0.571646 -0.1188 0.0222547 1.0597
1.8 0.1 0.223533 0.579892 -0.126196 0.0497347 1.02194
1.8 0.2 0.154906 0.599221 -0.159842 0.120789 0.92529
1.8 0.3 0.0389422 0.6135 -0.243933 0.200698 0.814049
1.8 0.4 -0.119792 0.597154 -0.390628 0.233052 0.745072
1.8 0.5 -0.303002 0.520223 -0.572277 0.155961 0.752428
1.8 0.6 -0.472676 0.35951 -0.712013 -0.0639094 0.819016
1.8 0.7 -0.573294 0.115116 -0.707644 -0.394051 0.900564
1.8 0.8 -0.547832 -0.174215 -0.487714 -0.722864 0.960109
1.8 0.9 -0.36699 -0.428843 -0.0721522 -0.895099 0.977357
1.8 1 -0.0599882 -0.550369 0.405478 -0.791075 0.946521
1.8 1.1 0.274457 -0.468067 0.744565 -0.40943 0.873115
1.8 1.2 0.496249 -0.190291 0.78126 0.104224 0.771129
1.8 1.3 0.490662 0.173377 0.491783 0.516678 0.659699
1.8 1.4 0.243019 0.447721 0.0253322 0.633309 0.561539
1.8 1.5 -0.128884 0.481703 -0.369181 0.41708 0.49902
1.8 1.6 -0.421513 0.246147 -0.487775 0.0187662 0.485206
1.8 1.7 -0.460331 -0.128337 -0.296905 -0.311479 0.513631
1.8 1.8 -0.216534 -0.414861 0.0463381 -0.381815 0.566149
1.8 1.9 0.158178 -0.430234 0.300218 -0.180773 0.626245
1.9 -2 0.438259 0.0735199 0.239151 0.259919 0.613757
1.9 -1.9 0.357882 -0.277823 0.384334 -0.0259372 0.55902
1.9 -1.8 0.045826 -0.459743 0.252239 -0.344187 0.512006
1.9 -1.7 -0.301874 -0.361866 -0.0988921 -0.46786 0.485923
1.9 -1.6 -0.478339 -0.0477928 -0.457403 -0.284984 0.495327
1.9 -1.5 -0.388753 0.298947 -0.593438 0.12612 0.546261
1.9 -1.4 -0.0912248 0.491874 -0.40181 0.545473 0.630023
1.9 -1.3 0.254643 0.442144 0.0380866 0.744802 0.729385
1.9 -1.2 0.484786 0.188763 0.516468 0.617087 0.825569
1.9 -1.1 0.510516 -0.143154 0.816508 0.224134 0.901629
1.9 -1 0.343142 -0.416995 0.826458 -0.254447 0.944241
1.9 -0.9 0.0654544 -0.545677 0.579019 -0.627132 0.946135
1.9 -0.8 -0.220671 -0.513329 0.208817 -0.783383 0.90798
1.9 -0.7 -0.438501 -0.360033 -0.131087 -0.725844 0.842185
1.9 -0.6 -0.555587 -0.149246 -0.34153 -0.539787 0.774152
1.9 -0.5 -0.579065 0.0616198 -0.402862 -0.331881 0.740383
1.9 -0.4 -0.538687 0.236616 -0.355992 -0.178152 0.770309
1.9 -0.3 -0.469539 0.362555 -0.263027 -0.103162 0.858784
1.9 -0.2 -0.401031 0.441965 -0.17422 -0.0895177 0.968272
1.9 -0.1 -0.352917 0.48396 -0.116053 -0.101979 1.05515
1.9 6.38378e-16 -0.335796 0.496878 -0.0963549 -0.110034 1.08793
1.9 0.1 -0.352917 0.48396 -0.116051 -0.101979 1.05515
1.9 0.2 -0.401031 0.441965 -0.174215 -0.0895181 0.968276
1.9 0.3 -0.469539 0.362555 -0.263027 -0.103163 0.858786
1.9 0.4 -0.538687 0.236616 -0.355986 -0.178148 0.770308
1.9 0.5 -0.579065 0.0616198 -0.40286 -0.331883 0.740386
1.9 0.6 -0.555587 -0.149246 -0.341527 -0.539785 0.77415
1.9 0.7 -0.438501 -0.360033 -0.131085 -0.725842 0.842184
1.9 0.8 -0.220671 -0.513329 0.208815 -0.78338 0.907974
1.9 0.9 0.0654544 -0.545677 0.579015 -0.627131 0.946127
1.9 1 0.343142 -0.416995 0.826455 -0.254447 0.944236
1.9 1.1 0.510516 -0.143154 0.816507 0.224129 0.901621
1.9 1.2 0.484786 0.188763 0.516473 0.617082 0.825559
1.9 1.3 0.254643 0.442144 0.0380881 0.744799 0.729378
1.9 1.4 -0.0912248 0.491874 -0.401807 0.545473 0.630017
1.9 1.5 -0.388753 0.298947 -0.593437 0.126125 0.546253
1.9 1.6 -0.478339 -0.0477928 -0.457405 -0.284981 0.495319
1.9 1.7 -0.301874 -0.361866 -0.0988918 -0.467856 0.48592
1.9 1.8 0.045826 -0.459743 0.252236 -0.344188 0.511999
1.9 1.9 0.357882 -0.277823 0.384334 -0.0259407 0.559013
