2.04092 0 2.02204 0.0052364
2.02204 0.0052364 2.00225 0.00787582
2.00225 0.00787582 1.98241 0.0100569
1.98241 0.0100569 1.96255 0.0120132
1.96255 0.0120132 1.94267 0.0138429
1.94267 0.0138429 1.92278 0.0154946
1.92278 0.0154946 1.90286 0.016881
1.90286 0.016881 1.88294 0.0180674
1.88294 0.0180674 1.863 0.0190988
1.863 0.0190988 1.84306 0.0200078
1.84306 0.0200078 1.82312 0.0208186
1.82312 0.0208186 1.80317 0.0215501
1.80317 0.0215501 1.78322 0.0222174
1.78322 0.0222174 1.76327 0.0228328
1.76327 0.0228328 1.74332 0.023407
1.74332 0.023407 1.72337 0.0239487
1.72337 0.0239487 1.70341 0.0244658
1.70341 0.0244658 1.68346 0.0249654
1.68346 0.0249654 1.6635 0.0254536
1.6635 0.0254536 1.64355 0.0259365
1.64355 0.0259365 1.62359 0.0263939
1.62359 0.0263939 1.60364 0.0267935
1.60364 0.0267935 1.58368 0.0271451
1.58368 0.0271451 1.56372 0.0274564
1.56372 0.0274564 1.54376 0.0277336
1.54376 0.0277336 1.5238 0.0279814
1.5238 0.0279814 1.50384 0.0282037
1.50384 0.0282037 1.48388 0.028404
1.48388 0.028404 1.46392 0.0285848
1.46392 0.0285848 1.44396 0.0287487
1.44396 0.0287487 1.424 0.0288977
1.424 0.0288977 1.40404 0.0290337
1.40404 0.0290337 1.38408 0.0291583
1.38408 0.0291583 1.36412 0.0292731
1.36412 0.0292731 1.34416 0.0293796
1.34416 0.0293796 1.3242 0.0294791
1.3242 0.0294791 1.30424 0.0295728
1.30424 0.0295728 1.28428 0.0296622
1.28428 0.0296622 1.26432 0.0297483
1.26432 0.0297483 1.24436 0.0298327
1.24436 0.0298327 1.2244 0.0299165
1.2244 0.0299165 1.20444 0.0300012
1.20444 0.0300012 1.18448 0.0300885
1.18448 0.0300885 1.16452 0.03018
1.16452 0.03018 1.14456 0.0302778
1.14456 0.0302778 1.1246 0.0303841
1.1246 0.0303841 1.10464 0.0305017
1.10464 0.0305017 1.08468 0.0306341
1.08468 0.0306341 1.06471 0.0307858
1.06471 0.0307858 1.04475 0.0309626
1.04475 0.0309626 1.02479 0.0310028
1.02479 0.0310028 1.00484 0.0306157
1.00484 0.0306157 0.984891 0.0298757
0.984891 0.0298757 0.964956 0.0288722
0.964956 0.0288722 0.945029 0.0277019
0.945029 0.0277019 0.925107 0.0264723
0.925107 0.0264723 0.90518 0.0253077
0.90518 0.0253077 0.885242 0.0243576
0.885242 0.0243576 0.865289 0.0238098
0.865289 0.0238098 0.84533 0.0239105
0.84533 0.0239105 0.825402 0.0249964
0.825402 0.0249964 0.805611 0.0275399
0.805611 0.0275399 0.786216 0.0322018
0.786216 0.0322018 0.767845 0.0399218
0.767845 0.0399218 0.751465 0.0512689
0.751465 0.0512689 0.737106 0.0651191
0.737106 0.0651191 0.723502 0.079726
0.723502 0.079726 0.709097 0.0935302
0.709097 0.0935302 0.693194 0.105582
0.693194 0.105582 0.676858 0.117052
0.676858 0.117052 0.660351 0.128274
0.660351 0.128274 0.643701 0.139283
0.643701 0.139283 0.626923 0.150096
0.626923 0.150096 0.610024 0.160719
0.610024 0.160719 0.593004 0.171147
0.593004 0.171147 0.575856 0.181364
0.575856 0.181364 0.55856 0.191326
0.55856 0.191326 0.540767 0.200366
0.540767 0.200366 0.522525 0.208467
0.522525 0.208467 0.504103 0.216152
0.504103 0.216152 0.485743 0.223982
0.485743 0.223982 0.467742 0.232598
0.467742 0.232598 0.450572 0.242757
0.450572 0.242757 0.435058 0.255276
0.435058 0.255276 0.421893 0.270254
0.421893 0.270254 0.410571 0.286687
0.410571 0.286687 0.399958 0.303592
0.399958 0.303592 0.388787 0.320129
0.388787 0.320129 0.376195 0.33561
0.376195 0.33561 0.363784 0.351242
0.363784 0.351242 0.351482 0.366961
0.351482 0.366961 0.338801 0.382375
0.338801 0.382375 0.325122 0.396899
0.325122 0.396899 0.308991 0.408489
0.308991 0.408489 0.29134 0.403914
0.29134 0.403914 0.281755 0.386464
0.281755 0.386464 0.27351 0.368289
0.27351 0.368289 0.262596 0.35166
0.262596 0.35166 0.247535 0.338578
0.247535 0.338578 0.231263 0.327031
0.231263 0.327031 0.213906 0.317192
0.213906 0.317192 0.195553 0.309376
0.195553 0.309376 0.176348 0.303998
0.176348 0.303998 0.156527 0.301827
0.156527 0.301827 0.136578 0.302216
0.136578 0.302216 0.116697 0.303987
0.116697 0.303987 0.0968603 0.306204
0.0968603 0.306204 0.0770014 0.308213
0.0770014 0.308213 0.0570884 0.309573
0.0570884 0.309573 0.0371345 0.31002
0.0371345 0.31002 0.017174 0.310098
0.017174 0.310098 -0.00278672 0.310134
-0.00278672 0.310134 -0.0227474 0.310125
-0.0227474 0.310125 -0.0427081 0.31007
-0.0427081 0.31007 -0.0626685 0.309965
-0.0626685 0.309965 -0.0826286 0.309809
-0.0826286 0.309809 -0.102588 0.309598
-0.102588 0.309598 -0.122547 0.309331
-0.122547 0.309331 -0.142505 0.309003
-0.142505 0.309003 -0.162462 0.308611
-0.162462 0.308611 -0.182417 0.30815
-0.182417 0.30815 -0.202371 0.307617
-0.202371 0.307617 -0.222322 0.307004
-0.222322 0.307004 -0.242271 0.306306
-0.242271 0.306306 -0.262216 0.305515
-0.262216 0.305515 -0.282157 0.304622
-0.282157 0.304622 -0.302092 0.303617
-0.302092 0.303617 -0.322021 0.302488
-0.322021 0.302488 -0.341941 0.301219
-0.341941 0.301219 -0.361851 0.299791
-0.361851 0.299791 -0.38175 0.298224
-0.38175 0.298224 -0.401639 0.296536
-0.401639 0.296536 -0.421518 0.294733
-0.421518 0.294733 -0.441387 0.292818
-0.441387 0.292818 -0.461245 0.290796
-0.461245 0.290796 -0.481092 0.28867
-0.481092 0.28867 -0.500928 0.286444
-0.500928 0.286444 -0.520753 0.284122
-0.520753 0.284122 -0.540567 0.281709
-0.540567 0.281709 -0.560371 0.279207
-0.560371 0.279207 -0.580163 0.276622
-0.580163 0.276622 -0.599945 0.273956
-0.599945 0.273956 -0.619717 0.271214
-0.619717 0.271214 -0.639478 0.268399
-0.639478 0.268399 -0.659229 0.265516
-0.659229 0.265516 -0.678971 0.262567
-0.678971 0.262567 -0.698704 0.259558
-0.698704 0.259558 -0.718427 0.256491
-0.718427 0.256491 -0.738143 0.25337
-0.738143 0.25337 -0.75785 0.250199
-0.75785 0.250199 -0.777544 0.246951
-0.777544 0.246951 -0.797221 0.243594
-0.797221 0.243594 -0.81688 0.240136
-0.81688 0.240136 -0.836522 0.236585
-0.836522 0.236585 -0.856149 0.232949
-0.856149 0.232949 -0.875761 0.229233
-0.875761 0.229233 -0.895359 0.225445
-0.895359 0.225445 -0.914944 0.221591
-0.914944 0.221591 -0.934516 0.217675
-0.934516 0.217675 -0.954078 0.213705
-0.954078 0.213705 -0.97363 0.209685
-0.97363 0.209685 -0.993172 0.20562
-0.993172 0.20562 -1.01271 0.201515
-1.01271 0.201515 -1.03223 0.197376
-1.03223 0.197376 -1.05175 0.193208
-1.05175 0.193208 -1.07127 0.189016
-1.07127 0.189016 -1.09078 0.184805
-1.09078 0.184805 -1.11029 0.180581
-1.11029 0.180581 -1.1298 0.17635
-1.1298 0.17635 -1.1493 0.172118
-1.1493 0.172118 -1.16881 0.167879
-1.16881 0.167879 -1.1883 0.163554
-1.1883 0.163554 -1.20776 0.159141
-1.20776 0.159141 -1.22721 0.154652
-1.22721 0.154652 -1.24665 0.150098
-1.24665 0.150098 -1.26607 0.145492
-1.26607 0.145492 -1.28548 0.140846
-1.28548 0.140846 -1.30489 0.136173
-1.30489 0.136173 -1.32429 0.131488
-1.32429 0.131488 -1.34369 0.126804
-1.34369 0.126804 -1.3631 0.122137
-1.3631 0.122137 -1.38252 0.117505
-1.38252 0.117505 -1.40195 0.112926
-1.40195 0.112926 -1.42139 0.10842
-1.42139 0.10842 -1.44086 0.104011
-1.44086 0.104011 -1.46035 0.099722
-1.46035 0.099722 -1.47976 0.0950391
-1.47976 0.0950391 -1.499 0.0897282
-1.499 0.0897282 -1.51813 0.0840333
-1.51813 0.0840333 -1.53721 0.0781951
-1.53721 0.0781951 -1.55634 0.0724685
-1.55634 0.0724685 -1.57557 0.067146
-1.57557 0.067146 -1.595 0.0625908
-1.595 0.0625908 -1.61468 0.0592825
-1.61468 0.0592825 -1.63458 0.0578714
-1.63458 0.0578714 -1.65448 0.0591969
-1.65448 0.0591969 -1.67385 0.0639034
-1.67385 0.0639034 -1.69225 0.0715944
-1.69225 0.0715944 -1.70949 0.0816416
-1.70949 0.0816416 -1.72566 0.0933329
-1.72566 0.0933329 -1.74105 0.106045
-1.74105 0.106045 -1.75599 0.119283
-1.75599 0.119283 -1.7708 0.132656
-1.7708 0.132656 -1.78568 0.145966
-1.78568 0.145966 -1.79992 0.15995
-1.79992 0.15995 -1.81354 0.174542
-1.81354 0.174542 -1.8267 0.189546
-1.8267 0.189546 -1.83955 0.204825
-1.83955 0.204825 -1.85219 0.220271
-1.85219 0.220271 -1.86474 0.235793
-1.86474 0.235793 -1.8773 0.251307
-1.8773 0.251307 -1.88997 0.266727
-1.88997 0.266727 -1.90288 0.281952
-1.90288 0.281952 -1.91616 0.296854
-1.91616 0.296854 -1.92968 0.311538
-1.92968 0.311538 -1.943 0.326404
-1.943 0.326404 -1.95624 0.341344
-1.95624 0.341344 -1.96948 0.356276
-1.96948 0.356276 -1.98282 0.371129
-1.98282 0.371129 -1.99635 0.385805
-1.99635 0.385805 -2.01025 0.400127
-2.01025 0.400127 -2.02499 0.413569
-2.02499 0.413569 -2.04092 0.41674
-2.04092 0.41674 -2.03874 0.397012
-2.03874 0.397012 -2.03347 0.377761
-2.03347 0.377761 -2.02737 0.358757
-2.02737 0.358757 -2.02085 0.339891
-2.02085 0.339891 -2.0141 0.321106
-2.0141 0.321106 -2.00724 0.302362
-2.00724 0.302362 -2.00038 0.283616
-2.00038 0.283616 -1.9935 0.26488
-1.9935 0.26488 -1.98628 0.24627
-1.98628 0.24627 -1.97877 0.227778
-1.97877 0.227778 -1.97099 0.209396
-1.97099 0.209396 -1.96297 0.191119
-1.96297 0.191119 -1.95471 0.172944
-1.95471 0.172944 -1.94624 0.154873
-1.94624 0.154873 -1.93754 0.136909
-1.93754 0.136909 -1.9286 0.119061
-1.9286 0.119061 -1.91836 0.101935
-1.91836 0.101935 -1.90672 0.085729
-1.90672 0.085729 -1.89448 0.0699579
-1.89448 0.0699579 -1.88238 0.0540868
-1.88238 0.0540868 -1.87128 0.0375042
-1.87128 0.0375042 -1.86265 0.0195405
-1.86265 0.0195405 -1.85908 2.93098e-14
-1.85908 2.93098e-14 -1.86265 -0.0195405
-1.86265 -0.0195405 -1.87128 -0.0375042
-1.87128 -0.0375042 -1.88238 -0.0540868
-1.88238 -0.0540868 -1.89448 -0.0699579
-1.89448 -0.0699579 -1.90672 -0.085729
-1.90672 -0.085729 -1.91836 -0.101935
-1.91836 -0.101935 -1.9286 -0.119061
-1.9286 -0.119061 -1.93754 -0.136909
-1.93754 -0.136909 -1.94624 -0.154873
-1.94624 -0.154873 -1.95471 -0.172944
-1.95471 -0.172944 -1.96297 -0.191119
-1.96297 -0.191119 -1.97099 -0.209396
-1.97099 -0.209396 -1.97877 -0.227778
-1.97877 -0.227778 -1.98628 -0.24627
-1.98628 -0.24627 -1.9935 -0.26488
-1.9935 -0.26488 -2.00038 -0.283616
-2.00038 -0.283616 -2.00724 -0.302362
-2.00724 -0.302362 -2.0141 -0.321106
-2.0141 -0.321106 -2.02085 -0.339891
-2.02085 -0.339891 -2.02737 -0.358757
-2.02737 -0.358757 -2.03347 -0.377761
-2.03347 -0.377761 -2.03874 -0.397012
-2.03874 -0.397012 -2.04092 -0.41674
-2.04092 -0.41674 -2.02499 -0.413569
-2.02499 -0.413569 -2.01025 -0.400127
-2.01025 -0.400127 -1.99635 -0.385805
-1.99635 -0.385805 -1.98282 -0.371129
-1.98282 -0.371129 -1.96948 -0.356276
-1.96948 -0.356276 -1.95624 -0.341344
-1.95624 -0.341344 -1.943 -0.326404
-1.943 -0.326404 -1.92968 -0.311538
-1.92968 -0.311538 -1.91616 -0.296854
-1.91616 -0.296854 -1.90288 -0.281952
-1.90288 -0.281952 -1.88997 -0.266727
-1.88997 -0.266727 -1.8773 -0.251307
-1.8773 -0.251307 -1.86474 -0.235793
-1.86474 -0.235793 -1.85219 -0.220271
-1.85219 -0.220271 -1.83955 -0.204825
-1.83955 -0.204825 -1.8267 -0.189546
-1.8267 -0.189546 -1.81354 -0.174542
-1.81354 -0.174542 -1.79992 -0.15995
-1.79992 -0.15995 -1.78568 -0.145966
-1.78568 -0.145966 -1.7708 -0.132656
-1.7708 -0.132656 -1.75599 -0.119283
-1.75599 -0.119283 -1.74105 -0.106045
-1.74105 -0.106045 -1.72566 -0.0933329
-1.72566 -0.0933329 -1.70949 -0.0816416
-1.70949 -0.0816416 -1.69225 -0.0715944
-1.69225 -0.0715944 -1.67385 -0.0639034
-1.67385 -0.0639034 -1.65448 -0.0591969
-1.65448 -0.0591969 -1.63458 -0.0578714
-1.63458 -0.0578714 -1.61468 -0.0592825
-1.61468 -0.0592825 -1.595 -0.0625908
-1.595 -0.0625908 -1.57557 -0.067146
-1.57557 -0.067146 -1.55634 -0.0724685
-1.55634 -0.0724685 -1.53721 -0.0781951
-1.53721 -0.0781951 -1.51813 -0.0840333
-1.51813 -0.0840333 -1.499 -0.0897282
-1.499 -0.0897282 -1.47976 -0.0950391
-1.47976 -0.0950391 -1.46035 -0.099722
-1.46035 -0.099722 -1.44086 -0.104011
-1.44086 -0.104011 -1.42139 -0.10842
-1.42139 -0.10842 -1.40195 -0.112926
-1.40195 -0.112926 -1.38252 -0.117505
-1.38252 -0.117505 -1.3631 -0.122137
-1.3631 -0.122137 -1.34369 -0.126804
-1.34369 -0.126804 -1.32429 -0.131488
-1.32429 -0.131488 -1.30489 -0.136173
-1.30489 -0.136173 -1.28548 -0.140846
-1.28548 -0.140846 -1.26607 -0.145492
-1.26607 -0.145492 -1.24665 -0.150098
-1.24665 -0.150098 -1.22721 -0.154652
-1.22721 -0.154652 -1.20776 -0.159141
-1.20776 -0.159141 -1.1883 -0.163554
-1.1883 -0.163554 -1.16881 -0.167879
-1.16881 -0.167879 -1.1493 -0.172118
-1.1493 -0.172118 -1.1298 -0.17635
-1.1298 -0.17635 -1.11029 -0.180581
-1.11029 -0.180581 -1.09078 -0.184805
-1.09078 -0.184805 -1.07127 -0.189016
-1.07127 -0.189016 -1.05175 -0.193208
-1.05175 -0.193208 -1.03223 -0.197376
-1.03223 -0.197376 -1.01271 -0.201515
-1.01271 -0.201515 -0.993172 -0.20562
-0.993172 -0.20562 -0.97363 -0.209685
-0.97363 -0.209685 -0.954078 -0.213705
-0.954078 -0.213705 -0.934516 -0.217675
-0.934516 -0.217675 -0.914944 -0.221591
-0.914944 -0.221591 -0.895359 -0.225445
-0.895359 -0.225445 -0.875761 -0.229233
-0.875761 -0.229233 -0.856149 -0.232949
-0.856149 -0.232949 -0.836522 -0.236585
-0.836522 -0.236585 -0.81688 -0.240136
-0.81688 -0.240136 -0.797221 -0.243594
-0.797221 -0.243594 -0.777544 -0.246951
-0.777544 -0.246951 -0.75785 -0.250199
-0.75785 -0.250199 -0.738143 -0.25337
-0.738143 -0.25337 -0.718427 -0.256491
-0.718427 -0.256491 -0.698704 -0.259558
-0.698704 -0.259558 -0.678971 -0.262567
-0.678971 -0.262567 -0.659229 -0.265516
-0.659229 -0.265516 -0.639478 -0.268399
-0.639478 -0.268399 -0.619717 -0.271214
-0.619717 -0.271214 -0.599945 -0.273956
-0.599945 -0.273956 -0.580163 -0.276622
-0.580163 -0.276622 -0.560371 -0.279207
-0.560371 -0.279207 -0.540567 -0.281709
-0.540567 -0.281709 -0.520753 -0.284122
-0.520753 -0.284122 -0.500928 -0.286444
-0.500928 -0.286444 -0.481092 -0.28867
-0.481092 -0.28867 -0.461245 -0.290796
-0.461245 -0.290796 -0.441387 -0.292818
-0.441387 -0.292818 -0.421518 -0.294733
-0.421518 -0.294733 -0.401639 -0.296536
-0.401639 -0.296536 -0.38175 -0.298224
-0.38175 -0.298224 -0.361851 -0.299791
-0.361851 -0.299791 -0.341941 -0.301219
-0.341941 -0.301219 -0.322021 -0.302488
-0.322021 -0.302488 -0.302092 -0.303617
-0.302092 -0.303617 -0.282157 -0.304622
-0.282157 -0.304622 -0.262216 -0.305515
-0.262216 -0.305515 -0.242271 -0.306306
-0.242271 -0.306306 -0.222322 -0.307004
-0.222322 -0.307004 -0.202371 -0.307617
-0.202371 -0.307617 -0.182417 -0.30815
-0.182417 -0.30815 -0.162462 -0.308611
-0.162462 -0.308611 -0.142505 -0.309003
-0.142505 -0.309003 -0.122547 -0.309331
-0.122547 -0.309331 -0.102588 -0.309598
-0.102588 -0.309598 -0.0826286 -0.309809
-0.0826286 -0.309809 -0.0626685 -0.309965
-0.0626685 -0.309965 -0.0427081 -0.31007
-0.0427081 -0.31007 -0.0227474 -0.310125
-0.0227474 -0.310125 -0.00278672 -0.310134
-0.00278672 -0.310134 0.017174 -0.310098
0.017174 -0.310098 0.0371345 -0.31002
0.0371345 -0.31002 0.0570884 -0.309573
0.0570884 -0.309573 0.0770014 -0.308213
0.0770014 -0.308213 0.0968603 -0.306204
0.0968603 -0.306204 0.116697 -0.303987
0.116697 -0.303987 0.136578 -0.302216
0.136578 -0.302216 0.156527 -0.301827
0.156527 -0.301827 0.176348 -0.303998
0.176348 -0.303998 0.195553 -0.309376
0.195553 -0.309376 0.213906 -0.317192
0.213906 -0.317192 0.231263 -0.327031
0.231263 -0.327031 0.247535 -0.338578
0.247535 -0.338578 0.262596 -0.35166
0.262596 -0.35166 0.27351 -0.368289
0.27351 -0.368289 0.281755 -0.386464
0.281755 -0.386464 0.29134 -0.403914
0.29134 -0.403914 0.308991 -0.408489
0.308991 -0.408489 0.325122 -0.396899
0.325122 -0.396899 0.338801 -0.382375
0.338801 -0.382375 0.351482 -0.366961
0.351482 -0.366961 0.363784 -0.351242
0.363784 -0.351242 0.376195 -0.33561
0.376195 -0.33561 0.388787 -0.320129
0.388787 -0.320129 0.399958 -0.303592
0.399958 -0.303592 0.410571 -0.286687
0.410571 -0.286687 0.421893 -0.270254
0.421893 -0.270254 0.435058 -0.255276
0.435058 -0.255276 0.450572 -0.242757
0.450572 -0.242757 0.467742 -0.232598
0.467742 -0.232598 0.485743 -0.223982
0.485743 -0.223982 0.504103 -0.216152
0.504103 -0.216152 0.522525 -0.208467
0.522525 -0.208467 0.540767 -0.200366
0.540767 -0.200366 0.55856 -0.191326
0.55856 -0.191326 0.575856 -0.181364
0.575856 -0.181364 0.593004 -0.171147
0.593004 -0.171147 0.610024 -0.160719
0.610024 -0.160719 0.626923 -0.150096
0.626923 -0.150096 0.643701 -0.139283
0.643701 -0.139283 0.660351 -0.128274
0.660351 -0.128274 0.676858 -0.117052
0.676858 -0.117052 0.693194 -0.105582
0.693194 -0.105582 0.709097 -0.0935302
0.709097 -0.0935302 0.723502 -0.079726
0.723502 -0.079726 0.737106 -0.0651191
0.737106 -0.0651191 0.751465 -0.0512689
0.751465 -0.0512689 0.767845 -0.0399218
0.767845 -0.0399218 0.786216 -0.0322018
0.786216 -0.0322018 0.805611 -0.0275399
0.805611 -0.0275399 0.825402 -0.0249964
0.825402 -0.0249964 0.84533 -0.0239105
0.84533 -0.0239105 0.865289 -0.0238098
0.865289 -0.0238098 0.885242 -0.0243576
0.885242 -0.0243576 0.90518 -0.0253077
0.90518 -0.0253077 0.925107 -0.0264723
0.925107 -0.0264723 0.945029 -0.0277019
0.945029 -0.0277019 0.964956 -0.0288722
0.964956 -0.0288722 0.984891 -0.0298757
0.984891 -0.0298757 1.00484 -0.0306157
1.00484 -0.0306157 1.02479 -0.0310028
1.02479 -0.0310028 1.04475 -0.0309626
1.04475 -0.0309626 1.06471 -0.0307858
1.06471 -0.0307858 1.08468 -0.0306341
1.08468 -0.0306341 1.10464 -0.0305017
1.10464 -0.0305017 1.1246 -0.0303841
1.1246 -0.0303841 1.14456 -0.0302778
1.14456 -0.0302778 1.16452 -0.03018
1.16452 -0.03018 1.18448 -0.0300885
1.18448 -0.0300885 1.20444 -0.0300012
1.20444 -0.0300012 1.2244 -0.0299165
1.2244 -0.0299165 1.24436 -0.0298327
1.24436 -0.0298327 1.26432 -0.0297483
1.26432 -0.0297483 1.28428 -0.0296622
1.28428 -0.0296622 1.30424 -0.0295728
1.30424 -0.0295728 1.3242 -0.0294791
1.3242 -0.0294791 1.34416 -0.0293796
1.34416 -0.0293796 1.36412 -0.0292731
1.36412 -0.0292731 1.38408 -0.0291583
1.38408 -0.0291583 1.40404 -0.0290337
1.40404 -0.0290337 1.424 -0.0288977
1.424 -0.0288977 1.44396 -0.0287487
1.44396 -0.0287487 1.46392 -0.0285848
1.46392 -0.0285848 1.48388 -0.028404
1.48388 -0.028404 1.50384 -0.0282037
1.50384 -0.0282037 1.5238 -0.0279814
1.5238 -0.0279814 1.54376 -0.0277336
1.54376 -0.0277336 1.56372 -0.0274564
1.56372 -0.0274564 1.58368 -0.0271451
1.58368 -0.0271451 1.60364 -0.0267935
1.60364 -0.0267935 1.62359 -0.0263939
1.62359 -0.0263939 1.64355 -0.0259365
1.64355 -0.0259365 1.6635 -0.0254536
1.6635 -0.0254536 1.68346 -0.0249654
1.68346 -0.0249654 1.70341 -0.0244658
1.70341 -0.0244658 1.72337 -0.0239487
1.72337 -0.0239487 1.74332 -0.023407
1.74332 -0.023407 1.76327 -0.0228328
1.76327 -0.0228328 1.78322 -0.0222174
1.78322 -0.0222174 1.80317 -0.0215501
1.80317 -0.0215501 1.82312 -0.0208186
1.82312 -0.0208186 1.84306 -0.0200078
1.84306 -0.0200078 1.863 -0.0190988
1.863 -0.0190988 1.88294 -0.0180674
1.88294 -0.0180674 1.90286 -0.016881
1.90286 -0.016881 1.92278 -0.0154946
1.92278 -0.0154946 1.94267 -0.0138429
1.94267 -0.0138429 1.96255 -0.0120132
1.96255 -0.0120132 1.98241 -0.0100569
1.98241 -0.0100569 2.00225 -0.00787582
2.00225 -0.00787582 2.02204 -0.0052364
0 0 2.04092 0
