# k=10 a=1 N=25 h=1e-08 scheme=centered
# theta Re(fd) Im(fd) Re(exact) Im(exact) abs_error
0.062831853071795868 -9.742906909027127 -17.551352005096277 -9.7429069441951857 -17.551352087160804 8.9282579739719949e-08
0.18849555921538758 -6.7313349227937636 -18.591889766605973 -6.731334943019573 -18.591889855188612 9.0862352731778593e-08
0.31415926535897931 -0.5919560897016396 -19.168742149133777 -0.59195606459571348 -19.168742167344966 3.1015398288144817e-08
0.43982297150257105 7.7685307464658848 -16.574017527859475 7.7685307316748995 -16.574017509606573 2.3493438591936893e-08
0.56548667764616278 14.930090763698445 -8.4915334819246624 14.930090848980122 -8.4915335361195066 1.0104476996649143e-07
0.69115038378975446 15.386766505365301 3.701232759167894 15.386766441202294 3.7012327540146037 6.4369619485429653e-08
0.81681408993334625 6.2652003363083963 12.850030106648092 6.2652003667993537 12.850030046447069 6.7482306037585148e-08
0.94247779607693782 -6.543236991118917 10.813980322321726 -6.5432370343452524 10.813980305846343 4.6259640202861006e-08
1.0681415022205298 -10.885636727436809 -0.82590836947282753 -10.885636669362826 -0.82590839122317983 6.2013428557074741e-08
1.1938052083641213 -2.7235421307114649 -8.7821145966504588 -2.7235422045733233 -8.7821145534240372 8.558094208223764e-08
1.3194689145077132 6.2311637682999077 -4.2448551729190598 6.2311638015992106 -4.244855168492057 3.3592289668132028e-08
1.4451326206513047 4.4310527080870798 4.062545594374356 4.4310526296768469 4.0625456043335966 7.9040186659112598e-08
1.5707963267948966 -2.4967398204456259 3.9323629778507887 -2.4967397554559603 3.9323629588362206 6.7714181991746198e-08
1.6964600329384882 -3.1842317338437454 -1.4697201400348803 -3.1842318209119722 -1.469720166270523 9.0935059676800966e-08
1.8221237390820801 0.83712708986993789 -2.4288085598289655 0.83712715387529124 -2.4288085767638692 6.6207825979500529e-08
1.9477874452256716 1.7733483292925456 0.46176307222367541 1.7733482641714979 0.46176306045675181 6.6175609858180808e-08
2.0734511513692637 -0.24631352166237797 1.2541909510943583 -0.24631346060958131 1.2541909913433114 7.3126070599690305e-08
2.1991148575128552 -0.86255430575832293 -0.12215800870851723 -0.86255436372225447 -0.12215800174846327 5.8380302424288823e-08
2.3247785636564471 0.056577514895295167 -0.58392412571883767 0.056577543875160258 -0.58392413854938063 3.1693144580119714e-08
2.4504422698000385 0.38516989320225292 0.015841666867189019 0.38516975392218938 0.015841644385982564 1.4108274431286688e-07
2.57610597594363 -0.0040598191475282874 0.25620884303023672 -0.0040598181922444562 0.25620881283792796 3.0207417561125781e-08
2.7017696820872219 -0.16128021140815463 0.015107273765302409 -0.16128022847134066 0.015107229557401109 4.7386610501788367e-08
2.8274333882308138 -0.00034479641364271174 -0.11073822830942603 -0.00034477812473857809 -0.11073817059622774 6.0541698615520926e-08
2.9530970943744057 0.061704075182689166 -0.028214164338180581 0.061704066056262115 -0.028214180037644403 1.815942826876787e-08
3.0787608005179972 -0.017663120965849544 0.051059562133914937 -0.017663065737023694 0.051059504561467392 7.9779758843210975e-08
3.2044245066615891 -0.01766311541473442 0.051059562133914937 -0.017663065737027046 0.051059504561471486 7.6042493745241837e-08
3.330088212805181 0.061704052978228674 -0.028214161562623019 0.061704066056262011 -0.028214180037643893 2.2635400421990027e-08
3.4557519189487724 -0.00034482416921832737 -0.11073814296103102 -0.00034477812474105398 -0.11073817059622776 5.3701005450122676e-08
3.5814156250923639 -0.1612802058570395 0.015107262663072163 -0.16128022847133783 0.01510722955741272 4.0092283244895953e-08
3.7070793312359558 -0.0040598358008736568 0.2562088374791216 -0.0040598181922482822 0.25620881283792918 3.0286169309716851e-08
3.8327430373795477 0.38516979466995949 0.015841694622764635 0.38516975392218716 0.015841644385985041 6.4684735241417246e-08
3.9584067435231396 0.056577537099755659 -0.58392417567887378 0.056577543875161548 -0.58392413854938008 3.7742620835286526e-08
4.0840704496667311 -0.8625543002072078 -0.12215798372849918 -0.86255436372225192 -0.12215800174846753 6.6021815243514241e-08
4.209734155810323 -0.24631352235626736 1.2541909510943583 -0.24631346060958131 1.2541909913433114 7.3706386830025938e-08
4.3353978619539149 1.7733483403947758 0.46176305557033004 1.7733482641714979 0.46176306045675181 7.6379743474878944e-08
4.4610615680975068 0.8371270676654774 -2.4288085931356562 0.83712715387527981 -2.4288085767638723 8.7750585982179985e-08
4.5867252742410978 -3.1842317671504361 -1.4697201566882256 -3.1842318209119664 -1.4697201662705437 5.4608817635685257e-08
4.7123889803846897 -2.4967398204456259 3.9323629778507803 -2.4967397554559714 3.9323629588362117 6.7714171460923267e-08
4.8380526865282816 4.4310526997604072 4.062545549965435 4.4310526296768389 4.062545604333601 8.8699515297500147e-08
4.9637163926718735 6.2311637794021379 -4.2448551895724052 6.2311638015992026 -4.2448551684920774 3.0611924055855826e-08
5.0893800988154645 -2.7235421251603498 -8.7821145799971134 -2.7235422045732611 -8.7821145534240532 8.3740898123683694e-08
5.2150438049590573 -10.885636769070173 -0.82590836392171241 -10.885636669362844 -0.82590839122311521 1.033775506327107e-07
5.3407075111026483 -6.5432370022211472 10.813980280688362 -6.5432370343452932 10.813980305846311 4.080297949041212e-08
5.4663712172462393 6.2652003141039359 12.85003004003471 6.2652003667992746 12.850030046447101 5.3084060511501551e-08
5.5920349233898321 15.386766505365301 3.701232759167894 15.386766441202294 3.7012327540146037 6.4369619485429653e-08
5.7176986295334231 14.930090841414057 -8.4915335374358136 14.930090848980152 -8.4915335361194355 7.6797558246017409e-09
5.843362335677015 7.7685307908748058 -16.574017600023971 7.7685307316749226 -16.574017509606559 1.080737461472114e-07
5.9690260418206069 -0.59195608415052448 -19.168742163011565 -0.59195606459572492 -19.168742167344956 2.0029190179869138e-08
6.0946897479641988 -6.7313349227937636 -18.591889755503743 -6.7313349430195704 -18.591889855188601 1.0171604650208897e-07
6.2203534541077907 -9.7429069034760118 -17.551352010647392 -9.7429069441951892 -17.551352087160815 8.6673844542093293e-08
