0 -7.72453 1.99861
1 4.20186 -1.15087
2 1.20439 -0.311021
3 -5.98448 1.89847
4 7.94221 -2.92146
5 -6.24039 2.71371
6 1.79898 -1.00476
7 3.17125 -1.75136
8 -6.29307 4.35963
9 6.24247 -5.33788
10 -3.40923 3.71825
11 -0.391792 0.222094
12 3.02771 -4.81083
13 -3.33717 7.67402
14 1.7986 -7.02872
15 -0.107927 2.85517
16 -0.107927 2.85517
17 -1.41883 -7.10854
18 3.26792 7.68987
19 -3.32895 -4.5958
20 0.514213 0.0699823
21 4.08922 2.9334
22 -7.66134 -2.86856
23 7.58662 0.72922
24 -3.53099 0.790269
25 -2.04087 0.405021
26 5.55888 -3.85424
27 -5.10413 6.67354
28 1.98811 -5.91081
29 0.351862 1.26406
30 0.58036 4.29614
31 -3.93836 -6.8507
32 6.1341 4.9734
33 -4.181 -1.12922
34 -1.21778 -0.551176
35 5.97046 -1.70798
36 -6.37024 5.39804
37 2.82461 -6.09553
38 0.383328 2.07427
39 0.540349 3.56698
40 -4.74123 -5.85657
41 7.39685 3.23763
42 -4.95205 0.539651
43 -0.660297 -0.437325
44 3.86193 -4.04832
45 -1.7528 8.00809
46 -2.29088 -6.73035
47 2.43575 1.52331
48 2.43575 1.52331
49 -7.00481 1.05576
50 5.99244 -5.51858
51 -1.08615 5.44826
52 -0.904306 -0.192923
53 -3.02551 -3.89401
54 7.73849 1.79119
55 -6.71593 3.10131
56 1.27914 -3.34655
57 0.871304 -1.98861
58 3.39426 5.60542
59 -7.73192 -2.42618
60 5.45443 -2.58336
61 0.170646 1.53083
62 -0.503457 4.20495
63 -5.01639 -5.68547
64 7.55051 0.460219
65 -2.87988 3.07967
66 -1.33234 0.86884
67 -2.08658 -5.56913
68 7.46027 2.69293
69 -5.52215 3.22601
70 -0.351634 -2.19731
71 -0.37876 -3.5098
72 6.47621 2.92442
73 -6.63379 3.67282
74 0.280814 -4.73256
75 0.850728 -1.00763
76 5.01337 1.62347
77 -5.70592 5.02149
78 -1.14028 -6.4916
79 2.83206 0.371713
80 2.83206 0.371713
81 -2.53081 5.97572
82 -4.75225 -5.66249
83 4.88268 -1.44272
84 1.10288 1.00349
85 1.1334 4.3691
86 -7.01929 -0.489776
87 2.74961 -5.90504
88 2.74168 1.88754
89 1.80611 1.39149
90 -2.98013 4.79528
91 -4.70336 -4.93025
92 4.30711 -2.68476
93 1.56186 1.00566
94 2.54169 2.56403
95 -4.31241 4.08292
96 -3.47051 -4.56619
97 2.44833 -2.1846
98 1.54734 -0.966772
99 3.7701 1.60921
100 -1.51541 4.66063
101 -3.5626 -0.630714
102 -0.765386 -1.33882
103 -0.833407 -1.76662
104 1.72714 -2.00935
105 1.88011 0.860291
106 0.0441367 0.912085
107 0.0374827 0.439032
108 -0.407263 0.441979
109 -0.409361 -0.266397
110 0.119752 -0.267063
111 0.119867 -0.0431352
112 0.119867 -0.0431352
113 0.119873 0.0461796
114 0.0354456 0.0461818
115 0.0354451 0.00068338
116 0.0470538 0.000683344
117 0.0470538 -0.00440081
118 0.0553157 -0.00440081
119 0.0553157 0.00111535
120 0.0531648 0.00111535
