0 -7.72453 1.99861
1 -12.2032 3.18132
2 0.571926 -0.398111
3 12.3605 -4.02129
4 6.59184 -2.02481
5 -8.15757 3.83557
6 -10.9806 5.14133
7 1.36653 -1.57625
8 10.8309 -7.68723
9 4.89305 -3.09374
10 -6.4919 7.58869
11 -7.51076 8.76919
12 0.74466 -3.38136
13 5.32312 -12.3621
14 2.41394 -4.03367
15 -0.461934 10.8755
16 -0.461934 10.8755
17 -2.43934 -4.15407
18 -5.09418 -12.5367
19 -0.348837 -3.69923
20 8.92938 7.56497
21 7.72225 6.59811
22 -6.13848 -0.245772
23 -13.3611 -1.94996
24 -2.24349 -2.01101
25 11.164 -5.47733
26 8.49531 -3.98167
27 -2.59386 6.96685
28 -5.53156 12.1795
29 -2.84839 0.413897
30 -3.82224 -12.5088
31 -2.12535 -8.32285
32 7.94711 3.50125
33 11.8207 5.79294
34 -0.808473 3.32934
35 -12.596 5.2263
36 -7.48427 2.28289
37 2.07805 -9.67003
38 2.93531 -12.5389
39 4.34813 0.891973
40 9.6297 10.3155
41 3.88017 6.0078
42 -10.6864 2.82532
43 -12.1355 3.1552
44 -1.21789 -5.56252
45 2.82096 -14.2351
46 3.12576 -5.88642
47 10.2556 6.56368
48 10.2556 6.56368
49 -3.98489 5.85842
50 -11.3472 9.58249
51 -6.2554 1.69371
52 -5.81638 -11.9253
53 -5.10013 -10.6756
54 7.59687 -3.96945
55 14.4436 -4.59002
56 6.44854 1.85784
57 2.77898 14.0761
58 1.89304 11.4094
59 -9.6778 3.05683
60 -15.1398 3.12193
61 -6.47526 -3.62463
62 -3.60225 -15.0217
63 -1.90754 -11.3076
64 10.6594 -5.16189
65 14.5762 -6.14556
66 7.98068 3.27693
67 9.2175 13.8341
68 5.26306 10.4119
69 -8.2382 10.9662
70 -10.0538 12.8706
71 -10.2979 1.0614
72 -17.1529 -5.37282
73 -10.943 -5.72732
74 -2.78664 -15.6421
75 -2.97908 -16.8999
76 7.07043 -10.5478
77 14.7811 -12.9921
78 12.1949 -6.4705
79 18.1869 3.88236
80 18.1869 3.88236
81 10.0974 12.3356
82 11.3558 18.9282
83 4.42505 15.8927
84 -4.70018 21.7984
85 -4.71048 20.662
86 -14.3272 14.9306
87 -18.9545 17.4957
88 -18.9466 9.70307
89 -27.3645 5.23973
90 -25.6838 4.04448
91 -27.4759 -6.06973
92 -31.2081 -6.99984
93 -26.7064 -13.0515
94 -30.8824 -19.6932
95 -28.3085 -20.2636
96 -27.4666 -28.9127
97 -29.6893 -29.8071
98 -25.8493 -34.9974
99 -29.4943 -39.2216
100 -27.3049 -40.4855
101 -29.4339 -45.9884
102 -30.4162 -45.7397
103 -31.0282 -49.5889
104 -33.5888 -49.3461
105 -33.6612 -50.7054
106 -35.8269 -50.6443
107 -35.8247 -50.4846
108 -36.8984 -50.4775
109 -36.8969 -49.9679
110 -37.1966 -49.9675
111 -37.1964 -49.6298
112 -37.1964 -49.6298
113 -37.1964 -49.495
114 -37.1486 -49.495
115 -37.1486 -49.4623
116 -37.1205 -49.4623
117 -37.1205 -49.4606
118 -37.1108 -49.4606
119 -37.1108 -49.4632
120 -37.1086 -49.4632
