0 4.71592 24.7867
1 1.79366 9.46914
2 -5.91704 -30.6212
3 1.89385 9.44968
4 4.9309 24.7448
5 -5.11979 -24.7065
6 -1.92997 -9.44253
7 6.68065 30.4637
8 -2.22899 -9.37668
9 -5.76138 -24.5648
10 6.13603 24.474
11 2.30064 9.35968
12 -8.19488 -30.0918
13 2.79289 9.22515
14 7.19217 24.1848
15 -7.74455 -24.0137
16 -2.89858 -9.19298
17 10.4267 29.3931
18 -3.57167 -8.95354
19 -9.18859 -23.4991
20 9.90235 23.2075
21 3.70835 8.89847
22 -13.3092 -28.2053
23 4.53868 8.50577
24 11.6835 22.3639
25 -12.5292 -21.9015
26 -4.70078 -8.41815
27 16.7223 26.3257
28 -5.64782 -7.81541
29 -14.5605 -20.6072
30 15.4897 19.9184
31 5.82618 7.68453
32 -20.4691 -23.5308
33 6.82634 6.81295
34 17.6345 18.0473
35 -18.5743 -17.0788
36 -7.00707 -6.6285
37 24.2542 19.6067
38 -7.9683 -5.43728
39 -20.6351 -14.5221
40 21.484 13.2344
41 8.13203 5.1915
42 -27.6668 -14.3959
43 8.93137 3.65197
44 23.197 9.93088
45 -23.8249 -8.31326
46 -9.05319 -3.3426
47 30.1819 7.85813
48 -9.53999 -1.46607
49 -24.8669 -4.28747
50 25.122 2.37628
51 9.59067 1.09982
52 -31.1879 -0.143461
53 9.59863 -1.04274
54 25.1366 -2.2192
55 -24.8617 4.32241
56 -9.54783 1.44664
57 30.0539 -8.33511
58 -8.91873 3.70721
59 -23.51 9.16978
60 22.5714 -11.285
61 8.7404 -4.11441
62 -26.2455 16.8492
63 7.36073 -6.25932
64 19.6104 -15.883
65 -17.9378 17.7507
66 -7.04085 6.62002
67 19.486 -24.3521
68 -4.8889 8.33883
69 -13.3218 21.4337
70 10.9556 -22.7347
71 4.43463 -8.59147
72 -9.94588 29.5604
73 1.63035 -9.53224
74 4.94249 -24.7484
75 -2.07736 25.1518
76 -1.07855 9.61266
77 -1.58344 -31.1487
78 2.0788 9.44935
79 4.69053 24.7982
80 -7.68273 -24.0406
81 -2.65689 -9.30594
82 13.6004 28.0676
83 -5.68398 -7.83581
84 -14.169 -20.8862
85 16.7582 18.8728
86 6.18613 7.44918
87 -23.9737 -19.9507
88 8.46651 4.70402
89 21.6418 12.9874
90 -23.2203 -9.89356
91 -8.77481 -4.10686
92 30.2697 7.51842
93 -9.68088 -0.44503
94 -25.1575 -2.04661
95 25.1891 -1.61989
96 9.69042 -0.265428
97 -30.3522 7.17927
98 8.77185 -4.13355
99 23.2169 -9.90535
100 -21.4356 13.3299
101 -8.42931 4.79984
102 23.1773 -20.8716
103 -5.63003 7.90282
104 -15.4363 19.9728
105 12.0405 -22.1867
106 4.97195 -8.33634
107 -9.56608 29.6869
108 0.799641 -9.67669
109 3.10413 -25.0522
110 1.13991 25.2187
111 0.0266614 9.71305
112 -7.39552 -30.3009
113 4.48044 8.62182
114 10.6744 22.8772
115 -14.5185 -20.6533
116 -5.23241 -8.19153
117 22.7124 21.3776
118 -8.51135 -4.70164
119 -21.5334 -13.179
120 23.5804 9.02073
121 8.91529 3.8908
122 -30.8233 -4.77465
123 9.675 -1.04266
124 25.2006 -1.53847
125 -24.4475 6.30813
126 -9.53196 1.97741
127 27.7671 -14.2082
128 -7.16162 6.5996
129 -19.3705 16.1953
130 15.782 -19.7097
131 6.46072 -7.29254
132 -13.4546 28.1403
133 1.58926 -9.61637
134 5.3585 -24.6751
135 -0.173466 25.2505
136 -0.570205 9.73432
137 -7.14357 -30.3627
138 4.87985 8.44691
139 11.4808 22.4909
140 -16.0094 -19.5292
141 -5.77505 -7.86746
142 25.067 18.563
143 -9.22415 -3.20116
144 -23.3786 -9.54827
145 24.9097 4.15606
146 9.5316 2.13754
147 -31.0656 2.80812
148 8.98562 -3.84271
149 23.7359 -8.62636
150 -21.1428 13.8142
151 -8.47708 4.87219
152 20.7504 -23.2895
153 -3.83864 8.99746
154 -11.2259 22.6245
155 5.57824 -24.6336
156 2.71972 -9.40144
157 1.56929 31.1535
158 -3.6816 -9.07322
159 -8.09694 -23.9251
160 13.6725 21.2386
161 4.79334 8.54395
162 -23.5126 -20.4982
163 9.13374 3.55621
164 22.9368 10.5812
165 -24.8579 -4.49322
166 -9.52259 -2.34374
167 30.999 -3.47949
168 -8.75644 4.42689
169 -23.2144 9.96191
170 19.8558 -15.6188
171 8.09006 -5.56127
172 -17.7386 25.6594
173 2.31552 -9.54558
174 7.52582 -24.1165
175 -0.847524 25.2502
176 -0.977444 9.77915
177 -8.46048 -30.0251
178 5.96767 7.81538
179 13.9695 21.0521
180 -19.1902 -16.4356
181 -7.02173 -6.89197
182 28.838 11.8947
183 -9.8444 -0.0309448
184 -25.2033 -1.79733
185 24.6957 -5.34907
186 9.74871 -1.41061
187 -26.7699 16.0159
188 5.83041 -7.94645
189 16.3331 -19.2813
190 -10.0849 23.1708
191 -4.5704 8.73891
192 2.36335 -31.1059
193 3.22931 9.32439
194 6.54171 24.41
195 -13.4658 -21.3862
196 -4.63667 -8.71749
197 24.542 19.2581
198 -9.5836 -2.40144
199 -23.9998 -7.92203
200 25.2731 0.275982
201 9.84983 0.846886
202 -29.3954 10.4462
203 7.08905 -6.89956
204 19.3837 -16.2214
205 -13.3893 21.4394
206 -5.87042 7.9702
207 6.10698 -30.5932
208 2.39257 9.61182
209 4.2067 24.9254
210 -11.9138 -22.2956
211 -3.97317 -9.08053
212 23.6598 20.3342
213 -9.589 -2.53419
214 -23.8594 -8.35567
215 25.2811 0.137981
216 9.88875 0.847307
217 -29.0467 11.3835
218 6.66094 -7.36676
219 18.4042 -17.3347
220 -11.5872 22.4724
221 -5.26059 8.43215
222 2.74858 -31.0768
223 3.73079 9.21909
224 7.53606 24.1358
225 -15.298 -20.1338
226 -5.33993 -8.39861
227 27.0079 15.6181
228 -9.95108 -0.407803
229 -25.0916 -3.14114
230 24.6203 -5.77614
231 9.86161 -1.44344
232 -25.0972 18.534
233 4.25526 -9.02053
234 12.6984 -21.8708
235 -4.10867 24.9554
236 -2.46899 9.67105
237 -7.76085 -30.2188
238 6.85161 7.26817
239 15.6859 19.841
240 -21.8101 -12.8103
241 -8.13843 -5.80417
242 31.0196 3.34998
243 -9.18432 3.96482
244 -24.0195 7.9314
245 19.3871 -16.2499
246 8.22014 -5.71454
247 -13.3114 28.2184
248 -0.849783 -9.98284
249 0.1347 -25.2975
250 9.4134 23.4829
251 2.86239 9.60961
252 -22.8683 -21.226
253 9.81023 2.11031
254 24.1423 7.56788
255 -25.1981 2.29259
256 -10.0427 -0.0266461
257 26.7447 -16.0704
258 -4.66657 8.90163
259 -13.7898 21.2157
260 4.37896 -24.9232
261 2.6727 -9.69735
262 8.78412 29.94
263 -7.51549 -6.69793
264 -17.2075 -18.5556
265 23.1833 10.1502
266 8.79669 4.91252
267 -31.1543 1.73413
268 8.18534 -5.8891
269 21.8762 -12.7276
270 -14.8197 20.5187
271 -6.68303 7.56252
272 4.60819 -30.8609
273 4.21472 9.17938
274 8.25248 23.9292
275 -17.4105 -18.3757
276 -6.1872 -7.99503
277 29.5594 9.99534
278 -9.76969 2.63231
279 -24.9787 4.11467
280 20.9294 -14.2446
281 8.90577 -4.8212
282 -14.3513 27.7082
283 -1.2331 -10.0605
284 -0.517954 -25.3131
285 11.3041 22.6567
286 3.57203 9.49524
287 -25.6897 -17.7138
288 10.1536 -0.0690038
289 25.2044 2.4339
290 -23.7524 8.78037
291 -9.84829 2.50995
292 20.1823 -23.8001
293 -0.835865 10.1378
294 -4.70521 24.8839
295 -6.79211 -24.3989
296 -1.67661 -10.0427
297 22.2538 21.8763
298 -10.0837 -1.47432
299 -24.5324 -6.29904
300 24.7463 -5.40648
301 10.1417 -1.09426
302 -22.9052 21.1942
303 1.84703 -10.0415
304 7.23364 -24.2768
305 4.6576 24.9016
306 0.773575 10.1904
307 -20.7065 -23.3478
308 10.0406 1.95604
309 24.1914 7.52574
310 -24.9231 4.56023
311 -10.214 0.719461
312 23.2409 -20.8273
313 -1.80084 10.0897
314 -7.18062 24.2997
315 -5.11726 -24.8183
316 -0.934285 -10.2166
317 21.549 22.5741
318 -10.1764 -1.3773
319 -24.5747 -6.18904
320 24.5432 -6.32072
321 10.1812 -1.41842
322 -21.2908 22.8186
323 0.679225 -10.2672
324 4.53082 -24.9374
325 8.14587 24.0031
326 2.168 10.0694
327 -24.5301 -19.2952
328 10.3061 -0.297118
329 25.255 2.18523
330 -23.057 10.5389
331 -9.8223 3.16983
332 16.4669 -26.5124
333 1.5456 10.2153
334 0.851166 25.3388
335 -13.399 -21.5256
336 -4.39374 -9.36274
337 28.5164 12.6855
338 -9.8967 3.03991
339 -24.9473 4.53949
340 19.2087 -16.5562
341 8.60082 -5.78278
342 -7.86606 30.2038
343 -4.72113 -9.23849
344 -8.76721 -23.7972
345 19.7495 15.9134
346 7.24277 7.44407
347 -31.1472 -2.00791
348 8.12711 -6.48461
349 21.5895 -13.314
350 -11.4977 22.6116
351 -5.81407 8.63331
352 -4.74713 -30.8494
353 8.16947 6.46758
354 17.8214 18.0547
355 -24.6684 -5.9294
356 -9.76426 -3.67025
357 28.7921 -12.053
358 -4.21259 9.55522
359 -13.0206 21.7772
360 -0.644127 -25.3669
361 1.04004 -10.4025
362 19.3098 24.5241
363 -10.372 -1.39875
364 -24.5302 -6.50083
365 24.1425 -7.82599
366 10.2951 -1.94869
367 -17.7902 25.6485
368 -1.81561 -10.3312
369 -1.20768 -25.3525
370 14.9221 20.5343
371 5.04093 9.21277
372 -29.9805 -8.69184
373 9.18151 -5.12205
374 23.5637 -9.44328
375 -14.3459 20.9461
376 -7.01628 7.84647
377 -2.15241 -31.1414
378 8.05927 6.7895
379 17.1514 18.7209
380 -24.7139 -5.83021
381 -9.86646 -3.73717
382 28.1467 -13.4991
383 -3.23482 10.0552
384 -10.853 22.9583
385 -4.15164 -25.0551
386 -0.343632 -10.5699
387 23.5028 20.5455
388 -10.53 1.10609
389 -25.3895 -0.685198
390 21.1466 -14.0729
391 9.52608 -4.65093
392 -8.80703 29.9496
393 -5.52657 -9.06099
394 -10.237 -23.2494
395 21.8757 12.9194
396 8.34417 6.58011
397 -30.7494 5.39056
398 5.58722 -9.05417
399 16.1157 -19.643
400 -1.42485 25.3705
401 -2.02899 10.4576
402 -19.149 -24.6564
403 10.6492 0.590798
404 24.9512 4.82085
405 -22.9011 11.0216
406 -10.1643 3.27574
407 12.053 -28.7991
408 4.83631 9.53597
409 8.30097 24.0237
410 -21.1192 -14.1478
411 -7.9903 -7.12551
412 30.8922 -4.51435
413 -5.59615 9.1426
414 -16.1265 19.6527
415 0.783208 -25.4129
416 1.81624 -10.5784
417 20.4459 23.5947
418 -10.7418 0.32612
419 -25.277 -2.7597
420 21.598 -13.4241
421 9.84448 -4.34543
422 -8.03681 30.1694
423 -6.41281 -8.65842
424 -12.1303 -22.3529
425 23.4251 9.90972
426 9.24368 5.56375
427 -29.1802 11.1059
428 3.17784 -10.3249
429 10.8357 -23.0139
430 6.09412 24.6993
431 1.07057 10.7643
432 -26.5287 -16.4649
433 10.1226 -3.8542
434 24.8225 -5.58183
435 -15.5824 20.1158
436 -7.80325 7.53322
437 -3.85979 -30.984
438 9.44184 5.36683
439 20.0937 15.6148
440 -25.4316 0.979787
441 -10.8138 -1.15655
442 21.0463 -23.0651
443 2.17488 10.6706
444 1.42941 25.4127
445 -17.6098 -18.3818
446 -6.31654 -8.88948
447 31.2244 0.143313
448 -6.37951 8.86255
449 -17.7204 18.2786
450 1.36083 -25.4248
451 2.18045 -10.7156
452 21.4765 22.6668
453 -10.8274 1.635
454 -25.4635 0.0713203
455 19.0126 -16.9432
456 9.17504 -6.00537
457 -0.664805 31.2189
458 -8.94281 -6.37214
459 -18.3334 -17.6794
460 25.458 0.851069
461 10.8133 1.9994
462 -21.803 22.3546
463 -2.30477 -10.768
464 -1.56968 -25.4263
465 18.3515 17.6733
466 6.70684 8.75401
467 -31.1406 2.32326
468 5.31175 -9.68209
469 15.4613 -20.2533
470 2.52684 25.358
471 -0.576836 11.0446
472 -25.4034 -18.1615
473 10.266 -4.15608
474 24.795 -5.89486
475 -13.91 21.3593
476 -7.39481 8.26712
477 -8.73067 -29.9831
478 10.7015 2.9767
479 23.2392 10.4774
480 -23.9894 8.63223
481 -10.9202 2.1217
482 10.8539 -29.282
483 6.93554 8.71845
484 12.6416 22.1434
485 -24.5484 -6.90556
486 -10.1478 -4.6381
487 25.6676 -17.7891
488 0.815422 11.1441
489 -2.06799 25.4198
490 -16.5403 -19.4174
491 -5.85039 -9.53997
492 31.2203 -0.777744
493 -5.34629 9.85024
494 -15.4875 20.2704
495 -3.64167 -25.2521
496 0.147784 -11.2239
497 26.9851 15.721
498 -9.68829 5.7021
499 -23.7347 9.36637
500 9.70965 -23.6001
501 5.86234 -9.61276
502 15.5095 27.1078
503 -11.2743 0.216783
504 -25.2803 -3.5054
505 19.915 -15.9674
506 9.81471 -5.58834
507 0.780723 31.2218
508 -10.1125 -5.06807
509 -20.7402 -14.8845
510 25.0224 -5.0762
511 11.3199 -0.464846
512 -13.3219 28.2483
513 -6.88 -9.02327
514 -12.0772 -22.4983
515 24.7669 6.23027
516 10.4395 4.49295
517 -24.0168 19.9666
518 -2.54833 -11.0941
519 -1.68834 -25.4855
520 20.1199 15.7397
521 7.73924 8.37247
522 -29.9622 8.81834
523 1.9391 -11.2536
524 8.30536 -24.1602
525 12.6699 22.1892
526 3.99898 10.7164
527 -31.1019 -2.86272
528 5.8677 -9.83967
529 16.4433 -19.5615
530 4.07413 25.2315
531 -0.0273339 11.4754
532 -28.2538 -13.3143
533 8.82465 -7.36436
534 22.011 -12.9958
535 -4.30357 25.2003
536 -3.75693 10.8829
537 -22.6519 -21.505
538 10.6774 -4.35598
539 24.9265 -5.69145
540 -11.553 22.8134
541 -6.83148 9.31467
542 -15.5729 -27.0755
543 11.5016 -1.25782
544 25.5367 1.39835
545 -17.2222 18.9123
546 -9.10354 7.17306
547 -8.09957 -30.1664
548 11.496 1.61673
549 24.4082 7.65988
550 -21.2308 14.279
551 -10.5872 4.81137
552 -1.01612 -31.2186
553 10.9081 4.0868
554 22.1611 12.7937
555 -23.7486 9.53972
556 -11.3984 2.49786
557 5.19955 -30.7996
558 9.98171 6.0816
559 19.3609 16.7426
560 -25.08 5.13455
561 -11.7019 0.409822
562 10.3255 -29.4796
563 8.92668 7.60805
564 16.4648 19.6071
565 -25.5727 1.3336
566 -11.6715 -1.35408
567 14.3224 -27.7587
568 7.90698 8.71842
569 13.8095 21.5686
570 -25.5567 -1.72541
571 -11.4651 -2.75309
572 17.2589 -26.0349
573 7.04109 9.48332
574 11.6224 22.8299
575 -25.3093 -3.99289
576 -11.212 -3.78238
577 19.2492 -24.6
578 6.40863 9.97172
579 10.0456 23.5744
580 -25.04 -5.46702
581 -11.0083 -4.45385
582 20.4063 -23.6491
583 6.05905 10.2375
584 9.15969 23.9407
585 -24.886 -6.16205
586 -10.9169 -4.78143
587 20.8099 -23.2948
588 6.019 10.3111
589 9.00409 24.0078
590 -24.9123 -6.08726
591 -10.9687 -4.77137
592 20.4888 -23.5776
593 6.29673 10.1953
594 9.58851 23.7888
595 -25.1129 -5.23684
596 -11.1634 -4.4173
597 19.4139 -24.4702
598 6.88235 9.86355
599 10.8947 23.2283
600 -25.4085 -3.59072
601 -11.468 -3.70034
602 17.5021 -25.872
603 7.74356 9.26149
604 12.8678 22.2053
605 -25.6442 -1.12698
606 -11.8139 -2.59414
607 14.6325 -27.5964
608 8.81727 8.31224
609 15.3976 20.5422
610 -25.5866 2.15376
611 -12.0933 -1.07599
612 10.6763 -29.3543
613 9.99831 6.92747
614 18.2919 18.0248
615 -24.9279 6.19149
616 -12.1574 0.855734
617 5.54578 -30.7389
618 11.1278 5.02639
619 21.2476 14.4377
620 -23.3044 10.8195
621 -11.82 3.15752
622 -0.737803 -31.2261
623 11.9864 2.56471
624 23.8276 9.62175
625 -20.3397 15.7125
626 -10.873 5.71209
627 -7.95988 -30.2031
628 12.2982 -0.426357
629 25.4583 3.5549
630 -15.7207 20.3441
631 -9.11821 8.30031
632 -15.6239 -27.0453
633 11.7568 -3.79507
634 25.4677 -3.54918
635 -9.3129 23.9735
636 -6.42097 10.5838
637 -22.8851 -21.2553
638 10.0794 -7.22827
639 23.1839 -11.1422
640 -1.30536 25.6944
641 -2.78384 12.113
642 -28.5486 -12.6668
643 7.09606 -10.2336
644 18.1097 -18.2791
645 7.6442 24.5748
646 1.56952 12.3798
647 -31.1861 -1.68807
648 2.8658 -12.1708
649 10.166 -23.6471
650 16.321 19.9106
651 6.12643 10.9299
652 -29.4196 10.4813
653 -2.20597 -12.3595
654 -0.0406018 -25.7485
655 23.0062 11.5749
656 10.075 7.53548
657 -22.3862 21.7754
658 -7.29956 -10.2784
659 -11.0229 -23.2797
660 25.76 0.386803
661 12.4031 2.40215
662 -10.3181 29.475
663 -11.2337 -5.83619
664 -20.439 -15.6895
665 22.9842 -11.6585
666 12.1462 -3.66304
667 4.94866 30.8331
668 -12.7075 0.3609
669 -25.4962 -3.78454
670 14.2025 -21.5164
671 8.77834 -9.23325
672 19.8427 24.1112
673 -10.7513 6.88439
674 -23.813 9.88906
675 0.819186 -25.7774
676 2.65046 -12.517
677 29.6498 9.7921
678 -5.30139 11.674
679 -14.6149 21.2541
680 -13.5689 -21.9434
681 -4.72755 -11.9485
682 30.0225 -8.57576
683 2.33997 12.6625
684 0.167735 25.8028
685 -23.7991 -9.98567
686 -10.8342 -7.01256
687 19.1706 -24.643
688 9.50872 8.76644
689 15.6143 20.5546
690 -24.972 6.55749
691 -12.9214 1.02966
692 -0.146963 -31.2193
693 12.961 0.870611
694 25.0605 6.22568
695 -15.1194 20.9404
696 -9.36435 9.04569
697 -20.2351 -23.7715
698 10.4238 -7.84828
699 23.0439 -11.6731
700 2.53077 25.7136
701 -1.03595 13.037
702 -30.9512 -4.05272
703 2.32145 -12.8995
704 8.97185 -24.234
705 19.5312 16.9302
706 8.25232 10.2218
707 -25.0299 18.6483
708 -7.48299 -10.833
709 -10.7291 -23.5195
710 25.7755 -2.05655
711 13.1341 1.28861
712 -3.8783 30.9685
713 -13.0814 -1.95457
714 -24.5087 -8.25297
715 15.897 -20.4058
716 9.86551 -8.85696
717 20.5059 23.525
718 -10.1171 8.61449
719 -22.3357 13.0542
720 -5.22523 -25.3441
721 -0.346258 -13.3152
722 31.196 -0.734865
723 0.322635 13.346
724 -3.92358 25.5815
725 -23.1239 -11.6373
726 -10.7059 -8.02916
727 18.4746 -25.1439
728 10.9103 7.802
729 18.093 18.5193
730 -23.0736 11.759
731 -12.868 3.89898
732 -9.70527 -29.6499
733 12.6984 -4.51402
734 25.547 -4.26533
735 -3.23702 25.7042
736 -4.02148 12.8978
737 -30.0828 -8.25209
738 3.08883 -13.1847
739 10.2347 -23.8036
740 20.0717 16.3962
741 8.83926 10.3035
742 -22.693 21.3974
743 -9.819 -9.42089
744 -15.2781 -20.9395
745 24.2343 -9.21596
746 13.4046 -2.53363
747 7.6036 30.2446
748 -13.0272 4.15708
749 -25.7005 3.44818
750 3.14426 -25.7464
751 4.0235 -13.1055
752 30.3896 6.98068
753 -2.06165 13.5867
754 -8.30421 24.5758
755 -21.8653 -13.9715
756 -10.1309 -9.33752
757 19.1125 -24.6304
758 11.6123 7.47663
759 19.0408 17.6325
760 -21.5215 14.5138
761 -12.6574 5.61522
762 -15.3538 -27.1269
763 11.3322 -8.01644
764 23.4771 -11.0819
765 5.74243 25.3255
766 0.661141 13.9018
767 -30.7774 4.89895
768 -3.73922 -13.4416
769 -2.51585 -25.8492
770 25.8258 2.81308
771 13.4304 3.91417
772 -4.97481 30.759
773 -14.016 -0.47601
774 -25.4222 -5.36175
775 10.1378 -23.9299
776 7.65222 -11.7974
777 28.1958 13.2456
778 -4.16285 13.4687
779 -11.8466 23.1348
780 -20.645 -15.8028
781 -9.56508 -10.4081
782 19.5412 -24.2517
783 12.258 7.11203
784 19.9077 16.7262
785 -19.8104 16.8527
786 -12.2532 7.19757
787 -19.9069 -23.9424
788 9.30259 -10.7911
789 20.1142 -16.4929
790 13.2152 22.4131
791 5.02569 13.3739
792 -26.7751 15.8779
793 -9.38345 -10.8228
794 -13.429 -22.2884
795 23.9595 -10.171
796 13.9905 -3.25656
797 12.6297 28.4421
798 -11.8021 8.25442
799 -23.5643 11.061
800 -7.97923 -24.7861
801 -2.00495 -14.3035
802 29.3093 -10.4325
803 7.54355 12.3617
804 9.58769 24.2115
805 -25.1515 6.7768
806 -14.4625 1.32876
807 -9.42612 -29.6376
808 12.5827 -7.33044
809 24.4051 -9.11071
810 6.62733 25.2011
811 1.2579 14.5505
812 -29.5474 9.66983
813 -7.64958 -12.4876
814 -9.66769 -24.1998
815 24.95 -7.54988
816 14.5755 -1.81094
817 11.166 29.0024
818 -12.0315 8.49401
819 -23.5196 11.2426
820 -9.52101 -24.276
821 -2.99642 -14.4647
822 27.8061 -13.8511
823 9.80475 11.1031
824 13.7481 22.1588
825 -22.9236 12.4477
826 -14.0619 4.79666
827 -17.552 -25.6147
828 9.53728 -11.4463
829 19.8018 -16.9809
830 16.1114 20.5256
831 7.13312 13.1324
832 -21.9798 21.9125
833 -13.1717 -7.14891
834 -20.5549 -16.0743
835 16.6618 -20.0919
836 11.3868 -9.81521
837 26.3041 16.4433
838 -3.79654 14.5902
839 -10.6454 23.8319
840 -23.6906 -10.9752
841 -12.4821 -8.53906
842 8.7079 -29.7556
843 15.1582 -0.516115
844 25.8864 3.399
845 -3.36329 25.8991
846 -4.41387 14.561
847 -30.9654 1.10593
848 -5.50689 -14.2312
849 -5.33171 -25.5652
850 25.4796 -5.76275
851 15.2828 -0.891176
852 12.1494 28.482
853 -11.2166 10.4844
854 -21.7183 14.5132
855 -15.2155 -21.2418
856 -6.8172 -13.8133
857 21.1438 -22.5927
858 14.2973 5.85453
859 22.2715 13.6591
860 -12.5689 22.9133
861 -9.5496 12.2099
862 -29.643 -8.79342
863 -1.40674 -15.4834
864 1.82095 -26.0673
865 26.1381 0.133194
866 15.3852 2.57697
867 6.89064 30.116
868 -12.7392 9.0846
869 -23.4139 11.6099
870 -13.4741 -22.4017
871 -5.85055 -14.5691
872 21.7582 -21.8932
873 14.6709 5.72343
874 22.5526 13.2098
875 -10.9421 23.7438
876 -8.79431 13.129
877 -30.404 -5.14345
878 -4.05652 -15.323
879 -2.66685 -26.001
880 25.5289 -5.64015
881 15.8774 -0.96041
882 14.7477 27.043
883 -9.38546 12.9034
884 -18.457 18.5061
885 -20.7924 -15.8483
886 -11.0765 -11.5632
887 10.5943 -28.885
888 15.9694 -1.72681
889 26.1069 1.20325
890 2.73186 25.9978
891 -0.796765 16.1006
892 -28.0223 12.6049
893 -12.6554 -10.0669
894 -17.7457 -19.1802
895 15.9231 -20.7256
896 11.7294 -11.2178
897 29.1404 9.60626
898 2.83288 16.0332
899 0.632334 26.1159
900 -25.543 5.50219
901 -16.3112 0.999467
902 -16.4772 -25.8259
903 7.74482 -14.4491
904 15.6172 -20.9296
905 23.6997 10.9777
906 13.7368 9.05971
907 -1.78877 30.5287
908 -14.7161 7.47989
909 -24.7517 8.28435
910 -13.6469 -22.2539
911 -6.49302 -15.2456
912 17.8693 -24.7438
913 16.5727 1.30114
914 25.4343 5.78896
915 0.619225 26.0801
916 -2.02816 16.5639
917 -27.5608 12.9588
918 -14.1355 -8.96915
919 -19.7839 -16.968
920 11.1106 -23.5784
921 9.26549 -14.0212
922 30.3809 0.105809
923 9.26271 14.0871
924 11.0939 23.5553
925 -19.3941 17.3719
926 -14.074 9.40227
927 -28.1165 -11.2869
928 -3.75832 -16.5579
929 -2.17739 -25.9126
930 23.9834 -10.0442
931 16.4849 -4.33851
932 23.2328 19.2988
933 -1.15864 17.0599
934 -5.28354 25.4196
935 -25.7352 3.39492
936 -17.1669 -0.0986241
937 -17.8609 -24.2217
938 4.90696 -16.5052
939 10.6541 -23.6206
940 25.8522 1.64052
941 16.9507 3.39681
942 13.4374 26.79
943 -7.34732 15.7044
944 -13.9457 21.7648
945 -25.4003 -4.7315
946 -16.5455 -5.40773
947 -10.7628 -27.8183
948 8.53068 -15.2282
949 15.3951 -20.6678
950 25.0875 5.82146
951 16.4189 6.12164
952 10.2114 27.847
953 -8.49295 15.3778
954 -15.1539 20.725
955 -25.1824 -4.87506
956 -16.7554 -5.49689
957 -11.8976 -26.9527
958 7.1329 -16.1692
959 13.1198 -21.9266
960 25.4567 1.77277
961 17.4107 3.38376
962 15.6804 24.661
963 -4.19738 17.2637
964 -8.92353 23.7773
965 -25.0945 3.59107
966 -17.8204 0.416679
967 -20.9316 -19.9754
968 -0.569411 -17.8336
969 2.14303 -25.1047
970 22.6312 -10.9277
971 16.8968 -5.88512
972 26.0719 11.6864
973 7.01099 16.4589
974 7.11301 23.8956
975 -16.1869 18.8424
976 -13.1029 12.2307
977 -28.0982 0.716077
978 -13.8163 -11.3654
979 -17.1605 -17.5906
980 4.51012 -24.0229
981 5.12328 -17.1488
982 22.8642 -15.2672
983 17.7418 1.57575
984 23.6245 4.63576
985 10.6809 21.3553
986 6.35137 16.5973
987 -7.59524 25.5384
988 -14.0479 10.5923
989 -19.9606 12.1073
990 -21.8951 -7.15995
991 -16.0425 -6.89875
992 -13.314 -21.6412
993 0.597181 -17.1082
994 2.91786 -22.032
995 17.431 -12.9503
996 14.2416 -8.93269
997 23.5119 0.161571
998 13.9144 8.20092
999 16.5345 11.9754
1000 4.20897 19.0915
1001 2.39426 15.3127
1002 -7.27836 19.1659
1003 -10.3478 9.83062
1004 -13.7491 10.7473
1005 -16.0243 0.360688
1006 -13.026 -0.167874
1007 -14.0451 -7.43037
1008 -7.38796 -8.16522
1009 -7.58606 -10.4752
1010 -0.8552 -10.9178
1011 -0.762776 -9.06106
1012 3.54014 -9.22104
1013 3.64366 -5.44347
1014 4.90029 -5.46852
1015 4.95063 -1.95437
1016 4.0192 -1.9449
1017 4.03399 0.131656
1018 2.27784 0.140326
1019 2.27975 0.703872
1020 0.757332 0.707362
1021 0.756732 0.317007
1022 -0.0862894 0.317867
1023 -0.0867528 -0.373647
1024 -0.302247 -0.373553
1025 -0.302406 -0.939517
1026 -0.161183 -0.939542
1027 -0.161217 -1.23663
1028 0.0763614 -1.23664
1029 0.0763582 -1.30888
1030 0.261579 -1.30888
1031 0.26158 -1.26373
1032 0.354432 -1.26373
1033 0.354433 -1.19111
1034 0.37604 -1.19111
1035 0.37604 -1.13687
1036 0.363089 -1.13687
1037 0.363089 -1.11077
1038 0.343085 -1.11077
1039 0.343085 -1.10494
1040 0.328716 -1.10494
1041 0.328716 -1.1083
1042 0.322059 -1.1083
1043 0.322059 -1.11331
1044 0.320624 -1.11331
1045 0.320624 -1.11678
1046 0.321423 -1.11678
1047 0.321423 -1.11834
1048 0.322572 -1.11834
1049 0.322572 -1.11866
1050 0.323341 -1.11866
1051 0.323341 -1.11849
1052 0.323674 -1.11849
1053 0.323674 -1.11824
1054 0.323741 -1.11824
1055 0.323741 -1.11809
1056 0.323706 -1.11809
1057 0.323706 -1.11802
1058 0.323659 -1.11802
1059 0.323659 -1.11801
1060 0.323629 -1.11801
1061 0.323629 -1.11801
1062 0.323617 -1.11801
1063 0.323617 -1.11802
1064 0.323615 -1.11802
1065 0.323615 -1.11803
1066 0.323616 -1.11803
1067 0.323616 -1.11803
1068 0.323617 -1.11803
1069 0.323617 -1.11803
1070 0.323618 -1.11803
1071 0.323618 -1.11803
1072 0.323618 -1.11803
1073 0.323618 -1.11803
1074 0.323618 -1.11803
1075 0.323618 -1.11803
1076 0.323618 -1.11803
1077 0.323618 -1.11803
1078 0.323618 -1.11803
1079 0.323618 -1.11803
1080 0.323618 -1.11803
1081 0.323618 -1.11803
1082 0.323618 -1.11803
1083 0.323618 -1.11803
1084 0.323618 -1.11803
1085 0.323618 -1.11803
1086 0.323618 -1.11803
1087 0.323618 -1.11803
1088 0.323618 -1.11803
1089 0.323618 -1.11803
1090 0.323618 -1.11803
1091 0.323618 -1.11803
1092 0.323618 -1.11803
1093 0.323618 -1.11803
1094 0.323618 -1.11803
1095 0.323618 -1.11803
1096 0.323618 -1.11803
1097 0.323618 -1.11803
1098 0.323618 -1.11803
1099 0.323618 -1.11803
1100 0.323618 -1.11803
