0 -7.72453 1.99861
1 -2.95686 0.739579
2 9.47327 -2.74319
3 -2.86437 1.04875
4 -7.52253 2.66091
5 7.29824 -3.22783
6 2.82661 -1.15955
7 -8.49986 5.00271
8 2.32849 -1.989
9 6.22092 -5.0002
10 -5.38707 5.89152
11 -2.17492 2.16975
12 5.05414 -8.47017
13 -0.784594 2.98262
14 -2.40273 7.61503
15 0.602551 -7.96505
16 0.431437 -3.06867
17 2.10318 9.63766
18 -1.76277 -2.56905
19 -4.07425 -6.87384
20 5.96842 5.31844
21 2.16272 2.27024
22 -9.27053 -3.37505
23 3.12502 -0.450298
24 7.98359 -0.476977
25 -7.21899 3.45344
26 -2.99188 1.08437
27 6.02285 -7.81603
28 -0.187649 3.20375
29 -1.26027 7.90713
30 -2.43151 -7.63483
31 -0.625119 -3.17879
32 7.52367 6.38711
33 -3.2719 0.000236101
34 -7.96555 -0.915363
35 7.28325 -3.36935
36 3.15556 -0.992548
37 -4.61795 8.72436
38 -1.06297 -3.17244
39 -1.55801 -7.87849
40 5.91127 5.44842
41 2.14225 2.62456
42 -9.8732 -0.000563345
43 2.08783 -2.72337
44 5.73953 -5.63926
45 -0.626943 8.03137
46 -0.796478 3.38771
47 -6.82417 -7.13785
48 3.44792 -0.757755
49 8.04647 -0.530012
50 -5.20541 6.17313
51 -2.72514 2.33046
52 -2.3407 -9.59536
53 3.57105 0.719504
54 7.57151 2.83242
55 -6.95285 4.14888
56 -3.45887 1.33106
57 -0.0926631 -9.87716
58 3.58125 1.18121
59 7.17413 3.77479
60 -7.09867 3.94491
61 -3.63497 1.24792
62 -0.839543 -9.84136
63 3.8836 0.509745
64 7.76698 2.40887
65 -5.72622 5.7975
66 -3.27497 2.29562
67 -4.56941 -8.75331
68 3.79052 -1.51844
69 7.98283 -1.69059
70 -1.32385 8.07113
71 -1.40937 3.93328
72 -9.25229 -3.42826
73 1.40524 -4.03665
74 3.97506 -7.16052
75 5.93835 5.67147
76 2.57702 3.54685
77 -7.25616 6.66397
78 -3.49011 -2.8328
79 -5.42507 -6.17596
80 6.84084 -4.60141
81 4.22855 -1.87167
82 6.06094 7.72831
83 -2.77751 3.85737
84 -5.82969 5.83269
85 -5.93482 -5.76149
86 -2.90486 -3.95568
87 5.03658 -8.35791
88 5.02751 0.557756
89 7.97705 2.12167
90 -0.637947 8.24834
91 -1.19442 5.10775
92 -9.08464 3.14144
93 -4.37321 -3.1921
94 -5.92524 -5.66052
95 2.94152 -7.62541
96 2.68136 -4.95269
97 8.8759 -2.46017
98 5.13959 2.59003
99 6.59669 4.27868
100 0.87569 7.58151
101 0.214607 5.87282
102 -3.85868 6.90396
103 -4.42011 3.37298
104 -5.53911 3.47906
105 -5.69282 0.595533
106 -5.01047 0.576284
107 -5.02902 -0.742104
108 -4.0888 -0.748334
109 -4.08953 -0.996543
110 -3.55005 -0.997222
