0 -7.72453 1.99861
1 7.70396 -2.0757
2 -7.66053 2.22924
3 7.58964 -2.45786
4 -7.4845 2.75919
5 7.33627 -3.12955
6 -7.13422 3.56353
7 6.86608 -4.05345
8 -6.5185 4.58879
9 6.0777 -5.15563
10 -5.5303 5.73608
11 4.86445 -6.30781
12 -4.07116 6.84385
13 3.14591 -7.31258
14 -2.09048 7.67822
15 0.914802 -7.90186
16 0.361065 7.94315
17 -1.70532 -7.76274
18 3.07325 7.32559
19 -4.40687 -6.60499
20 5.6358 5.58729
21 -6.67971 -4.27689
22 7.45257 2.70108
23 -7.86917 -0.914113
24 7.8535 -1.00045
25 -7.34907 2.92996
26 6.33012 -4.7365
27 -4.8127 6.265
28 2.8639 -7.3562
29 -0.607176 7.86424
30 -1.77842 -7.67771
31 4.06719 6.74233
32 -6.00527 -5.08177
33 7.33879 2.81284
34 -7.85017 -0.150103
35 7.39863 -2.60409
36 -5.95884 5.08741
37 3.64974 -6.92335
38 -0.744446 7.7819
39 -2.34642 -7.44718
40 5.12286 5.87973
41 -7.07395 -3.25847
42 7.77795 -0.0136393
43 -7.00669 3.35194
44 4.81045 -6.08406
45 -1.55602 7.58657
46 -2.10465 -7.44062
47 5.34599 5.5697
48 -7.35101 -2.31653
49 7.53024 -1.57954
50 -5.72164 5.1236
51 2.30469 -7.31156
52 1.8295 7.42955
53 -5.47783 -5.32032
54 7.46792 1.51722
55 -7.05644 2.83368
56 4.2503 -6.28497
57 0.0894344 7.56915
58 -4.45177 -6.09974
59 7.17506 2.29326
60 -7.09774 2.46339
61 4.11104 -6.26425
62 0.655708 7.44286
63 -5.18241 -5.35182
64 7.38448 0.79387
65 -6.10872 4.1825
66 1.82368 -7.14982
67 3.42369 6.50741
68 -6.90975 -2.43538
69 6.65684 -2.99245
70 -2.64984 6.76927
71 -2.92658 -6.6211
72 6.7678 2.47825
73 -6.40562 3.23027
74 1.9105 -6.87879
75 3.87379 5.9532
76 -7.00371 -0.922206
77 5.15077 -4.77517
78 0.495678 6.96347
79 -5.76596 -3.85524
80 6.49994 -2.28069
81 -1.95359 6.55296
82 -4.21856 -5.31326
83 6.70637 -0.528516
84 -3.1707 5.86375
85 -3.27584 -5.73042
86 6.52933 0.1133
87 -3.28684 5.55476
88 -3.27563 -5.46561
89 6.26929 -0.404683
90 -2.34571 5.72199
91 -4.14648 -4.44116
92 5.60637 -2.01067
93 -0.217281 5.81802
94 -5.23976 -2.16993
95 3.627 -4.13483
96 2.7851 4.51428
97 -4.87177 1.43335
98 -0.253434 -4.80904
99 4.46183 0.65553
100 -1.25916 3.95836
101 -3.39847 -1.57107
102 1.63638 -2.84564
103 2.33035 1.51889
104 -1.29082 1.86216
105 -1.44452 -1.02137
106 0.763583 -1.08366
107 0.786505 0.545957
108 -0.375672 0.553659
109 -0.37805 -0.24956
110 0.161428 -0.25024
