0 4.71592 24.7867
1 7.63817 40.1042
2 -0.07253 0.0139183
3 -7.88343 -40.057
4 -4.84638 -24.7618
5 5.20431 24.6895
6 8.39413 39.9534
7 -0.216485 0.0471824
8 -9.12612 -39.7932
9 -5.59373 -24.6051
10 6.30368 24.4337
11 10.1391 39.548
12 -0.356448 0.0965779
13 -11.3442 -39.2203
14 -6.94494 -24.2607
15 7.99178 23.9377
16 12.8378 38.7584
17 -0.487536 0.172238
18 -14.4859 -38.1744
19 -8.86901 -23.6289
20 10.2219 23.0777
21 16.4159 37.3867
22 -0.601663 0.282958
23 -18.4496 -36.4281
24 -11.3047 -22.57
25 12.908 21.6954
26 20.7364 35.1788
27 -0.686609 0.434895
28 -23.0567 -33.7063
29 -14.144 -20.9145
30 15.9062 19.6111
31 25.5697 31.8449
32 -0.725646 0.629585
33 -28.0211 -29.7141
34 -17.2129 -18.4798
35 18.9959 16.6462
36 30.5631 27.0966
37 -0.698132 0.861332
38 -32.9206 -24.1827
39 -20.2538 -15.0978
40 21.8653 12.6587
41 35.2172 20.7016
42 -0.581589 1.11421
43 -37.1797 -16.9337
44 -22.9142 -10.6547
45 24.1077 7.58939
46 38.8793 12.56
47 -0.35579 1.35932
48 -40.0777 -7.96488
49 -24.7508 -5.14348
50 25.2381 1.52027
51 40.7694 2.79673
52 -0.00915929 1.55345
53 -40.7957 2.45274
54 -25.2577 1.27628
55 24.7406 -5.26532
56 40.0545 -8.14108
57 0.45273 1.64067
58 -38.5199 13.683
59 -23.9287 8.22044
60 22.1527 -12.2344
61 35.9837 -19.4049
62 0.997771 1.55865
63 -32.6085 24.6672
64 -20.3588 15.0435
65 17.1894 -18.5902
66 28.0864 -29.7209
67 1.55958 1.25127
68 -22.8153 33.9422
69 -14.3824 20.8474
70 9.89496 -23.3209
71 16.4159 -37.4641
72 2.03544 0.687797
73 -9.54079 39.7805
74 -6.22865 24.5643
75 0.791197 -25.3358
76 1.79001 -40.875
77 2.29491 -0.113659
78 5.95715 40.4844
79 3.34541 25.1356
80 -9.02785 -23.7031
81 -14.0537 -38.4377
82 2.20362 -1.06423
83 21.488 34.8392
84 13.003 21.7888
85 -17.9241 -17.9702
86 -28.4962 -29.3938
87 1.66369 -1.99385
88 34.1039 22.6609
89 20.9286 14.3776
90 -23.9335 -8.50338
91 -38.379 -14.2901
92 0.665597 -2.6648
93 40.6162 5.29865
94 25.1396 3.69707
95 -25.207 3.27035
96 -40.7057 4.62481
97 -0.663082 -2.81989
98 38.4609 -14.1327
99 24.0159 -8.36091
100 -20.6365 14.8743
101 -33.6428 23.4043
102 -2.03613 -2.26707
103 26.7712 -31.0414
104 16.9649 -18.9714
105 -10.5119 23.1881
106 -17.5805 37.0385
107 -3.04246 -0.984814
108 7.32325 -40.3484
109 5.01876 -24.9729
110 3.05453 25.2981
111 4.16778 40.8037
112 -3.25441 0.78974
113 -15.1304 -38.133
114 -8.9364 -23.8776
115 16.2565 19.6529
116 25.5425 32.1147
117 -2.40232 2.54555
118 -33.6261 -23.5337
119 -20.6041 -15.0563
120 24.5097 7.1435
121 39.1747 12.2734
122 -0.563803 3.60797
123 -41.0621 -0.124019
124 -25.5364 -0.619824
125 24.1117 -8.46642
126 39.0273 -12.7971
127 1.72815 3.38846
128 -33.2006 24.1963
129 -20.9917 14.6005
130 14.1608 -21.3045
131 23.4821 -33.7217
132 3.56676 1.71122
133 -11.4771 39.4679
134 -7.70785 24.4091
135 -2.17588 -25.5165
136 -2.57262 -41.0326
137 4.00075 -0.935617
138 16.0242 37.874
139 9.42324 23.8299
140 -18.0669 -18.1902
141 -28.3012 -29.852
142 2.54086 -3.42149
143 36.832 18.3427
144 22.6776 11.9956
145 -25.6107 -1.70873
146 -40.9888 -3.72725
147 -0.391555 -4.39783
148 39.6597 -11.0487
149 24.9095 -6.26501
150 -19.9691 16.1756
151 -32.6348 25.1176
152 -3.40734 -3.04414
153 21.1817 -35.3311
154 13.7944 -21.7041
155 -3.00968 25.554
156 -5.86819 40.7861
157 -4.71776 0.231229
158 -9.96866 -39.9954
159 -5.55332 -25.1436
160 16.2161 20.0202
161 25.0953 32.7149
162 -3.21064 3.67268
163 -35.857 -20.3818
164 -22.0539 -13.3568
165 25.7408 1.71755
166 41.0762 3.86703
167 0.554617 5.00278
168 -39.2008 12.9092
169 -24.7428 7.37415
170 18.3274 -18.2065
171 30.0931 -28.264
172 4.26442 2.95669
173 -15.7897 38.1617
174 -10.5794 23.5908
175 -2.2061 -25.7759
176 -2.33602 -41.247
177 5.14701 -1.44268
178 19.5752 36.3978
179 11.5733 23.1611
180 -21.5863 -14.3266
181 -33.7547 -23.8702
182 2.105 -5.08353
183 40.7874 6.84207
184 25.4285 5.07569
185 -24.4705 8.62743
186 -39.4175 12.5659
187 -2.89885 -4.8606
188 29.7015 -28.8229
189 19.1988 -17.4881
190 -7.21915 24.9641
191 -12.7336 39.396
192 -5.79989 -0.448789
193 -6.66586 -40.8791
194 -3.35346 -25.7935
195 16.6541 20.0028
196 25.4832 32.6715
197 -3.6955 4.69591
198 -37.8211 -16.9636
199 -23.4049 -11.443
200 25.868 -3.24502
201 41.2913 -3.81593
202 2.04607 5.78337
203 -34.4384 23.1291
204 -22.1438 13.8073
205 10.6292 -23.8534
206 18.1481 -37.3225
207 6.17072 1.24085
208 2.45631 41.4459
209 0.642184 26.1323
210 -15.4784 -21.0887
211 -23.419 -34.3038
212 4.21394 -4.88907
213 37.4627 17.9793
214 23.1923 12.1579
215 -25.9481 3.66422
216 -41.3405 4.37355
217 -2.40507 -6.16268
218 33.3025 -24.913
219 21.5592 -14.9451
220 -8.43223 24.862
221 -14.7589 38.9022
222 -6.7497 -0.606713
223 -7.73192 -40.9026
224 -3.92665 -25.9859
225 18.9074 18.2837
226 28.8654 30.0188
227 -3.48241 6.00206
228 -40.4413 -10.0239
229 -25.3009 -7.29053
230 24.411 -9.92553
231 39.1696 -14.2582
232 4.21079 5.7192
233 -25.1417 33.2737
234 -16.6986 20.4234
235 0.108483 -26.4027
236 1.74817 -41.687
237 7.04003 -1.79713
238 21.6525 35.6899
239 12.8182 23.1171
240 -24.6778 -9.53414
241 -38.3495 -16.5402
242 0.808581 -7.3861
243 41.0125 -8.00094
244 26.1773 -4.03436
245 -17.2293 20.1469
246 -28.3963 30.6823
247 -6.8647 -3.25061
248 5.59695 -41.4518
249 4.61246 -26.1372
250 13.8912 22.6432
251 20.4422 36.5165
252 -5.2885 5.68082
253 -37.967 -17.6555
254 -23.635 -12.1979
255 25.7053 -6.92264
256 40.8607 -9.24188
257 4.07336 6.80184
258 -27.3379 31.7738
259 -18.2146 19.4598
260 -0.0457997 -26.6791
261 1.66046 -41.905
262 7.77187 -2.26759
263 24.0715 34.3704
264 14.3794 22.5127
265 -26.0113 -6.1931
266 -40.3979 -11.4308
267 -0.446908 -8.25236
268 38.8928 -15.8756
269 25.2019 -9.03709
270 -11.494 24.2092
271 -19.6307 37.1653
272 -8.3395 -1.25816
273 -7.94603 -41.2985
274 -3.90827 -26.5486
275 21.7547 15.7563
276 32.9781 26.137
277 -2.76855 8.14662
278 -42.0977 0.783598
279 -26.8887 -0.698755
280 19.0195 -19.058
281 31.0432 -28.4815
282 7.78611 4.0479
283 -5.33207 41.8166
284 -4.61692 26.5639
285 -16.439 -21.406
286 -24.1711 -34.5675
287 5.09063 -7.35847
288 40.9339 10.2863
289 25.8831 7.78337
290 -23.0738 14.1298
291 -36.9779 20.4003
292 -6.94734 -5.90983
293 14.0708 -39.8478
294 10.2014 -25.1016
295 12.2883 24.1812
296 17.4038 38.5375
297 -6.52658 6.61849
298 -38.8641 -16.7322
299 -24.4154 -11.9074
300 24.8633 -11.0149
301 39.4679 -15.3271
302 6.42105 6.96135
303 -18.3312 38.197
304 -12.9446 23.9618
305 -10.3685 -25.2166
306 -14.2526 -39.9277
307 7.22751 -6.38945
308 37.9746 18.9144
309 23.8238 13.3447
310 -25.2907 10.3792
311 -39.9998 14.2199
312 -6.54488 -7.32682
313 18.4969 -38.2438
314 13.1171 -24.0337
315 11.0537 25.0844
316 15.2367 39.6861
317 -7.24662 6.89534
318 -38.9721 -17.0561
319 -24.5738 -12.2443
320 24.544 -12.376
321 38.906 -17.2783
322 7.43396 6.95877
323 -14.5361 40.0446
324 -10.6845 25.3744
325 -14.2996 -23.5661
326 -20.2774 -37.4998
327 6.42063 -8.13523
328 41.2568 10.8628
329 26.308 8.38049
330 -22.004 16.7342
331 -35.2386 24.1033
332 -8.94942 -5.57891
333 5.97189 -42.3066
334 5.27746 -27.1831
335 19.5277 19.6813
336 28.5329 31.8441
337 -4.37716 9.79592
338 -42.7902 0.150373
339 -27.7397 -1.3492
340 16.4163 -22.4449
341 27.0241 -33.2183
342 10.5572 2.76829
343 7.4123 42.2106
344 3.36622 27.6519
345 -25.1505 -12.0587
346 -37.6573 -20.528
347 0.732755 -11.076
348 40.0071 -15.5527
349 26.5447 -8.72333
350 -6.54256 27.2023
351 -12.2262 41.1805
352 -11.1593 1.6978
353 -24.0759 -35.6192
354 -14.424 -24.0321
355 28.0658 -0.0479822
356 42.9699 2.21117
357 4.41356 10.594
358 -28.5911 32.2022
359 -19.7832 19.9802
360 -7.40673 -27.1639
361 -9.0909 -42.1283
362 9.1789 -7.20164
363 38.8608 18.7212
364 24.7026 13.6191
365 -23.9702 14.9443
366 -37.8176 20.8216
367 -9.73233 -6.77567
368 6.24231 -42.7555
369 5.63438 -27.7342
370 21.7641 18.1525
371 31.6452 29.474
372 -3.37624 11.5694
373 -42.5383 7.99961
374 -28.1561 3.67838
375 9.75346 -26.711
376 17.0831 -39.8106
377 12.2192 -0.82275
378 22.4308 37.1082
379 13.3387 25.1767
380 -28.5266 0.625598
381 -43.374 -1.46744
382 -5.36081 -11.2293
383 26.0207 -34.7836
384 18.4026 -21.8806
385 11.7012 26.1327
386 15.5093 40.6179
387 -8.33721 9.50248
388 -42.37 -9.93696
389 -27.5105 -8.14567
390 19.0256 -21.5333
391 30.6461 -30.9553
392 12.313 3.64525
393 9.03256 42.6559
394 4.32216 28.4675
395 -27.7905 -7.70129
396 -41.322 -14.0406
397 -2.22842 -12.8511
398 34.1082 -27.2958
399 23.5797 -16.707
400 6.03906 28.3065
401 6.6432 43.2194
402 -10.4768 8.10539
403 -40.2751 -17.1418
404 -25.9731 -12.9118
405 21.8791 -19.1125
406 34.6159 -26.8583
407 12.3987 5.21656
408 5.18201 43.5517
409 1.71736 29.0639
410 -27.7028 -9.10756
411 -40.8317 -16.1298
412 -1.94923 -13.5187
413 34.5391 -27.1756
414 24.0088 -16.6655
415 7.09908 28.4
416 8.1321 43.2345
417 -10.4976 9.06134
418 -41.6853 -14.2072
419 -27.1502 -11.1214
420 19.7248 -21.7858
421 31.4783 -30.8644
422 13.597 3.65045
423 11.973 42.4783
424 6.25554 28.7839
425 -29.2998 -3.47872
426 -43.4812 -7.82469
427 -5.05732 -13.3669
428 27.3007 -34.7977
429 19.6429 -22.1086
430 14.9013 25.6046
431 19.9249 39.5397
432 -7.67443 12.3106
433 -44.3257 -0.30009
434 -29.6258 -2.02772
435 10.7791 -27.7254
436 18.5583 -40.308
437 14.6149 -1.79075
438 27.9165 34.5601
439 17.2647 24.3121
440 -28.2606 9.67704
441 -42.8784 11.8134
442 -11.0183 -10.0952
443 7.85308 -43.8308
444 7.10761 -29.0888
445 26.1468 14.7058
446 37.4401 24.1981
447 -0.100868 15.1653
448 -37.7048 23.8846
449 -26.3639 14.4685
450 -7.28266 -29.2349
451 -8.10227 -43.9441
452 11.1938 -10.5617
453 43.4976 10.4701
454 28.8614 8.9064
455 -15.6147 25.9209
456 -25.4522 36.8588
457 -15.6124 -0.365464
458 -23.8904 -37.9565
459 -14.4998 -26.6492
460 29.2917 -8.11869
461 43.9364 -9.26702
462 11.3201 11.0882
463 -8.17818 44.2107
464 -7.44309 29.5524
465 -27.3642 -13.5472
466 -39.0089 -22.4664
467 -1.16141 -16.0357
468 35.291 -28.041
469 25.1414 -17.4698
470 12.2069 28.1416
471 15.3106 42.455
472 -9.51595 13.2489
473 -45.1854 -0.756556
474 -30.6564 -2.49534
475 8.04862 -29.7495
476 14.5638 -42.8416
477 15.8997 -4.59142
478 35.3318 28.3684
479 22.7941 20.8676
480 -24.4345 19.0224
481 -37.5037 25.5329
482 -15.7295 -5.87081
483 -11.8111 -43.8713
484 -6.10508 -30.4463
485 31.0849 -1.39739
486 45.4854 0.870069
487 9.67003 14.0211
488 -15.1822 42.9543
489 -12.2988 28.6786
490 -26.7711 -16.1587
491 -37.461 -26.0361
492 -0.390241 -17.2739
493 36.1764 -27.9019
494 26.0351 -17.4817
495 14.1893 28.0408
496 17.9787 42.0689
497 -8.85861 15.1239
498 -45.532 5.10499
499 -31.4856 1.44071
500 1.95879 -31.5258
501 5.8061 -45.5132
502 15.4533 -8.79259
503 42.2371 18.0984
504 28.231 14.3763
505 -16.9643 26.8383
506 -27.0645 37.2173
507 -18.0305 0.407167
508 -28.9238 -35.8827
509 -18.2961 -26.0663
510 27.4665 -16.2579
511 41.1689 -20.8693
512 16.5271 7.8439
513 10.0853 45.1155
514 4.88805 31.6405
515 -31.9561 2.91199
516 -46.2835 1.17467
517 -11.8273 -14.2989
518 9.64115 -45.3596
519 8.78116 -30.9681
520 30.5894 10.2571
521 42.97 17.6244
522 5.26858 18.0702
523 -26.6327 38.1422
524 -20.2665 25.2356
525 -24.631 -21.1138
526 -33.302 -32.5866
527 1.79893 -19.0075
528 38.7685 -25.9845
529 28.1929 -16.2627
530 15.8238 28.5303
531 19.9252 42.2865
532 -8.30126 17.4968
533 -45.3797 11.5469
534 -32.1933 5.91538
535 -5.87874 -32.2807
536 -5.33209 -46.5981
537 13.5629 -14.2102
538 46.8922 2.93876
539 32.643 4.27423
540 -3.83649 32.7791
541 -8.558 46.2779
542 -17.2994 9.88773
543 -44.3738 -15.9299
544 -30.3388 -13.2737
545 12.4201 -30.7877
546 20.5389 -42.5268
547 19.5349 -5.18738
548 39.1304 26.5958
549 26.2182 20.5526
550 -19.4208 27.1718
551 -30.0644 36.6395
552 -20.4934 0.60951
553 -32.4176 -34.6959
554 -21.1646 -25.989
555 24.7451 -22.735
556 37.0954 -29.7769
557 20.4975 3.52057
558 25.2797 40.4018
559 15.9005 29.7407
560 -28.5404 18.1326
561 -41.9185 22.8574
562 -19.8911 -7.03206
563 -18.4923 -44.1197
564 -10.9541 -32.1206
565 31.0834 -13.8471
566 44.9847 -16.5348
567 18.9908 9.86982
568 12.5754 46.3469
569 6.67291 33.4968
570 -32.6932 10.2028
571 -46.7848 11.2305
572 -18.0608 -12.0513
573 -7.84301 -47.5696
574 -3.26167 -34.223
575 33.67 -7.40027
576 47.7673 -7.18976
577 17.306 13.6278
578 4.46541 48.1995
579 0.82845 34.5968
580 -34.2572 5.5554
581 -48.2889 4.54223
582 -16.8742 -14.653
583 -2.52697 -48.5396
584 0.573672 -34.8364
585 34.6193 -4.73365
586 48.5884 -3.35303
587 16.8616 15.1603
588 2.07071 48.7661
589 -0.914387 35.0694
590 -34.8308 4.97432
591 -48.7744 3.65843
592 -17.3169 -15.1479
593 -3.12483 -48.9208
594 0.166944 -35.3273
595 34.8683 -6.30162
596 48.8178 -5.48209
597 18.2405 14.5708
598 5.70895 48.9046
599 1.69658 35.5399
600 -34.6067 8.72084
601 -48.5472 8.83045
602 -19.5771 -13.3412
603 -9.81852 -48.4747
604 -4.69426 -35.5308
605 33.8178 -12.1986
606 47.6481 -13.6657
607 21.2018 11.3366
608 15.3866 47.2453
609 8.80631 35.0153
610 -32.1778 16.6268
611 -45.6711 19.8565
612 -22.9015 -8.42177
613 -22.2235 -44.7035
614 -13.93 -33.6062
615 29.2897 -21.7729
616 42.0602 -27.1087
617 24.357 4.48601
618 29.939 40.2513
619 19.8193 30.8401
620 -24.7327 27.2219
621 -36.2172 34.8838
622 -25.1349 0.50018
623 -37.8591 -33.2907
624 -26.0179 -26.2336
625 18.1494 -32.3244
626 27.6161 -42.3249
627 24.703 -6.40968
628 44.9611 23.3671
629 31.801 19.3858
630 -9.37802 36.175
631 -15.9805 48.2188
632 -22.4862 12.8732
633 -49.8668 -10.377
634 -36.1559 -10.1311
635 -1.37535 -37.6539
636 1.51658 -51.0437
637 17.9807 -19.2046
638 50.9452 -5.17752
639 37.8407 -1.26362
640 13.3515 35.5729
641 14.83 49.1544
642 -10.9348 24.3746
643 -46.5795 21.9413
644 -35.5659 13.8959
645 -25.1004 -28.9579
646 -31.1751 -41.1529
647 1.58055 -27.085
648 35.6325 -37.5678
649 28.3323 -26.0914
650 34.4874 17.4663
651 44.682 26.447
652 9.13597 25.9985
653 -18.0776 48.8393
654 -15.9123 35.4503
655 -38.9591 -1.87315
656 -51.8903 -5.91257
657 -19.4291 -20.1525
658 -4.34246 -52.2062
659 -0.619138 -39.2049
660 36.1638 -15.5384
661 49.5207 -17.5538
662 26.7995 9.5191
663 27.7151 44.8303
664 18.5098 34.977
665 -24.9134 30.946
666 -35.7515 38.9415
667 -28.5539 4.44544
668 -46.21 -26.0267
669 -33.4213 -21.8813
670 6.27748 -39.6132
671 11.7017 -51.8964
672 22.766 -18.5519
673 53.3601 -1.32507
674 40.2984 1.6796
675 15.6662 37.3461
676 17.4975 50.6064
677 -9.50184 28.2973
678 -44.453 30.1792
679 -35.1395 20.5991
680 -34.0936 -22.5984
681 -42.9349 -32.5933
682 -8.18488 -29.2205
683 19.4977 -50.4588
684 17.3254 -37.3185
685 41.2923 -1.53001
686 54.2573 1.4431
687 24.2525 19.0735
688 14.5906 52.4829
689 8.485 40.6948
690 -32.1014 26.6977
691 -44.152 32.2255
692 -31.3776 -0.0234899
693 -44.4855 -32.1135
694 -32.386 -26.7584
695 7.79387 -41.4731
696 13.5489 -53.3678
697 24.4196 -20.5506
698 55.0786 -4.62739
699 42.4585 -0.80256
700 21.9454 36.5842
701 25.5121 49.2608
702 -4.40317 32.171
703 -37.6759 41.0178
704 -31.0255 29.6834
705 -41.5848 -11.4808
706 -52.8636 -18.1891
707 -19.5814 -26.6156
708 -2.03451 -56.0969
709 1.21158 -43.4104
710 37.7161 -21.9474
711 50.3574 -25.2926
712 33.345 4.38736
713 42.5481 37.3105
714 31.1208 31.0121
715 -9.28485 43.1649
716 -15.3163 54.7138
717 -25.9567 22.3318
718 -56.5797 7.4213
719 -44.3612 2.98162
720 -27.2507 -35.4167
721 -32.1296 -47.4456
722 -0.587407 -34.8653
723 30.2859 -48.9462
724 26.0397 -36.7107
725 45.2401 0.508064
726 57.6581 4.11617
727 28.4776 21.2309
728 20.9133 54.1768
729 13.7306 43.4595
730 -27.436 36.6992
731 -37.6415 44.5592
732 -34.4788 11.0103
733 -56.8824 -14.1256
734 -44.0339 -13.8769
735 -15.2499 -43.8464
736 -16.0344 -56.6529
737 10.027 -35.503
738 43.1986 -40.4357
739 36.0527 -29.8168
740 45.8897 10.3829
741 57.1222 16.4755
742 25.59 27.5694
743 12.716 58.3878
744 7.25692 46.8692
745 -32.2555 35.1457
746 -43.0853 41.828
747 -37.2843 9.04977
748 -57.9151 -17.0377
749 -45.2417 -16.3288
750 -16.397 -45.5234
751 -17.2762 -58.1643
752 9.08989 -38.0781
753 41.5411 -44.6841
754 35.2986 -33.6949
755 48.8597 4.85237
756 60.5942 9.4863
757 31.3508 24.7792
758 23.8506 56.8862
759 16.4221 46.7303
760 -24.1402 43.6115
761 -33.0042 52.5101
762 -35.7006 19.768
763 -62.3866 0.657514
764 -50.2417 -2.40799
765 -32.507 -38.8154
766 -37.5883 -50.239
767 -6.14974 -41.2361
768 20.8885 -59.5767
769 19.6651 -47.1691
770 48.0067 -18.5068
771 60.4021 -19.6079
772 41.9969 7.2369
773 51.0382 38.4719
774 39.632 33.5861
775 4.07204 52.1543
776 1.58648 64.2867
777 -18.9571 39.2437
778 -51.3157 39.4668
779 -43.632 29.8007
780 -52.4304 -9.13682
781 -63.5102 -14.5315
782 -34.4039 -28.3751
783 -27.1207 -59.7388
784 -19.471 -50.1247
785 20.2472 -50.2512
786 27.8044 -59.9064
787 35.458 -28.7663
788 64.6675 -15.615
789 53.8559 -9.91327
790 46.9568 28.9928
791 55.1463 38.032
792 23.3456 40.5359
793 5.95392 67.2366
794 1.90836 55.7709
795 -35.4801 43.6535
796 -45.4491 50.5679
797 -44.0883 18.8693
798 -68.5201 -1.31839
799 -56.7579 -4.12493
800 -41.1729 -39.972
801 -47.1471 -50.4546
802 -15.8329 -46.5836
803 5.93283 -69.3778
804 7.97697 -57.528
805 42.7161 -40.0934
806 53.4051 -45.5414
807 48.3688 -14.5751
808 70.3776 7.73205
809 58.5553 9.51233
810 40.7775 43.8241
811 46.147 54.4747
812 15.3417 49.594
813 -6.55617 71.7514
814 -8.57427 60.0392
815 -43.1919 43.3893
816 -53.5664 49.1282
817 -50.1569 18.3148
818 -73.3545 -2.19361
819 -61.8665 -4.94217
820 -47.8679 -40.4608
821 -54.3925 -50.2721
822 -23.59 -49.6586
823 -5.5886 -74.6128
824 -1.64523 -63.5571
825 35.0265 -53.846
826 43.8882 -61.497
827 47.3784 -31.0857
828 74.4677 -16.9172
829 64.2032 -11.3826
830 60.5128 26.1239
831 69.4911 33.5171
832 40.3781 42.2973
833 31.57 71.3587
834 24.1868 62.4334
835 -13.0299 66.451
836 -18.3049 76.7277
837 -33.2221 50.4691
838 -63.3227 48.616
839 -56.4738 39.3742
840 -69.519 4.56713
841 -80.7274 2.13099
842 -59.5374 -19.0856
843 -65.9876 -48.3251
844 -55.2594 -44.4099
845 -26.0097 -66.91
846 -27.0602 -78.2481
847 -0.508753 -64.793
848 24.9497 -80.1301
849 24.7745 -68.7961
850 55.5858 -48.9936
851 65.7826 -53.8652
852 62.6492 -24.492
853 86.0152 -6.4944
854 75.5135 -2.4656
855 69.0108 33.2894
856 77.4091 40.7179
857 49.4481 49.4973
858 42.6016 77.9446
859 34.6275 70.1399
860 -0.212897 79.3941
861 -3.23216 90.0976
862 -23.3256 69.0943
863 -51.5619 75.7843
864 -48.3342 65.2004
865 -72.6514 38.9999
866 -83.4043 41.4437
867 -74.9098 13.9047
868 -94.5396 -7.1267
869 -83.8649 -9.65198
870 -73.9251 -43.6636
871 -81.5487 -51.4962
872 -53.9399 -58.8203
873 -46.8526 -86.437
874 -38.971 -78.9507
875 -5.47632 -89.4847
876 -3.32856 -100.1
877 18.2812 -81.8271
878 44.6287 -92.0066
879 43.239 -81.3285
880 71.4347 -60.9677
881 81.0862 -65.6474
882 79.9566 -37.644
883 104.09 -23.5045
884 95.0183 -17.9017
885 97.3536 16.4527
886 107.069 20.7377
887 85.3987 38.0595
888 90.7738 65.2177
889 80.6363 62.2877
890 57.2613 87.0822
891 60.7899 96.9794
892 33.5643 93.4837
893 18.1975 116.156
894 13.1073 107.042
895 -20.5615 108.588
896 -24.7552 118.096
897 -42.1661 97.2715
898 -68.4736 103.698
899 -66.2731 93.6158
900 -92.4484 73.0021
901 -101.68 77.5048
902 -101.846 50.6794
903 -126.068 39.3026
904 -118.196 32.8221
905 -126.278 0.914873
906 -136.241 -1.0031
907 -120.715 -22.4721
908 -133.643 -45.5209
909 -123.607 -46.3254
910 -112.502 -76.8636
911 -119.656 -83.872
912 -95.2938 -93.3702
913 -93.9972 -119.415
914 -85.1356 -114.927
915 -60.3205 -135.219
916 -62.9679 -144.735
917 -37.4353 -141.13
918 -24.0101 -163.057
919 -18.3617 -155.059
920 12.5327 -161.669
921 14.3777 -171.226
922 35.4931 -157.099
923 56.6112 -171.08
924 58.4424 -161.612
925 88.9304 -155.429
926 94.2506 -163.398
927 108.293 -142.709
928 132.651 -147.98
929 131.07 -138.625
930 157.231 -122.757
931 164.73 -128.463
932 171.478 -104.825
933 195.869 -102.586
934 191.744 -94.2266
935 212.196 -72.2019
936 220.764 -75.6955
937 221.458 -51.5724
938 244.226 -43.8559
939 238.479 -36.7406
940 253.677 -11.4795
941 262.578 -13.2358
942 259.065 10.1574
943 279.85 21.243
944 273.251 27.3034
945 284.706 53.7997
946 293.561 53.1234
947 287.778 75.534
948 307.071 88.1241
949 300.207 93.5637
950 309.9 120.053
951 318.568 119.753
952 312.36 141.478
953 331.065 153.947
954 324.404 159.294
955 334.432 184.895
956 342.859 184.273
957 338.002 205.729
958 357.032 216.512
959 351.045 222.269
960 363.382 245.969
961 371.428 244.358
962 369.698 265.635
963 389.575 273.032
964 384.849 279.546
965 401.02 299.732
966 408.294 296.558
967 411.405 316.95
968 431.768 319.092
969 429.055 326.363
970 449.543 340.54
971 455.278 335.497
972 464.453 353.069
973 483.514 348.296
974 483.616 355.733
975 506.916 360.786
976 510 354.174
977 524.995 365.689
978 539.277 353.608
979 542.621 359.833
980 564.292 353.4
981 563.679 346.526
982 581.42 348.408
983 586.542 331.565
984 592.425 334.625
985 605.368 317.905
986 601.039 313.147
987 614.985 304.206
988 608.533 289.26
989 614.445 287.745
990 612.511 268.478
991 606.658 268.217
992 609.387 253.474
993 595.476 248.941
994 597.797 244.018
995 583.283 234.936
996 580.094 238.953
997 570.824 229.859
998 561.226 237.898
999 558.606 234.124
1000 546.281 241.24
1001 548.095 245.019
1002 538.423 248.872
1003 541.492 258.207
1004 538.091 259.124
1005 540.366 269.511
1006 543.364 268.982
1007 544.383 276.245
1008 551.041 275.51
1009 551.239 277.82
1010 557.969 277.377
1011 557.877 275.52
1012 562.18 275.36
1013 562.076 271.583
1014 563.333 271.558
1015 563.283 268.044
1016 562.351 268.053
1017 562.336 265.977
1018 560.58 265.985
1019 560.578 265.422
1020 559.056 265.425
1021 559.057 265.815
1022 558.214 265.816
1023 558.214 266.508
1024 557.999 266.508
1025 557.999 267.074
1026 558.14 267.074
1027 558.14 267.371
1028 558.378 267.371
1029 558.378 267.443
1030 558.563 267.443
1031 558.563 267.398
1032 558.656 267.398
1033 558.656 267.325
1034 558.677 267.325
1035 558.677 267.271
1036 558.664 267.271
1037 558.664 267.245
1038 558.644 267.245
1039 558.644 267.239
1040 558.63 267.239
1041 558.63 267.243
1042 558.623 267.243
1043 558.623 267.248
1044 558.622 267.248
1045 558.622 267.251
1046 558.623 267.251
1047 558.623 267.253
1048 558.624 267.253
1049 558.624 267.253
1050 558.625 267.253
1051 558.625 267.253
1052 558.625 267.253
1053 558.625 267.253
1054 558.625 267.253
1055 558.625 267.252
1056 558.625 267.252
1057 558.625 267.252
1058 558.625 267.252
1059 558.625 267.252
1060 558.625 267.252
1061 558.625 267.252
1062 558.625 267.252
1063 558.625 267.252
1064 558.625 267.252
1065 558.625 267.252
1066 558.625 267.252
1067 558.625 267.252
1068 558.625 267.252
1069 558.625 267.252
1070 558.625 267.252
1071 558.625 267.252
1072 558.625 267.252
1073 558.625 267.252
1074 558.625 267.252
1075 558.625 267.252
1076 558.625 267.252
1077 558.625 267.252
1078 558.625 267.252
1079 558.625 267.252
1080 558.625 267.252
1081 558.625 267.252
1082 558.625 267.252
1083 558.625 267.252
1084 558.625 267.252
1085 558.625 267.252
1086 558.625 267.252
1087 558.625 267.252
1088 558.625 267.252
1089 558.625 267.252
1090 558.625 267.252
1091 558.625 267.252
1092 558.625 267.252
1093 558.625 267.252
1094 558.625 267.252
1095 558.625 267.252
1096 558.625 267.252
1097 558.625 267.252
1098 558.625 267.252
1099 558.625 267.252
1100 558.625 267.252
