0 -7.72453 1.99861
1 -23.153 6.07292
2 -38.5175 10.3779
3 -53.7677 15.065
4 -68.8418 20.282
5 -83.6626 26.1708
6 -98.1331 32.8638
7 -112.133 40.4808
8 -125.518 49.1231
9 -138.114 58.8675
10 -149.722 69.7592
11 -160.117 81.8031
12 -169.052 94.9547
13 -176.27 109.111
14 -181.506 124.102
15 -184.511 139.682
16 -185.065 155.527
17 -182.999 171.233
18 -178.22 186.321
19 -170.74 200.252
20 -160.697 212.444
21 -148.382 222.308
22 -134.249 229.286
23 -118.928 232.901
24 -103.205 232.815
25 -88.0024 228.885
26 -74.3232 221.218
27 -63.1804 210.217
28 -55.5038 196.596
29 -52.0327 181.375
30 -53.204 165.833
31 -59.0496 151.413
32 -69.1221 139.589
33 -82.4661 131.694
34 -97.6551 128.731
35 -112.904 131.185
36 -126.261 138.877
37 -135.87 150.888
38 -140.264 165.593
39 -138.662 180.822
40 -131.193 194.149
41 -118.996 203.287
42 -104.144 206.532
43 -89.3595 203.166
44 -77.5424 193.73
45 -71.1759 180.06
46 -71.7245 165.033
47 -79.1752 152.022
48 -91.8721 144.136
49 -106.753 143.399
50 -120.005 150.102
51 -128.032 162.537
52 -128.507 177.279
53 -121.199 190.028
54 -108.254 196.866
55 -93.7293 195.549
56 -82.4226 186.431
57 -78.2617 172.577
58 -82.8029 158.908
59 -94.4298 150.515
60 -108.703 150.685
61 -119.911 159.413
62 -123.367 173.12
63 -117.529 185.914
64 -104.962 192.06
65 -91.4685 188.671
66 -83.5361 177.339
67 -85.1361 163.682
68 -95.4695 154.739
69 -109.036 155.296
70 -118.343 165.058
71 -118.066 178.448
72 -108.372 187.548
73 -95.1983 186.796
74 -86.8821 176.686
75 -88.8454 163.854
76 -99.7229 156.979
77 -111.877 160.832
78 -116.533 172.571
79 -110.271 183.389
80 -98.005 184.964
81 -89.5514 176.13
82 -91.8164 164.264
83 -102.741 159.479
84 -112.618 165.872
85 -112.513 177.466
86 -102.708 183.309
87 -92.8919 177.868
88 -92.8807 166.848
89 -102.426 161.787
90 -111.041 167.913
91 -109.24 178.077
92 -99.487 180.507
93 -93.6633 172.678
94 -98.6858 164.69
95 -107.553 166.655
96 -108.394 175.304
97 -100.738 178.385
98 -96.1193 172.143
99 -100.835 166.678
100 -106.556 169.981
101 -104.416 175.511
102 -99.3814 174.236
103 -100.075 169.872
104 -103.697 170.215
105 -103.543 173.098
106 -101.335 173.036
107 -101.358 171.406
108 -102.52 171.414
109 -102.517 172.217
110 -101.978 172.217
