0 0.557397 -2.46239
1 0.289716 -0.929084
2 0.196538 3.11413
3 -0.706508 -0.774087
4 -1.53023 -2.02204
5 2.54556 0.335769
6 1.14586 0.407957
7 -1.40903 2.77786
8 -1.42 -0.462806
9 -2.33939 -1.09063
10 0.31618 -2.62195
11 0.485612 -1.90588
12 1.78946 -2.01115
13 1.8055 -1.256
14 1.94805 -1.25662
15 1.94819 -1.05658
16 1.92411 -1.05657
17 1.92411 -1.03413
18 1.91674 -1.03413
19 1.91674 -1.03327
20 1.91594 -1.03327
21 1.91594 -1.03334
22 1.91589 -1.03334
23 1.91589 -1.03335
24 1.91589 -1.03335
25 1.91589 -1.03335
26 1.91589 -1.03335
27 1.91589 -1.03335
28 1.91589 -1.03335
29 1.91589 -1.03335
30 1.91589 -1.03335
31 1.91589 -1.03335
32 1.91589 -1.03335
33 1.91589 -1.03335
34 1.91589 -1.03335
35 1.91589 -1.03335
36 1.91589 -1.03335
37 1.91589 -1.03335
38 1.91589 -1.03335
39 1.91589 -1.03335
40 1.91589 -1.03335
41 1.91589 -1.03335
42 1.91589 -1.03335
43 1.91589 -1.03335
44 1.91589 -1.03335
45 1.91589 -1.03335
46 1.91589 -1.03335
47 1.91589 -1.03335
48 1.91589 -1.03335
49 1.91589 -1.03335
50 1.91589 -1.03335
