0 -7.72453 1.99861
1 -3.24587 0.8159
2 9.52924 -2.76353
3 -2.2593 0.859652
4 -8.02793 2.85613
5 6.72148 -3.00425
6 3.89843 -1.6985
7 -8.44872 5.01908
8 1.0156 -1.09191
9 6.9534 -5.6854
10 -4.43155 4.99703
11 -3.41268 3.81653
12 4.84274 -8.33403
13 0.264277 0.646714
14 -2.6449 8.97515
15 0.230967 -5.93405
16 0.230967 -5.93405
17 2.20838 9.09555
18 -0.446457 0.712923
19 -5.1918 -8.12454
20 4.08643 3.13966
21 5.29356 4.10652
22 -8.56717 -2.73737
23 -1.34455 -1.03318
24 9.77305 -1.09423
25 -3.63442 2.37209
26 -6.3031 3.86774
27 4.78606 -7.08078
28 1.84836 -1.86818
29 -0.834818 9.89738
30 -1.80867 -3.02528
31 -3.50556 -7.2112
32 6.5669 4.6129
33 2.69332 2.32122
34 -9.93584 -0.142374
35 1.85164 -2.03933
36 6.96332 -4.98274
37 -2.599 6.97017
38 -1.74173 4.10132
39 -3.15455 -9.32953
40 2.12703 0.0940202
41 7.87657 4.40174
42 -6.68996 1.21926
43 -5.24081 0.889371
44 5.67681 -7.82835
45 1.63796 0.844203
46 1.94276 9.19286
47 -5.18705 -3.25724
48 -5.18705 -3.25724
49 9.05342 -2.55198
50 1.69106 1.17209
51 -3.40079 9.06087
52 -2.96177 -4.55814
53 -3.67801 -5.80784
54 9.019 0.89831
55 2.17226 1.51889
56 -5.82281 7.96675
57 -2.15326 -4.2515
58 -3.0392 -6.91817
59 8.53164 1.43442
60 3.06967 1.49953
61 -5.59484 8.24609
62 -2.72183 -3.15096
63 -4.41655 -6.86506
64 8.15035 -0.719375
65 4.23348 0.264293
66 -2.36207 9.68678
67 -3.59889 -0.870407
68 -7.55333 -4.29267
69 5.94794 -4.84705
70 4.13229 -2.94263
71 4.37636 8.86662
72 -2.47861 2.4324
73 -8.68852 2.7869
74 -0.53219 -7.12792
75 -0.339753 -5.87016
76 9.70975 0.481884
77 1.99903 2.92618
78 -0.587197 9.44782
79 -6.57921 -0.905039
80 -6.57921 -0.905039
81 1.51032 -9.35832
82 2.76866 -2.7658
83 9.69936 0.269613
84 0.574138 6.1753
85 0.584443 7.31173
86 -9.03232 1.58029
87 -4.40501 -0.9848
88 -4.39708 -8.77738
89 4.02078 -4.31404
90 5.70149 -5.5093
91 7.49359 4.60492
92 3.76133 3.6748
93 -0.740413 9.72646
94 -4.91645 3.08472
95 -7.49034 3.6551
96 -6.64844 -4.99401
97 -4.42577 -4.09966
98 -0.58576 -9.29002
99 3.05919 -5.06585
100 5.24852 -6.32979
101 7.37753 -0.82698
102 6.39528 -0.578325
103 7.0073 3.27084
104 4.44675 3.51357
105 4.51921 4.87286
106 2.35353 4.93396
107 2.35128 4.77423
108 1.27757 4.78134
109 1.27606 4.27178
110 0.976345 4.27216
111 0.976172 3.93438
112 0.976172 3.93438
113 0.976162 3.79966
114 1.02399 3.79965
115 1.02399 3.76693
116 1.05201 3.76693
117 1.05201 3.76521
118 1.06176 3.76521
119 1.06176 3.76782
120 1.06391 3.76782
