0 0.0123933 -24.7867
1 9.46901 -24.782
2 9.49379 -74.3363
3 19.1486 -74.3315
4 19.1733 -123.828
5 29.224 -123.823
6 29.2487 -173.218
7 39.892 -173.212
8 39.9167 -222.458
9 51.3477 -222.452
10 51.3722 -271.491
11 63.7838 -271.485
12 63.8082 -320.249
13 77.3899 -320.243
14 77.4141 -368.653
15 92.3508 -368.645
16 92.3748 -416.606
17 108.846 -416.598
18 108.869 -463.997
19 127.046 -463.988
20 127.07 -510.695
21 147.114 -510.685
22 147.137 -556.547
23 169.198 -556.536
24 169.22 -601.382
25 193.433 -601.37
26 193.455 -645.003
27 219.935 -644.99
28 219.956 -687.191
29 248.798 -687.176
30 248.819 -727.702
31 280.09 -727.686
32 280.11 -766.27
33 313.849 -766.253
34 313.867 -802.608
35 350.076 -802.59
36 350.093 -836.408
37 388.734 -836.389
38 388.749 -867.345
39 429.74 -867.324
40 429.754 -895.081
41 472.962 -895.059
42 472.974 -919.271
43 518.212 -919.248
44 518.222 -939.567
45 565.244 -939.543
46 565.252 -955.629
47 613.749 -955.604
48 613.755 -967.13
49 663.354 -967.105
50 663.357 -973.769
51 713.617 -973.743
52 713.618 -975.28
53 764.033 -975.255
54 764.031 -971.448
55 814.029 -971.423
56 814.025 -962.116
57 862.975 -962.092
58 862.968 -947.207
59 910.186 -947.183
60 910.176 -926.728
61 954.934 -926.706
62 954.921 -900.793
63 996.46 -900.772
64 996.445 -869.63
65 1033.99 -869.611
66 1033.97 -833.591
67 1066.76 -833.575
68 1066.74 -793.166
69 1094.03 -793.152
70 1094.01 -748.984
71 1115.11 -748.974
72 1115.09 -701.815
73 1129.4 -701.808
74 1129.37 -652.568
75 1136.39 -652.564
76 1136.37 -602.278
77 1135.74 -602.279
78 1135.72 -552.097
79 1127.27 -552.101
80 1127.24 -503.262
81 1110.98 -503.27
82 1110.95 -457.074
83 1087.12 -457.086
84 1087.1 -414.854
85 1056.17 -414.87
86 1056.15 -377.902
87 1018.87 -377.921
88 1018.86 -347.446
89 976.219 -347.468
90 976.208 -324.587
91 929.461 -324.611
92 929.454 -310.241
93 880.072 -310.266
94 880.07 -305.083
95 829.723 -305.109
96 829.725 -309.492
97 780.23 -309.517
98 780.237 -323.5
99 733.492 -323.524
100 733.504 -346.759
101 691.415 -346.781
102 691.431 -378.512
103 655.823 -378.53
104 655.843 -417.59
105 628.366 -417.604
106 628.389 -462.424
107 610.419 -462.434
108 610.443 -511.09
109 602.986 -511.093
110 603.012 -561.364
111 606.614 -561.363
112 606.639 -610.823
113 621.319 -610.815
114 621.342 -656.947
115 646.535 -656.934
116 646.556 -697.261
117 681.097 -697.243
118 681.114 -729.479
119 723.254 -729.457
120 723.265 -751.657
121 770.723 -751.633
122 770.728 -762.344
123 820.787 -762.318
124 820.786 -760.714
125 870.434 -760.688
126 870.427 -746.674
127 916.531 -746.65
128 916.518 -720.93
129 956.027 -720.91
130 956.008 -685.005
131 986.173 -684.99
132 986.15 -641.192
133 1004.75 -641.183
134 1004.72 -592.451
135 1010.25 -592.449
136 1010.23 -542.237
137 1002.1 -542.241
138 1002.08 -494.27
139 980.716 -494.281
140 980.694 -452.261
141 947.575 -452.278
142 947.558 -419.608
143 905.172 -419.63
144 905.161 -399.09
145 856.873 -399.115
146 856.87 -392.583
147 806.689 -392.609
148 806.693 -400.83
149 758.96 -400.855
150 758.972 -423.295
151 717.985 -423.317
152 718.003 -458.126
153 687.609 -458.142
154 687.632 -502.24
155 670.828 -502.249
156 670.853 -551.541
157 669.431 -551.542
158 669.457 -601.265
159 683.746 -601.257
160 683.769 -646.421
161 712.503 -646.406
162 712.521 -682.304
163 752.875 -682.283
164 752.886 -705.016
165 800.681 -704.991
166 800.685 -711.947
167 850.772 -711.921
168 850.767 -702.148
169 897.554 -702.124
170 897.541 -676.543
171 935.615 -676.523
172 935.595 -637.932
173 960.384 -637.919
174 960.359 -590.767
175 968.732 -590.763
176 968.706 -540.697
177 959.456 -540.702
178 959.432 -493.929
179 933.537 -493.942
180 933.518 -456.454
181 894.14 -456.475
182 894.128 -433.254
183 846.314 -433.279
184 846.311 -427.563
185 796.412 -427.589
186 796.418 -440.334
187 751.279 -440.358
188 751.295 -469.977
189 717.307 -469.995
190 717.33 -512.447
191 699.484 -512.457
192 699.51 -561.707
193 700.581 -561.707
194 700.607 -610.525
195 720.614 -610.514
196 720.636 -651.511
197 756.703 -651.492
198 756.717 -678.265
199 803.369 -678.24
200 803.373 -686.438
201 853.284 -686.411
202 853.278 -674.546
203 898.375 -674.522
204 898.359 -644.356
205 931.132 -644.339
206 931.109 -600.751
207 945.914 -600.744
208 945.887 -551.047
209 940.016 -551.051
210 939.991 -503.83
211 914.295 -503.843
212 914.275 -467.485
213 873.177 -467.507
214 873.167 -448.668
215 824.027 -448.694
216 824.028 -450.99
217 775.901 -451.016
218 775.914 -474.192
219 737.912 -474.213
220 737.933 -514.02
221 717.46 -514.031
222 717.486 -562.867
223 718.7 -562.866
224 718.726 -611.137
225 741.56 -611.125
226 741.581 -649.101
227 781.565 -649.079
228 781.575 -668.888
229 830.571 -668.862
230 830.57 -666.227
231 878.33 -666.201
232 878.316 -641.507
233 914.598 -641.488
234 914.575 -599.903
235 931.382 -599.894
236 931.355 -550.433
237 924.814 -550.437
238 924.789 -504.1
239 896.201 -504.116
240 896.183 -471.464
241 851.94 -471.489
242 851.934 -460.174
243 802.239 -460.201
244 802.246 -473.037
245 758.84 -473.061
246 758.858 -507.154
247 732.244 -507.168
248 732.27 -554.388
249 729.084 -554.39
250 729.111 -603.17
251 750.31 -603.158
252 750.331 -641.273
253 790.724 -641.251
254 790.734 -658.912
255 840.074 -658.885
256 840.07 -651.379
257 885.542 -651.354
258 885.525 -620.487
259 915.048 -620.471
260 915.023 -574.332
261 920.544 -574.329
262 920.517 -525.334
263 900.37 -525.346
264 900.348 -486.973
265 859.957 -486.996
266 859.948 -470.046
267 810.566 -470.074
268 810.571 -479.497
269 766.267 -479.522
270 766.285 -512.768
271 739.954 -512.783
272 739.981 -560.277
273 739.494 -560.277
274 739.521 -608.008
275 765.184 -607.994
276 765.203 -641.587
277 809.389 -641.562
278 809.394 -650.663
279 858.611 -650.635
280 858.601 -632.276
281 897.51 -632.254
282 897.487 -592.045
283 913.702 -592.036
284 913.674 -542.677
285 901.852 -542.684
286 901.828 -500.093
287 865.659 -500.113
288 865.646 -478.303
289 816.941 -478.331
290 816.944 -484.677
291 771.95 -484.703
292 771.968 -517.224
293 745.988 -517.239
294 746.016 -564.958
295 748.103 -564.957
296 748.129 -611.415
297 777.709 -611.398
298 777.725 -640.261
299 824.482 -640.234
300 824.483 -641.127
301 871.744 -641.099
302 871.729 -613.549
303 902.324 -613.532
304 902.297 -567.465
305 904.873 -567.464
306 904.846 -519.858
307 878.295 -519.873
308 878.277 -488.596
309 832.484 -488.623
310 832.482 -485.657
311 784.883 -485.685
312 784.898 -512.318
313 753.945 -512.336
314 753.972 -558.321
315 751.908 -558.322
316 751.936 -605.574
317 779.727 -605.558
318 779.744 -635.163
319 826.338 -635.136
320 826.338 -635.004
321 872.814 -634.977
322 872.797 -605.018
323 899.953 -605.002
324 899.925 -557.529
325 896.31 -557.531
326 896.283 -512.44
327 863.283 -512.46
328 863.269 -488.977
329 814.893 -489.006
330 814.898 -497.359
331 772.07 -497.385
332 772.092 -534.074
333 753.648 -534.085
334 753.677 -583.026
335 767.927 -583.017
336 767.951 -622.377
337 808.63 -622.353
338 808.637 -634.275
339 857.342 -634.246
340 857.329 -613.15
341 891.657 -613.13
342 891.63 -568.648
343 895.518 -568.646
344 895.489 -521.533
345 866.972 -521.55
346 866.956 -494.143
347 819.503 -494.171
348 819.506 -499.705
349 775.941 -499.731
350 775.963 -535.657
351 757.57 -535.668
352 757.6 -584.471
353 773.566 -584.462
354 773.589 -621.958
355 816.079 -621.932
356 816.083 -629.243
357 863.741 -629.214
358 863.725 -602.505
359 892.228 -602.487
360 892.199 -555.343
361 886.749 -555.346
362 886.722 -512.175
363 850.034 -512.197
364 850.023 -495.687
365 801.351 -495.717
366 801.362 -514.736
367 766.647 -514.758
368 766.675 -559.231
369 764.707 -559.232
370 764.736 -605.119
371 796.712 -605.099
372 796.726 -627.231
373 845.133 -627.2
374 845.124 -613.216
375 883.034 -613.193
376 883.007 -570.801
377 889.019 -570.798
378 888.99 -523.912
379 859.567 -523.931
380 859.551 -499.38
381 811.504 -499.41
382 811.512 -511.477
383 772.722 -511.501
384 772.748 -553.256
385 766.047 -553.26
386 766.077 -600.135
387 795.553 -600.117
388 795.568 -624.145
389 843.655 -624.114
390 843.646 -610.727
391 881.251 -610.703
392 881.223 -567.934
393 885.278 -567.931
394 885.249 -522.017
395 853.136 -522.038
396 853.123 -501.523
397 804.801 -501.554
398 804.812 -519.409
399 770.741 -519.431
400 770.77 -564.445
401 772.725 -564.443
402 772.754 -607.847
403 809.586 -607.823
404 809.595 -621.511
405 857.447 -621.48
406 857.431 -596.414
407 884.893 -596.396
408 884.862 -549.011
409 873.65 -549.019
410 873.625 -510.847
411 831.139 -510.875
412 831.137 -507.648
413 786.035 -507.678
414 786.057 -541.689
415 769.148 -541.7
416 769.18 -589.705
417 792.207 -589.69
418 792.226 -618.452
419 839.263 -618.42
420 839.256 -607.756
421 877.291 -607.73
422 877.262 -565.068
423 879.27 -565.066
424 879.24 -520.75
425 843.685 -520.774
426 843.675 -506.71
427 796.181 -506.742
428 796.199 -533.232
429 771.417 -533.249
430 771.45 -580.962
431 787.706 -580.951
432 787.729 -614.608
433 833.033 -614.577
434 833.029 -608.987
435 873.434 -608.959
436 873.406 -568.241
437 878.28 -568.237
438 878.249 -523.305
439 843.779 -523.329
440 843.769 -508.694
441 796.465 -508.727
442 796.484 -535.807
443 773.157 -535.823
444 773.191 -583.53
445 792.23 -583.516
446 792.251 -614.234
447 838.654 -614.202
448 838.647 -603.424
449 875.347 -603.399
450 875.316 -559.695
451 872.664 -559.697
452 872.635 -518.434
453 832.705 -518.462
454 832.701 -513.402
455 788.225 -513.434
456 788.25 -548.829
457 776.088 -548.838
458 776.121 -595.303
459 806.509 -595.281
460 806.523 -613.812
461 853.914 -613.778
462 853.896 -588.618
463 877.997 -588.6
464 877.963 -541.165
465 858.042 -541.179
466 858.021 -512.316
467 811.239 -512.35
468 811.25 -527.189
469 778.405 -527.213
470 778.438 -572.825
471 788.482 -572.817
472 788.508 -608.918
473 832.598 -608.886
474 832.594 -603.259
475 871.299 -603.231
476 871.268 -560.863
477 869.617 -560.865
478 869.587 -520.124
479 829.014 -520.154
480 829.012 -518.309
481 786.72 -518.34
482 786.748 -557.157
483 781.905 -557.161
484 781.937 -600.605
485 819.127 -600.577
486 819.133 -607.915
487 863.403 -607.882
488 863.376 -572.118
489 872.707 -572.111
490 872.673 -527.274
491 838.08 -527.3
492 838.072 -516.469
493 792.873 -516.504
494 792.899 -550.224
495 781.053 -550.233
496 781.088 -595.629
497 814.26 -595.604
498 814.27 -607.988
499 859.725 -607.953
500 859.7 -574.986
501 872.15 -574.977
502 872.115 -529.588
503 839.008 -529.613
504 838.999 -517.568
505 793.803 -517.603
506 793.83 -551.19
507 782.663 -551.199
508 782.698 -596.056
509 817.09 -596.029
510 817.098 -605.837
511 861.44 -605.802
512 861.412 -570.311
513 869.374 -570.305
514 869.34 -526.699
515 832.496 -526.728
516 832.491 -521.106
517 789.901 -521.14
518 789.932 -559.533
519 787.149 -559.535
520 787.182 -600.76
521 827.246 -600.728
522 827.246 -600.177
523 866.678 -600.145
524 866.644 -558.378
525 862.28 -558.382
526 862.25 -521.255
527 818.862 -521.291
528 818.869 -529.915
529 784.646 -529.943
530 784.683 -574.736
531 797.955 -574.725
532 797.981 -605.366
533 843.812 -605.329
534 843.797 -587.105
535 870.112 -587.083
536 870.073 -540.751
537 846.718 -540.77
538 846.7 -519.573
539 800.589 -519.612
540 800.613 -548.116
541 785.334 -548.129
542 785.372 -593.11
543 818.837 -593.082
544 818.845 -601.677
545 861.604 -601.641
546 861.571 -563.652
547 862.812 -563.651
548 862.779 -524.365
549 820.994 -524.401
550 821 -531.02
551 786.556 -531.05
552 786.594 -575.585
553 801.334 -575.572
554 801.358 -603.748
555 847.268 -603.709
556 847.248 -580.921
557 867.764 -580.903
558 867.724 -535.315
559 837.372 -535.342
560 837.362 -523.734
561 794.07 -523.772
562 794.102 -560.717
563 792.373 -560.719
564 792.408 -599.549
565 834.445 -599.511
566 834.438 -590.814
567 866.568 -590.785
568 866.527 -545.697
569 847.427 -545.714
570 847.406 -522.42
571 801.804 -522.461
572 801.83 -551.239
573 789.2 -551.25
574 789.24 -594.441
575 826.172 -594.407
576 826.172 -595.088
577 863.824 -595.054
578 863.785 -552.321
579 852.016 -552.332
580 851.989 -523.29
581 806.581 -523.332
582 806.603 -547.059
583 788.869 -547.075
584 788.911 -591.42
585 822.956 -591.388
586 822.96 -595.856
587 862.177 -595.819
588 862.138 -554.28
589 852.478 -554.289
590 852.449 -524.194
591 807.327 -524.237
592 807.349 -547.483
593 789.806 -547.499
594 789.849 -591.489
595 824.55 -591.456
596 824.553 -594.108
597 862.348 -594.071
598 862.307 -551.632
599 849.323 -551.645
600 849.297 -524.826
601 804.184 -524.87
602 804.211 -552.276
603 792.149 -552.288
604 792.19 -594.175
605 830.702 -594.136
606 830.697 -589.389
607 863.387 -589.356
608 863.342 -544.97
609 842.048 -544.992
610 842.03 -526.603
611 798.365 -526.647
612 798.4 -561.601
613 797.562 -561.602
614 797.598 -597.514
615 840.818 -597.47
616 840.801 -580.203
617 862.683 -580.18
618 862.637 -535.972
619 829.889 -536.006
620 829.885 -532.388
621 792.721 -532.426
622 792.765 -574.927
623 808.493 -574.91
624 808.517 -597.747
625 852.684 -597.701
626 852.65 -565.339
627 856.251 -565.335
628 856.212 -528.529
629 813.625 -528.574
630 813.643 -545.363
631 792.277 -545.386
632 792.324 -589.076
633 826.168 -589.039
634 826.169 -589.835
635 860.95 -589.797
636 860.903 -546.467
637 840.552 -546.489
638 840.533 -529.151
639 798.126 -529.198
640 798.166 -566.034
641 802.951 -566.029
642 802.985 -596.658
643 847.044 -596.609
644 847.015 -570.574
645 857.481 -570.562
646 857.436 -531.098
647 816.948 -531.144
648 816.963 -544.101
649 793.339 -544.128
650 793.388 -587.686
651 826.379 -587.648
652 826.379 -588.202
653 860.017 -588.164
654 859.967 -544.836
655 836.92 -544.863
656 836.905 -531.791
657 796.781 -531.838
658 796.827 -571.458
659 808.876 -571.444
660 808.904 -595.111
661 852.128 -595.06
662 852.088 -561.596
663 850.957 -561.597
664 850.919 -529.711
665 807.495 -529.763
666 807.526 -555.637
667 798.63 -555.648
668 798.676 -593.313
669 840.061 -593.263
670 840.039 -575.531
671 857.592 -575.51
672 857.542 -534.294
673 819.725 -534.34
674 819.737 -544.064
675 795.105 -544.094
676 795.159 -587.006
677 828.532 -586.964
678 828.529 -584.638
679 858.668 -584.6
680 858.613 -541.402
681 830.002 -541.439
682 829.996 -537.27
683 795.779 -537.314
684 795.834 -579.837
685 819.8 -579.806
686 819.813 -589.427
687 856.901 -589.378
688 856.847 -548.082
689 837.089 -548.108
690 837.07 -534.111
691 798.074 -534.163
692 798.127 -574.025
693 814.329 -574.003
694 814.352 -591.332
695 854.532 -591.278
696 854.48 -552.786
697 841.043 -552.804
698 841.016 -533.122
699 800.177 -533.178
700 800.228 -570.565
701 811.77 -570.549
702 811.8 -591.673
703 852.927 -591.616
704 852.876 -554.937
705 842.316 -554.952
706 842.286 -533.243
707 801.147 -533.301
708 801.199 -569.742
709 811.703 -569.727
710 811.734 -591.19
711 852.642 -591.131
712 852.589 -554.445
713 841.213 -554.461
714 841.184 -534.079
715 800.778 -534.138
716 800.833 -571.511
717 813.985 -571.492
718 814.013 -589.922
719 853.553 -589.863
720 853.495 -551.465
721 837.707 -551.489
722 837.683 -535.939
723 799.522 -535.997
724 799.582 -575.591
725 818.782 -575.562
726 818.8 -587.238
727 854.869 -587.182
728 854.806 -546.459
729 831.562 -546.495
730 831.552 -539.735
731 798.526 -539.787
732 798.592 -581.256
733 826.284 -581.212
734 826.285 -582.016
735 855.069 -581.97
736 855.002 -540.528
737 822.789 -540.58
738 822.799 -546.677
739 799.674 -546.715
740 799.74 -586.914
741 836.089 -586.854
742 836.067 -573.142
743 851.98 -573.115
744 851.917 -535.84
745 812.405 -535.907
746 812.441 -557.531
747 805.271 -557.543
748 805.326 -589.789
749 846.338 -589.719
750 846.287 -560.524
751 843.442 -560.529
752 843.399 -535.701
753 803.287 -535.772
754 803.35 -571.333
755 816.911 -571.309
756 816.937 -586.305
757 853.084 -586.24
758 853.013 -546.554
759 828.974 -546.597
760 828.968 -543.478
761 800.283 -543.531
762 800.358 -584.003
763 833.344 -583.941
764 833.325 -574.021
765 851.06 -573.988
766 850.99 -537.02
767 812.13 -537.094
768 812.173 -559.764
769 808.214 -559.772
770 808.269 -588.434
771 848.382 -588.356
772 848.317 -555.174
773 837.142 -555.196
774 837.111 -539.386
775 801.551 -539.456
776 801.629 -578.718
777 827.022 -578.667
778 827.021 -578.391
779 851.887 -578.34
780 851.807 -539.403
781 815.952 -539.476
782 815.987 -556.588
783 806.985 -556.607
784 807.05 -587.719
785 846.768 -587.635
786 846.702 -556.391
787 837.241 -556.411
788 837.206 -540.155
789 802.219 -540.23
790 802.304 -579.136
791 828.805 -579.078
792 828.799 -575.983
793 850.296 -575.936
794 850.213 -538.832
795 812.825 -538.916
796 812.875 -561.292
797 811.193 -561.295
798 811.25 -586.249
799 849.313 -586.161
800 849.23 -550.314
801 829.897 -550.359
802 829.886 -545.574
803 802.982 -545.638
804 803.073 -583.985
805 837.812 -583.902
806 837.77 -566.271
807 843.995 -566.256
808 843.928 -538.683
809 805.67 -538.777
810 805.755 -573.089
811 823.131 -573.046
812 823.146 -579.079
813 850.213 -579.01
814 850.116 -541.108
815 815.499 -541.197
816 815.547 -559.769
817 811.332 -559.78
818 811.399 -585.13
819 848.575 -585.031
820 848.48 -549.513
821 827.366 -549.57
822 827.364 -548.811
823 805.113 -548.872
824 805.212 -584.649
825 841.883 -584.547
826 841.814 -559.788
827 837.5 -559.8
828 837.451 -542.287
829 804.234 -542.382
830 804.342 -579.888
831 833.396 -579.804
832 833.365 -568.951
833 844.252 -568.919
834 844.166 -540.036
835 806.949 -540.148
836 807.05 -573.404
837 825.489 -573.347
838 825.496 -575.638
839 847.659 -575.569
840 847.55 -540.762
841 811.279 -540.877
842 811.362 -567.102
843 819.335 -567.076
844 819.376 -579.746
845 848.626 -579.65
846 848.505 -542.959
847 815.686 -543.069
848 815.749 -562.026
849 815.182 -562.028
850 815.25 -581.831
851 848.248 -581.717
852 848.121 -545.409
853 819.239 -545.511
854 819.285 -558.548
855 812.783 -558.572
856 812.87 -582.611
857 847.431 -582.485
858 847.302 -547.322
859 821.497 -547.418
860 821.532 -556.672
861 811.761 -556.709
862 811.861 -582.671
863 846.763 -582.536
864 846.628 -548.285
865 822.311 -548.382
866 822.343 -556.29
867 811.843 -556.332
868 811.949 -582.329
869 846.493 -582.186
870 846.351 -548.174
871 821.681 -548.278
872 821.72 -557.331
873 812.959 -557.369
874 813.065 -581.595
875 846.56 -581.448
876 846.407 -547.098
877 819.695 -547.218
878 819.753 -559.801
879 815.256 -559.821
880 815.351 -580.182
881 846.584 -580.035
882 846.418 -545.421
883 816.588 -545.565
884 816.677 -563.696
885 819.012 -563.684
886 819.082 -577.551
887 845.868 -577.415
888 845.696 -543.846
889 812.89 -544.016
890 813.021 -568.811
891 824.44 -568.75
892 824.463 -573.071
893 843.457 -572.967
894 843.294 -543.476
895 809.625 -543.665
896 809.8 -574.433
897 831.322 -574.309
898 831.275 -566.365
899 838.396 -566.322
900 838.272 -545.709
901 808.397 -545.891
902 808.603 -579.049
903 838.543 -578.861
904 838.409 -557.89
905 830.327 -557.942
906 830.286 -551.735
907 811.095 -551.864
908 811.289 -580.354
909 843.765 -580.13
910 843.551 -549.591
911 820.4 -549.756
912 820.485 -561.497
913 818.882 -561.508
914 818.991 -576.031
915 843.806 -575.843
916 843.568 -545.048
917 812.008 -545.296
918 812.225 -572.4
919 830.503 -572.251
920 830.448 -565.641
921 836.419 -565.591
922 836.269 -548.129
923 810.165 -548.357
924 810.439 -578.997
925 840.927 -578.72
926 840.688 -552.93
927 823.33 -553.094
928 823.393 -559.609
929 818.277 -559.66
930 818.437 -575.528
931 842.702 -575.279
932 842.396 -546.062
933 812.246 -546.385
934 812.542 -573.437
935 832.994 -573.208
936 832.865 -561.903
937 832.007 -561.913
938 831.893 -552.375
939 813.295 -552.603
940 813.612 -577.864
941 842.418 -577.493
942 842.036 -548.578
943 816.345 -548.925
944 816.617 -568.537
945 828.072 -568.374
946 828.04 -566.186
947 835.187 -566.078
948 834.947 -550.516
949 812.733 -550.869
950 813.167 -577.358
951 841.219 -576.886
952 840.753 -550.032
953 817.633 -550.446
954 817.952 -567.749
955 827.981 -567.558
956 827.941 -565.546
957 833.946 -565.424
958 833.665 -552.095
959 814.291 -552.517
960 814.826 -576.217
961 840.864 -575.606
962 840.224 -549.306
963 815.653 -549.927
964 816.208 -571.006
965 832.379 -570.563
966 832.086 -560.29
967 828.24 -560.405
968 828.157 -557.757
969 819.38 -558.044
970 819.864 -572.221
971 838.421 -571.555
972 837.602 -549.836
973 814.042 -550.771
974 815.049 -574.836
975 838.349 -573.806
976 837.347 -552.41
977 818.812 -553.331
978 819.601 -568.264
979 830.423 -567.655
980 830.036 -561.223
981 828.051 -561.351
982 827.89 -559.025
983 821.559 -559.498
984 822.359 -569.4
985 835.302 -568.265
986 833.831 -552.868
987 816.592 -554.671
988 818.715 -573.145
989 837.849 -570.716
990 835.134 -551.449
991 816.195 -554.427
992 819.412 -572.65
993 836.607 -569.22
994 832.993 -553.286
995 818.479 -557.058
996 822.379 -570.059
997 833.838 -566.059
998 829.767 -556.122
999 821.289 -560.235
1000 825.415 -567.351
1001 831.288 -563.241
1002 827.222 -558.478
1003 823.428 -562.47
1004 827.316 -565.436
1005 829.591 -561.679
1006 825.993 -559.969
1007 824.733 -563.384
1008 827.944 -564.292
1009 828.585 -561.304
1010 825.832 -560.862
1011 825.533 -563.371
1012 827.797 -563.569
1013 827.925 -561.547
1014 826.137 -561.465
1015 826.087 -563.032
1016 827.446 -563.062
1017 827.464 -561.893
1018 826.466 -561.882
1019 826.46 -562.727
1020 827.17 -562.731
1021 827.172 -562.138
1022 826.681 -562.137
1023 826.68 -562.542
1024 827.012 -562.542
1025 827.012 -562.272
1026 826.793 -562.272
1027 826.793 -562.448
1028 826.935 -562.448
1029 826.935 -562.335
1030 826.845 -562.335
1031 826.845 -562.406
1032 826.901 -562.406
1033 826.901 -562.363
1034 826.867 -562.363
1035 826.867 -562.389
1036 826.887 -562.389
1037 826.887 -562.373
1038 826.875 -562.373
1039 826.875 -562.382
1040 826.882 -562.382
1041 826.882 -562.377
1042 826.878 -562.377
1043 826.878 -562.38
1044 826.88 -562.38
1045 826.88 -562.378
1046 826.879 -562.378
1047 826.879 -562.379
1048 826.88 -562.379
1049 826.88 -562.379
1050 826.879 -562.379
1051 826.879 -562.379
1052 826.88 -562.379
1053 826.88 -562.379
1054 826.88 -562.379
1055 826.88 -562.379
1056 826.88 -562.379
1057 826.88 -562.379
1058 826.88 -562.379
1059 826.88 -562.379
1060 826.88 -562.379
1061 826.88 -562.379
1062 826.88 -562.379
1063 826.88 -562.379
1064 826.88 -562.379
1065 826.88 -562.379
1066 826.88 -562.379
1067 826.88 -562.379
1068 826.88 -562.379
1069 826.88 -562.379
1070 826.88 -562.379
1071 826.88 -562.379
1072 826.88 -562.379
1073 826.88 -562.379
1074 826.88 -562.379
1075 826.88 -562.379
1076 826.88 -562.379
1077 826.88 -562.379
1078 826.88 -562.379
1079 826.88 -562.379
1080 826.88 -562.379
1081 826.88 -562.379
1082 826.88 -562.379
1083 826.88 -562.379
1084 826.88 -562.379
1085 826.88 -562.379
1086 826.88 -562.379
1087 826.88 -562.379
1088 826.88 -562.379
1089 826.88 -562.379
1090 826.88 -562.379
1091 826.88 -562.379
1092 826.88 -562.379
1093 826.88 -562.379
1094 826.88 -562.379
1095 826.88 -562.379
1096 826.88 -562.379
1097 826.88 -562.379
1098 826.88 -562.379
1099 826.88 -562.379
1100 826.88 -562.379
