0 0.00999268 -1.99861
1 -12.8183 -2.06276
2 -12.8101 -3.71019
3 -9.83493 -3.69529
4 -9.85342 -0.00628343
5 4.68258 0.0666672
6 4.6515 6.25027
7 12.4296 6.28945
8 12.4296 6.28945
9 5.43157 6.25403
10 5.48265 -3.8086
11 -4.71236 -3.86051
12 -4.66484 -13.1601
13 -6.07282 -13.1674
14 -6.10237 -7.43064
15 -3.60357 -7.41771
16 -3.68594 8.4273
17 -5.40408 8.41832
18 -5.43441 14.1924
19 -3.97511 14.2001
20 -3.92928 5.57884
21 8.14959 5.64346
22 8.18431 -0.803339
23 16.6966 -0.757165
24 16.6966 -0.757165
25 8.25052 -0.803685
26 8.28985 -7.88658
27 -2.63886 -7.94779
28 -2.58443 -17.5794
29 -3.26161 -17.5833
30 -3.29586 -11.6356
31 -8.15631 -11.6639
32 -8.22582 0.160181
33 -19.321 0.0942377
34 -19.3278 1.22811
35 -16.3529 1.2462
36 -16.3864 6.68491
37 -6.96245 6.74367
38 -7.04827 20.3295
39 -7.93828 20.3238
40 -7.93828 20.3238
41 -1.1621 20.3685
42 -1.14204 17.3707
43 13.3585 17.4692
44 13.3125 24.1414
45 14.5545 24.1501
46 14.5956 18.3995
47 20.7905 18.4445
48 20.8489 10.5583
49 33.2222 10.6516
50 33.2025 13.2168
51 31.6366 13.2045
52 31.7202 2.78099
53 38.8872 2.83974
54 38.9401 -3.47732
55 47.0094 -3.40809
56 47.0094 -3.40809
57 44.6978 -3.42892
58 44.8145 -16.0573
59 56.2179 -15.9491
60 56.2167 -15.8288
61 58.4035 -15.8068
62 58.4577 -21.0523
63 63.312 -21.0005
64 63.3796 -27.1462
65 74.5988 -27.0185
66 74.5477 -22.6818
67 74.8599 -22.678
68 74.94 -29.0015
69 88.2459 -28.8263
70 88.1223 -19.8076
71 87.9685 -19.8098
72 87.9685 -19.8098
73 95.2873 -19.6955
74 95.1342 -10.3559
75 93.2086 -10.3891
76 93.1204 -5.52744
77 90.7492 -5.57292
78 90.6579 -1.08074
79 85.4515 -1.19315
80 85.4153 0.381401
81 78.3864 0.208275
82 78.5066 -4.33273
83 76.3752 -4.39359
84 76.5152 -8.9136
85 76.6183 -8.91012
86 76.8182 -14.309
87 82.2717 -14.086
88 82.2717 -14.086
89 87.5746 -13.8151
90 87.2466 -8.1548
91 85.4804 -8.27221
92 85.3476 -6.55359
93 84.2115 -6.65729
94 83.876 -3.60043
95 76.5036 -4.59367
96 77.9696 -13.2428
97 84.336 -11.8462
98 83.6353 -9.45732
99 84.5552 -9.08282
100 83.1795 -6.74737
101 81.0813 -8.61965
102 82.7535 -9.7972
103 83.139 -8.87952
104 83.139 -8.87952
105 83.2244 -8.20979
106 82.3377 -8.15224
107 82.3152 -8.86841
108 82.6919 -8.87385
109 82.6924 -8.80081
110 82.7898 -8.80107
111 82.79 -8.66128
112 82.6818 -8.66123
113 82.6818 -8.71769
114 82.6978 -8.71769
115 82.6978 -8.72258
116 82.7082 -8.72258
117 82.7082 -8.71418
118 82.7037 -8.71418
119 82.7037 -8.7157
120 82.7037 -8.7157
