0 0.00999268 -1.99861
1 -12.4719 -2.06103
2 -12.4653 -3.39133
3 -7.7527 -3.36773
4 -7.77386 0.852948
5 7.04692 0.927328
6 7.0197 6.34214
7 11.346 6.36394
8 11.3595 3.69334
9 1.16897 3.64176
10 1.22426 -7.24995
11 -7.18527 -7.29277
12 -7.1645 -11.3569
13 -4.9343 -11.3454
14 -4.99677 0.782386
15 -1.99149 0.797934
16 -2.05812 13.6168
17 -2.69667 13.6135
18 -2.67218 8.95093
19 3.37937 8.9829
20 3.44417 -3.20938
21 13.4076 -3.15608
22 13.4192 -5.31239
23 8.68457 -5.33807
24 8.68495 -5.40792
25 -6.51763 -5.49165
26 -6.48319 -11.694
27 -9.92651 -11.7132
28 -9.95029 -7.50406
29 -7.14214 -7.48804
30 -7.23165 8.05391
31 -11.9608 8.0264
32 -11.9823 11.6802
33 -7.85878 11.7048
34 -7.84437 9.30769
35 7.40443 9.40043
36 7.36612 15.623
37 10.3353 15.6415
38 10.364 11.0973
39 11.6601 11.1056
40 11.7466 -2.22129
41 21.614 -2.15628
42 21.6207 -3.15899
43 17.052 -3.19002
44 17.1047 -10.8239
45 10.7383 -10.8686
46 10.8251 -23.0258
47 13.1274 -23.0091
48 13.1094 -20.5721
49 1.07022 -20.663
50 1.12181 -27.3661
51 -5.37163 -27.4171
52 -5.33509 -31.9724
53 -7.59318 -31.9909
54 -7.63956 -26.4592
55 -22.1639 -26.5838
56 -22.0991 -33.961
57 -23.3849 -33.9725
58 -23.4239 -29.7486
59 -32.8302 -29.8379
60 -32.8286 -30.0081
61 -41.8967 -30.0991
62 -41.8528 -34.3349
63 -43.6569 -34.3541
64 -43.7117 -29.3821
65 -57.2049 -29.5357
66 -57.0969 -38.7038
67 -56.6024 -38.6977
68 -56.6375 -35.9342
69 -67.6131 -36.0788
70 -67.4793 -45.8405
71 -67.2554 -45.8373
72 -67.2134 -48.6491
73 -71.2842 -48.7128
74 -71.1501 -56.8912
75 -69.1868 -56.8573
76 -69.0859 -62.4197
77 -65.3299 -62.3476
78 -65.2562 -65.9751
79 -60.1904 -65.8657
80 -60.1542 -67.4402
81 -53.3151 -67.2718
82 -53.4122 -63.6049
83 -50.0362 -63.5085
84 -50.1963 -58.3371
85 -50.3014 -58.3406
86 -50.4764 -53.6129
87 -53.5098 -53.737
88 -53.6648 -50.3315
89 -61.3868 -50.726
90 -61.0318 -56.8527
91 -59.5749 -56.7558
92 -59.5169 -57.5069
93 -61.3165 -57.6712
94 -60.6073 -64.1336
95 -51.7406 -62.939
96 -52.9266 -55.9417
97 -55.2927 -56.4608
98 -55.8585 -54.5318
99 -59.6732 -56.0848
100 -57.7277 -59.3876
101 -55.997 -57.8432
102 -56.5563 -57.4493
103 -56.3418 -56.9389
104 -57.5102 -56.6612
105 -57.6639 -57.8667
106 -56.8874 -57.9171
107 -56.8803 -57.6914
108 -56.7157 -57.6938
109 -56.7137 -57.3909
110 -56.9683 -57.3902
