0 0.0123933 -24.7867
1 -9.44423 -24.7914
2 -9.41945 -74.3458
3 -19.0742 -74.3506
4 -19.0495 -123.847
5 -29.1002 -123.852
6 -29.0755 -173.247
7 -39.7188 -173.252
8 -39.6942 -222.498
9 -51.1252 -222.503
10 -51.1007 -271.542
11 -63.5123 -271.548
12 -63.4879 -320.313
13 -77.0695 -320.32
14 -77.0453 -368.73
15 -91.9821 -368.738
16 -91.9581 -416.698
17 -108.429 -416.707
18 -108.405 -464.106
19 -126.582 -464.115
20 -126.559 -510.821
21 -146.603 -510.831
22 -146.58 -556.694
23 -168.641 -556.705
24 -168.619 -601.551
25 -192.831 -601.563
26 -192.81 -645.196
27 -219.29 -645.21
28 -219.269 -687.41
29 -248.111 -687.425
30 -248.091 -727.95
31 -279.362 -727.966
32 -279.343 -766.55
33 -313.082 -766.567
34 -313.064 -802.922
35 -349.273 -802.94
36 -349.256 -836.758
37 -387.897 -836.778
38 -387.881 -867.734
39 -428.872 -867.754
40 -428.858 -895.511
41 -472.066 -895.532
42 -472.054 -919.744
43 -517.291 -919.766
44 -517.281 -940.085
45 -564.303 -940.109
46 -564.295 -956.194
47 -612.792 -956.219
48 -612.786 -967.744
49 -662.385 -967.769
50 -662.382 -974.433
51 -712.642 -974.458
52 -712.642 -975.995
53 -763.057 -976.02
54 -763.058 -972.213
55 -813.057 -972.238
56 -813.061 -962.932
57 -862.012 -962.956
58 -862.019 -948.071
59 -909.238 -948.095
60 -909.248 -927.64
61 -954.006 -927.663
62 -954.019 -901.75
63 -995.559 -901.771
64 -995.574 -870.628
65 -1033.12 -870.647
66 -1033.14 -834.628
67 -1065.93 -834.644
68 -1065.95 -794.236
69 -1093.24 -794.25
70 -1093.26 -750.081
71 -1114.36 -750.092
72 -1114.39 -702.934
73 -1128.7 -702.941
74 -1128.72 -653.7
75 -1135.74 -653.704
76 -1135.77 -603.418
77 -1135.14 -603.418
78 -1135.17 -553.236
79 -1126.72 -553.232
80 -1126.74 -504.393
81 -1110.48 -504.385
82 -1110.5 -458.188
83 -1086.66 -458.176
84 -1086.68 -415.944
85 -1055.76 -415.929
86 -1055.78 -378.961
87 -1018.5 -378.942
88 -1018.51 -348.468
89 -975.876 -348.446
90 -975.887 -325.565
91 -929.141 -325.541
92 -929.148 -311.172
93 -879.766 -311.147
94 -879.769 -305.964
95 -829.422 -305.938
96 -829.42 -310.321
97 -779.925 -310.296
98 -779.918 -324.28
99 -733.173 -324.256
100 -733.161 -347.491
101 -691.072 -347.47
102 -691.056 -379.202
103 -655.448 -379.183
104 -655.428 -418.243
105 -627.951 -418.229
106 -627.928 -463.05
107 -609.958 -463.04
108 -609.934 -511.697
109 -602.476 -511.693
110 -602.45 -561.964
111 -606.053 -561.966
112 -606.028 -611.426
113 -620.707 -611.433
114 -620.684 -657.564
115 -645.877 -657.577
116 -645.856 -697.904
117 -680.398 -697.922
118 -680.381 -730.158
119 -722.521 -730.179
120 -722.51 -752.379
121 -769.967 -752.403
122 -769.962 -763.114
123 -820.02 -763.14
124 -820.021 -761.535
125 -869.669 -761.561
126 -869.677 -747.546
127 -915.781 -747.57
128 -915.794 -721.85
129 -955.303 -721.87
130 -955.321 -685.965
131 -985.485 -685.981
132 -985.508 -642.183
133 -1004.1 -642.193
134 -1004.13 -593.462
135 -1009.66 -593.465
136 -1009.69 -543.253
137 -1001.56 -543.249
138 -1001.59 -495.278
139 -980.225 -495.267
140 -980.246 -453.247
141 -947.127 -453.23
142 -947.144 -420.56
143 -904.758 -420.538
144 -904.769 -399.998
145 -856.48 -399.973
146 -856.484 -393.441
147 -806.303 -393.415
148 -806.298 -401.636
149 -758.566 -401.612
150 -758.554 -424.052
151 -717.567 -424.031
152 -717.549 -458.841
153 -687.155 -458.825
154 -687.132 -502.923
155 -670.328 -502.914
156 -670.303 -552.206
157 -668.881 -552.206
158 -668.855 -601.929
159 -683.143 -601.936
160 -683.12 -647.1
161 -711.853 -647.115
162 -711.835 -683.013
163 -752.188 -683.034
164 -752.176 -705.767
165 -799.971 -705.792
166 -799.967 -712.748
167 -850.055 -712.774
168 -850.06 -703.001
169 -896.847 -703.025
170 -896.86 -677.445
171 -934.935 -677.465
172 -934.955 -638.874
173 -959.743 -638.887
174 -959.768 -591.734
175 -968.141 -591.739
176 -968.167 -541.673
177 -958.918 -541.668
178 -958.943 -494.895
179 -933.048 -494.881
180 -933.068 -457.394
181 -893.69 -457.373
182 -893.702 -434.152
183 -845.888 -434.126
184 -845.891 -428.41
185 -795.992 -428.384
186 -795.985 -441.129
187 -750.846 -441.105
188 -750.83 -470.724
189 -716.843 -470.706
190 -716.821 -513.159
191 -698.975 -513.149
192 -698.949 -562.4
193 -700.02 -562.401
194 -699.994 -611.219
195 -720.001 -611.229
196 -719.98 -652.226
197 -756.046 -652.245
198 -756.032 -679.018
199 -802.684 -679.043
200 -802.68 -687.241
201 -852.591 -687.267
202 -852.597 -675.402
203 -897.694 -675.426
204 -897.71 -645.26
205 -930.483 -645.277
206 -930.506 -601.69
207 -945.311 -601.698
208 -945.338 -552.002
209 -939.467 -551.999
210 -939.492 -504.778
211 -913.796 -504.764
212 -913.815 -468.406
213 -872.718 -468.383
214 -872.728 -449.545
215 -823.587 -449.518
216 -823.586 -451.814
217 -775.459 -451.788
218 -775.447 -474.965
219 -737.445 -474.944
220 -737.423 -514.751
221 -716.95 -514.74
222 -716.923 -563.576
223 -718.138 -563.577
224 -718.111 -611.848
225 -740.946 -611.86
226 -740.925 -649.836
227 -780.909 -649.858
228 -780.898 -669.667
229 -829.894 -669.693
230 -829.895 -667.058
231 -877.655 -667.084
232 -877.669 -642.391
233 -913.95 -642.411
234 -913.973 -600.826
235 -930.78 -600.835
236 -930.807 -551.374
237 -924.266 -551.371
238 -924.291 -505.034
239 -895.703 -505.019
240 -895.721 -472.367
241 -851.478 -472.343
242 -851.484 -461.028
243 -801.79 -461.001
244 -801.783 -473.837
245 -758.376 -473.813
246 -758.357 -507.906
247 -731.743 -507.892
248 -731.717 -555.111
249 -728.531 -555.109
250 -728.504 -603.89
251 -749.704 -603.901
252 -749.683 -642.016
253 -790.075 -642.039
254 -790.066 -659.7
255 -839.406 -659.727
256 -839.41 -652.222
257 -884.882 -652.247
258 -884.899 -621.38
259 -914.422 -621.396
260 -914.448 -575.257
261 -919.97 -575.26
262 -919.997 -526.266
263 -899.849 -526.255
264 -899.871 -487.882
265 -859.48 -487.86
266 -859.49 -470.91
267 -810.107 -470.883
268 -810.102 -480.306
269 -765.798 -480.281
270 -765.779 -513.527
271 -739.448 -513.512
272 -739.421 -561.006
273 -738.935 -561.006
274 -738.908 -608.738
275 -764.571 -608.752
276 -764.552 -642.345
277 -808.738 -642.37
278 -808.732 -651.471
279 -857.95 -651.499
280 -857.96 -633.139
281 -896.87 -633.161
282 -896.892 -592.953
283 -913.107 -592.962
284 -913.135 -543.603
285 -901.313 -543.597
286 -901.337 -501.005
287 -865.168 -500.985
288 -865.18 -479.174
289 -816.475 -479.147
290 -816.471 -485.493
291 -771.477 -485.468
292 -771.458 -517.989
293 -745.478 -517.974
294 -745.451 -565.693
295 -747.538 -565.694
296 -747.511 -612.152
297 -777.091 -612.169
298 -777.074 -641.032
299 -823.831 -641.059
300 -823.831 -641.952
301 -871.092 -641.979
302 -871.108 -614.429
303 -901.704 -614.447
304 -901.73 -568.38
305 -904.306 -568.382
306 -904.334 -520.776
307 -877.783 -520.76
308 -877.801 -489.483
309 -832.008 -489.456
310 -832.01 -486.491
311 -784.41 -486.463
312 -784.395 -513.096
313 -753.441 -513.078
314 -753.415 -559.063
315 -751.351 -559.062
316 -751.324 -606.314
317 -779.114 -606.33
318 -779.097 -635.936
319 -825.691 -635.963
320 -825.691 -635.831
321 -872.167 -635.859
322 -872.185 -605.9
323 -899.341 -605.916
324 -899.369 -558.442
325 -895.754 -558.44
326 -895.781 -513.35
327 -862.78 -513.33
328 -862.794 -489.847
329 -814.419 -489.819
330 -814.414 -498.172
331 -771.586 -498.147
332 -771.564 -534.836
333 -753.12 -534.825
334 -753.091 -583.766
335 -767.341 -583.774
336 -767.317 -623.134
337 -807.997 -623.159
338 -807.989 -635.081
339 -856.694 -635.11
340 -856.707 -614.015
341 -891.035 -614.035
342 -891.061 -569.553
343 -894.949 -569.556
344 -894.977 -522.443
345 -866.46 -522.426
346 -866.477 -495.018
347 -819.024 -494.99
348 -819.021 -500.523
349 -775.456 -500.497
350 -775.434 -536.422
351 -757.041 -536.411
352 -757.011 -585.214
353 -772.977 -585.224
354 -772.954 -622.721
355 -815.444 -622.747
356 -815.44 -630.058
357 -863.098 -630.087
358 -863.114 -603.378
359 -891.617 -603.395
360 -891.646 -556.251
361 -886.196 -556.248
362 -886.223 -513.076
363 -849.534 -513.053
364 -849.544 -496.543
365 -800.872 -496.512
366 -800.86 -515.532
367 -766.145 -515.51
368 -766.117 -559.984
369 -764.15 -559.982
370 -764.121 -605.869
371 -796.097 -605.889
372 -796.083 -628.02
373 -844.49 -628.051
374 -844.499 -614.067
375 -882.408 -614.091
376 -882.435 -571.699
377 -888.447 -571.703
378 -888.477 -524.818
379 -859.054 -524.799
380 -859.069 -500.248
381 -811.022 -500.218
382 -811.015 -512.284
383 -772.225 -512.26
384 -772.198 -554.015
385 -765.497 -554.01
386 -765.467 -600.886
387 -794.943 -600.904
388 -794.928 -624.933
389 -843.014 -624.964
390 -843.023 -611.576
391 -880.627 -611.6
392 -880.655 -568.831
393 -884.71 -568.834
394 -884.739 -522.919
395 -852.627 -522.899
396 -852.64 -502.384
397 -804.318 -502.353
398 -804.306 -520.208
399 -770.235 -520.186
400 -770.206 -565.199
401 -772.161 -565.2
402 -772.133 -608.604
403 -808.965 -608.628
404 -808.956 -622.317
405 -856.809 -622.348
406 -856.825 -597.282
407 -884.287 -597.3
408 -884.318 -549.915
409 -873.106 -549.908
410 -873.131 -511.736
411 -830.646 -511.708
412 -830.648 -508.481
413 -785.546 -508.451
414 -785.523 -542.462
415 -768.613 -542.451
416 -768.581 -590.456
417 -791.609 -590.471
418 -791.59 -619.233
419 -838.627 -619.264
420 -838.634 -608.6
421 -876.669 -608.625
422 -876.698 -565.963
423 -878.705 -565.964
424 -878.735 -521.648
425 -843.179 -521.624
426 -843.189 -507.56
427 -795.694 -507.528
428 -795.676 -534.018
429 -770.895 -534.001
430 -770.863 -581.714
431 -787.119 -581.725
432 -787.096 -615.382
433 -832.4 -615.413
434 -832.404 -609.823
435 -872.809 -609.85
436 -872.837 -569.132
437 -877.711 -569.135
438 -877.742 -524.203
439 -843.272 -524.18
440 -843.282 -509.545
441 -795.978 -509.512
442 -795.959 -536.592
443 -772.633 -536.576
444 -772.599 -584.282
445 -791.639 -584.296
446 -791.617 -615.014
447 -838.02 -615.046
448 -838.028 -604.269
449 -874.728 -604.294
450 -874.758 -560.591
451 -872.106 -560.589
452 -872.135 -519.326
453 -832.205 -519.298
454 -832.209 -514.238
455 -787.733 -514.206
456 -787.708 -549.602
457 -775.545 -549.593
458 -775.512 -596.058
459 -805.901 -596.08
460 -805.887 -614.611
461 -853.279 -614.644
462 -853.297 -589.484
463 -877.398 -589.501
464 -877.432 -542.066
465 -857.511 -542.052
466 -857.532 -513.188
467 -810.75 -513.155
468 -810.739 -527.994
469 -777.894 -527.97
470 -777.861 -573.581
471 -787.905 -573.589
472 -787.879 -609.69
473 -831.968 -609.722
474 -831.973 -604.095
475 -870.678 -604.123
476 -870.709 -561.756
477 -869.057 -561.755
478 -869.088 -521.014
479 -828.515 -520.985
480 -828.516 -519.139
481 -786.223 -519.108
482 -786.194 -557.925
483 -781.351 -557.921
484 -781.319 -601.365
485 -818.509 -601.393
486 -818.503 -608.731
487 -862.773 -608.764
488 -862.8 -573.001
489 -872.131 -573.008
490 -872.165 -528.171
491 -837.572 -528.144
492 -837.58 -517.314
493 -792.381 -517.279
494 -792.355 -551
495 -780.51 -550.991
496 -780.475 -596.387
497 -813.648 -596.412
498 -813.638 -608.796
499 -859.093 -608.831
500 -859.119 -575.864
501 -871.569 -575.874
502 -871.604 -530.485
503 -838.497 -530.459
504 -838.507 -518.414
505 -793.311 -518.379
506 -793.285 -551.966
507 -782.119 -551.958
508 -782.084 -596.814
509 -816.475 -596.841
510 -816.468 -606.65
511 -860.81 -606.684
512 -860.838 -571.193
513 -868.8 -571.199
514 -868.835 -527.593
515 -831.991 -527.564
516 -831.995 -521.942
517 -789.405 -521.908
518 -789.374 -560.301
519 -786.591 -560.299
520 -786.558 -601.524
521 -826.623 -601.556
522 -826.623 -601.005
523 -866.056 -601.037
524 -866.089 -559.27
525 -861.725 -559.267
526 -861.755 -522.14
527 -818.368 -522.105
528 -818.361 -530.729
529 -784.138 -530.701
530 -784.101 -575.494
531 -797.373 -575.505
532 -797.348 -606.146
533 -843.18 -606.184
534 -843.195 -587.96
535 -869.509 -587.982
536 -869.548 -541.65
537 -846.192 -541.631
538 -846.21 -520.433
539 -800.099 -520.395
540 -800.075 -548.9
541 -784.796 -548.887
542 -784.758 -593.868
543 -818.224 -593.896
544 -818.217 -602.491
545 -860.975 -602.528
546 -861.008 -564.539
547 -862.249 -564.54
548 -862.282 -525.254
549 -820.498 -525.218
550 -820.492 -531.837
551 -786.048 -531.808
552 -786.01 -576.343
553 -800.749 -576.356
554 -800.725 -604.532
555 -846.634 -604.572
556 -846.654 -581.784
557 -867.17 -581.802
558 -867.21 -536.214
559 -836.859 -536.187
560 -836.869 -524.579
561 -793.576 -524.541
562 -793.544 -561.487
563 -791.814 -561.485
564 -791.78 -600.315
565 -833.818 -600.352
566 -833.825 -591.655
567 -865.956 -591.683
568 -865.996 -546.595
569 -846.895 -546.578
570 -846.916 -523.284
571 -801.315 -523.243
572 -801.289 -552.021
573 -788.659 -552.009
574 -788.62 -595.2
575 -825.551 -595.233
576 -825.551 -595.915
577 -863.203 -595.949
578 -863.242 -553.216
579 -851.473 -553.205
580 -851.5 -524.164
581 -806.092 -524.122
582 -806.07 -547.848
583 -788.336 -547.832
584 -788.294 -592.176
585 -822.34 -592.208
586 -822.336 -596.676
587 -861.552 -596.713
588 -861.592 -555.174
589 -851.932 -555.165
590 -851.96 -525.07
591 -806.838 -525.027
592 -806.816 -548.273
593 -789.273 -548.256
594 -789.231 -592.245
595 -823.932 -592.279
596 -823.93 -594.931
597 -861.725 -594.967
598 -861.767 -552.529
599 -848.782 -552.516
600 -848.808 -525.697
601 -803.696 -525.653
602 -803.669 -553.058
603 -791.607 -553.046
604 -791.565 -594.934
605 -830.077 -594.972
606 -830.082 -590.224
607 -862.772 -590.256
608 -862.816 -545.871
609 -841.522 -545.85
610 -841.54 -527.461
611 -797.875 -527.417
612 -797.84 -562.371
613 -797.002 -562.37
614 -796.965 -598.282
615 -840.185 -598.326
616 -840.203 -581.059
617 -862.085 -581.081
618 -862.13 -536.873
619 -829.382 -536.839
620 -829.386 -533.221
621 -792.222 -533.182
622 -792.177 -575.683
623 -807.905 -575.699
624 -807.881 -598.536
625 -852.049 -598.583
626 -852.083 -566.221
627 -855.684 -566.225
628 -855.723 -529.418
629 -813.136 -529.373
630 -813.118 -546.162
631 -791.752 -546.139
632 -791.705 -589.829
633 -825.549 -589.866
634 -825.548 -590.661
635 -860.329 -590.699
636 -860.376 -547.369
637 -840.025 -547.346
638 -840.044 -530.008
639 -797.637 -529.961
640 -797.597 -566.798
641 -802.381 -566.803
642 -802.347 -597.433
643 -846.406 -597.482
644 -846.435 -571.446
645 -856.901 -571.458
646 -856.945 -531.994
647 -816.457 -531.949
648 -816.442 -544.906
649 -792.818 -544.879
650 -792.769 -588.437
651 -825.759 -588.475
652 -825.759 -589.029
653 -859.397 -589.068
654 -859.447 -545.74
655 -836.4 -545.713
656 -836.415 -532.641
657 -796.291 -532.595
658 -796.244 -572.215
659 -808.293 -572.229
660 -808.265 -595.896
661 -851.489 -595.947
662 -851.529 -562.483
663 -850.397 -562.482
664 -850.435 -530.596
665 -807.012 -530.544
666 -806.981 -556.418
667 -798.084 -556.407
668 -798.039 -594.073
669 -839.424 -594.123
670 -839.446 -576.391
671 -856.999 -576.413
672 -857.049 -535.197
673 -819.233 -535.15
674 -819.221 -544.873
675 -794.589 -544.842
676 -794.535 -587.754
677 -827.908 -587.796
678 -827.911 -585.47
679 -858.05 -585.508
680 -858.105 -542.31
681 -829.494 -542.274
682 -829.499 -538.105
683 -795.282 -538.061
684 -795.227 -580.584
685 -819.194 -580.615
686 -819.181 -590.236
687 -856.269 -590.284
688 -856.323 -548.988
689 -836.565 -548.962
690 -836.583 -534.965
691 -797.587 -534.913
692 -797.534 -574.775
693 -813.736 -574.797
694 -813.713 -592.126
695 -853.893 -592.18
696 -853.945 -553.688
697 -840.508 -553.67
698 -840.535 -533.988
699 -799.695 -533.932
700 -799.644 -571.319
701 -811.186 -571.335
702 -811.157 -592.459
703 -852.284 -592.516
704 -852.335 -555.837
705 -841.776 -555.822
706 -841.807 -534.113
707 -800.668 -534.055
708 -800.616 -570.496
709 -811.12 -570.511
710 -811.09 -591.974
711 -851.998 -592.033
712 -852.051 -555.347
713 -840.675 -555.33
714 -840.705 -534.948
715 -800.299 -534.889
716 -800.244 -572.262
717 -813.396 -572.281
718 -813.369 -590.712
719 -852.909 -590.771
720 -852.967 -552.372
721 -837.178 -552.349
722 -837.202 -536.798
723 -799.04 -536.741
724 -798.98 -576.335
725 -818.18 -576.365
726 -818.162 -588.041
727 -854.231 -588.097
728 -854.294 -547.373
729 -831.051 -547.337
730 -831.061 -540.577
731 -798.035 -540.525
732 -797.97 -581.993
733 -825.662 -582.037
734 -825.661 -582.842
735 -854.445 -582.888
736 -854.512 -541.446
737 -822.298 -541.394
738 -822.288 -547.491
739 -799.164 -547.453
740 -799.098 -587.653
741 -835.447 -587.713
742 -835.469 -574
743 -851.383 -574.026
744 -851.445 -536.751
745 -811.933 -536.685
746 -811.896 -558.309
747 -804.726 -558.297
748 -804.67 -590.543
749 -845.682 -590.614
750 -845.733 -561.419
751 -842.887 -561.414
752 -842.931 -536.586
753 -802.819 -536.516
754 -802.756 -572.077
755 -816.317 -572.101
756 -816.29 -587.097
757 -852.437 -587.162
758 -852.509 -547.476
759 -828.47 -547.432
760 -828.475 -544.313
761 -799.791 -544.261
762 -799.716 -584.732
763 -832.702 -584.793
764 -832.72 -574.873
765 -850.455 -574.906
766 -850.525 -537.939
767 -811.664 -537.865
768 -811.621 -560.535
769 -807.662 -560.528
770 -807.607 -589.19
771 -847.72 -589.268
772 -847.784 -556.086
773 -836.609 -556.064
774 -836.64 -540.253
775 -801.08 -540.183
776 -801.002 -579.444
777 -826.395 -579.495
778 -826.395 -579.219
779 -851.26 -579.27
780 -851.34 -540.332
781 -815.485 -540.259
782 -815.449 -557.37
783 -806.447 -557.351
784 -806.382 -588.463
785 -846.1 -588.547
786 -846.166 -557.302
787 -836.705 -557.282
788 -836.74 -541.026
789 -801.753 -540.951
790 -801.669 -579.857
791 -828.17 -579.915
792 -828.177 -576.82
793 -849.675 -576.867
794 -849.757 -539.764
795 -812.369 -539.68
796 -812.318 -562.055
797 -810.636 -562.052
798 -810.579 -587.005
799 -848.642 -587.092
800 -848.725 -551.245
801 -829.392 -551.2
802 -829.403 -546.416
803 -802.499 -546.352
804 -802.408 -584.699
805 -837.147 -584.782
806 -837.19 -567.152
807 -843.415 -567.167
808 -843.482 -539.594
809 -805.225 -539.5
810 -805.14 -573.811
811 -822.515 -573.855
812 -822.5 -579.888
813 -849.567 -579.956
814 -849.664 -542.055
815 -815.046 -541.966
816 -814.998 -560.537
817 -810.784 -560.526
818 -810.717 -585.876
819 -847.893 -585.974
820 -847.988 -550.456
821 -826.874 -550.399
822 -826.876 -549.641
823 -804.625 -549.58
824 -804.527 -585.357
825 -841.199 -585.458
826 -841.268 -560.699
827 -836.954 -560.687
828 -837.003 -543.174
829 -803.787 -543.079
830 -803.679 -580.586
831 -832.733 -580.67
832 -832.765 -569.817
833 -843.652 -569.849
834 -843.738 -540.966
835 -806.521 -540.854
836 -806.421 -574.11
837 -824.86 -574.167
838 -824.853 -576.457
839 -847.016 -576.526
840 -847.125 -541.719
841 -810.854 -541.605
842 -810.77 -567.83
843 -818.743 -567.855
844 -818.702 -580.525
845 -847.952 -580.62
846 -848.073 -543.93
847 -815.253 -543.821
848 -815.19 -562.778
849 -814.623 -562.776
850 -814.555 -582.579
851 -847.552 -582.693
852 -847.679 -546.385
853 -818.797 -546.284
854 -818.751 -559.321
855 -812.248 -559.298
856 -812.161 -583.337
857 -846.723 -583.463
858 -846.852 -548.301
859 -821.047 -548.205
860 -821.013 -557.459
861 -811.242 -557.422
862 -811.142 -583.383
863 -846.044 -583.518
864 -846.179 -549.268
865 -821.861 -549.172
866 -821.83 -557.08
867 -811.33 -557.038
868 -811.224 -583.034
869 -845.768 -583.177
870 -845.91 -549.165
871 -821.239 -549.061
872 -821.201 -558.114
873 -812.44 -558.076
874 -812.335 -582.303
875 -845.83 -582.45
876 -845.983 -548.1
877 -819.272 -547.98
878 -819.214 -560.562
879 -814.717 -560.541
880 -814.622 -580.902
881 -845.855 -581.05
882 -846.02 -546.436
883 -816.19 -546.291
884 -816.101 -564.422
885 -818.437 -564.434
886 -818.367 -578.301
887 -845.154 -578.437
888 -845.326 -544.867
889 -812.521 -544.696
890 -812.39 -569.491
891 -823.809 -569.552
892 -823.785 -573.873
893 -842.78 -573.977
894 -842.944 -544.486
895 -809.275 -544.296
896 -809.099 -575.064
897 -830.621 -575.189
898 -830.667 -567.245
899 -837.788 -567.287
900 -837.913 -546.673
901 -808.038 -546.491
902 -807.832 -579.649
903 -837.772 -579.837
904 -837.907 -558.866
905 -829.824 -558.814
906 -829.865 -552.607
907 -810.674 -552.479
908 -810.481 -580.968
909 -842.957 -581.193
910 -843.171 -550.654
911 -820.02 -550.489
912 -819.935 -562.23
913 -818.333 -562.218
914 -818.224 -576.741
915 -843.039 -576.93
916 -843.277 -546.135
917 -811.717 -545.886
918 -811.5 -572.991
919 -829.779 -573.14
920 -829.833 -566.529
921 -835.804 -566.58
922 -835.954 -549.118
923 -809.851 -548.889
924 -809.577 -579.529
925 -840.065 -579.807
926 -840.305 -554.016
927 -822.947 -553.852
928 -822.884 -560.367
929 -817.768 -560.317
930 -817.609 -576.185
931 -841.874 -576.434
932 -842.181 -547.217
933 -812.031 -546.894
934 -811.735 -573.947
935 -832.187 -574.176
936 -832.316 -562.87
937 -831.458 -562.86
938 -831.572 -553.322
939 -812.974 -553.094
940 -812.657 -578.355
941 -841.463 -578.726
942 -841.844 -549.81
943 -816.153 -549.463
944 -815.881 -569.075
945 -827.335 -569.238
946 -827.367 -567.05
947 -834.515 -567.157
948 -834.756 -551.595
949 -812.542 -551.242
950 -812.109 -577.731
951 -840.161 -578.204
952 -840.627 -551.35
953 -817.507 -550.936
954 -817.188 -568.24
955 -827.216 -568.431
956 -827.256 -566.418
957 -833.26 -566.541
958 -833.541 -553.212
959 -814.167 -552.789
960 -813.631 -576.488
961 -839.669 -577.099
962 -840.309 -550.799
963 -815.738 -550.177
964 -815.184 -571.256
965 -831.355 -571.699
966 -831.648 -561.426
967 -827.803 -561.311
968 -827.885 -558.664
969 -819.107 -558.378
970 -818.623 -572.555
971 -837.18 -573.22
972 -837.999 -551.501
973 -814.438 -550.566
974 -813.43 -574.631
975 -836.73 -575.662
976 -837.733 -554.266
977 -819.197 -553.345
978 -818.408 -568.279
979 -829.23 -568.888
980 -829.617 -562.456
981 -827.633 -562.328
982 -827.794 -560.002
983 -821.463 -559.529
984 -820.662 -569.431
985 -833.606 -570.567
986 -835.078 -555.17
987 -817.839 -553.366
988 -815.715 -571.841
989 -834.849 -574.27
990 -837.564 -555.003
991 -818.624 -552.024
992 -815.407 -570.247
993 -832.602 -573.677
994 -836.217 -557.743
995 -821.704 -553.971
996 -817.804 -566.972
997 -829.263 -570.972
998 -833.333 -561.035
999 -824.855 -556.922
1000 -820.728 -564.038
1001 -826.601 -568.149
1002 -830.667 -563.386
1003 -826.872 -559.394
1004 -822.984 -562.361
1005 -825.259 -566.118
1006 -828.858 -564.407
1007 -827.598 -560.992
1008 -824.388 -561.9
1009 -825.029 -564.888
1010 -827.781 -564.445
1011 -827.482 -561.936
1012 -825.218 -562.134
1013 -825.346 -564.156
1014 -827.134 -564.075
1015 -827.084 -562.509
1016 -825.724 -562.539
1017 -825.743 -563.709
1018 -826.74 -563.698
1019 -826.734 -562.853
1020 -826.024 -562.857
1021 -826.026 -563.449
1022 -826.518 -563.448
1023 -826.517 -563.043
1024 -826.185 -563.044
1025 -826.186 -563.314
1026 -826.404 -563.314
1027 -826.404 -563.137
1028 -826.263 -563.137
1029 -826.263 -563.25
1030 -826.352 -563.25
1031 -826.352 -563.179
1032 -826.297 -563.179
1033 -826.297 -563.223
1034 -826.331 -563.223
1035 -826.331 -563.197
1036 -826.31 -563.197
1037 -826.31 -563.212
1038 -826.322 -563.212
1039 -826.322 -563.203
1040 -826.315 -563.203
1041 -826.315 -563.208
1042 -826.319 -563.208
1043 -826.319 -563.205
1044 -826.317 -563.205
1045 -826.317 -563.207
1046 -826.318 -563.207
1047 -826.318 -563.206
1048 -826.318 -563.206
1049 -826.318 -563.207
1050 -826.318 -563.207
1051 -826.318 -563.206
1052 -826.318 -563.206
1053 -826.318 -563.207
1054 -826.318 -563.207
1055 -826.318 -563.206
1056 -826.318 -563.206
1057 -826.318 -563.207
1058 -826.318 -563.207
1059 -826.318 -563.207
1060 -826.318 -563.207
1061 -826.318 -563.207
1062 -826.318 -563.207
1063 -826.318 -563.207
1064 -826.318 -563.207
1065 -826.318 -563.207
1066 -826.318 -563.207
1067 -826.318 -563.207
1068 -826.318 -563.207
1069 -826.318 -563.207
1070 -826.318 -563.207
1071 -826.318 -563.207
1072 -826.318 -563.207
1073 -826.318 -563.207
1074 -826.318 -563.207
1075 -826.318 -563.207
1076 -826.318 -563.207
1077 -826.318 -563.207
1078 -826.318 -563.207
1079 -826.318 -563.207
1080 -826.318 -563.207
1081 -826.318 -563.207
1082 -826.318 -563.207
1083 -826.318 -563.207
1084 -826.318 -563.207
1085 -826.318 -563.207
1086 -826.318 -563.207
1087 -826.318 -563.207
1088 -826.318 -563.207
1089 -826.318 -563.207
1090 -826.318 -563.207
1091 -826.318 -563.207
1092 -826.318 -563.207
1093 -826.318 -563.207
1094 -826.318 -563.207
1095 -826.318 -563.207
1096 -826.318 -563.207
1097 -826.318 -563.207
1098 -826.318 -563.207
1099 -826.318 -563.207
1100 -826.318 -563.207
