0 -0.12267 2.46239
1 0.145012 2.47592
2 0.358787 -1.5673
3 1.26183 -1.5157
4 1.18186 -0.267746
5 -2.89393 -0.574122
6 -2.88719 -0.64631
7 -0.332296 -0.327749
8 -0.929265 2.91292
9 -0.00987816 3.19969
10 -0.978053 4.73101
11 -1.14748 4.46028
12 -1.68969 4.56555
13 -1.70573 4.22635
14 -1.77268 4.22696
15 -1.77283 4.13082
16 -1.76111 4.13082
17 -1.76111 4.11982
18 -1.75748 4.11982
19 -1.75748 4.1194
20 -1.75708 4.1194
21 -1.75708 4.11943
22 -1.75706 4.11943
23 -1.75706 4.11944
24 -1.75706 4.11944
25 -1.75706 4.11944
26 -1.75706 4.11944
27 -1.75706 4.11944
28 -1.75706 4.11944
29 -1.75706 4.11944
30 -1.75706 4.11944
31 -1.75706 4.11944
32 -1.75706 4.11944
33 -1.75706 4.11944
34 -1.75706 4.11944
35 -1.75706 4.11944
36 -1.75706 4.11944
37 -1.75706 4.11944
38 -1.75706 4.11944
39 -1.75706 4.11944
40 -1.75706 4.11944
41 -1.75706 4.11944
42 -1.75706 4.11944
43 -1.75706 4.11944
44 -1.75706 4.11944
45 -1.75706 4.11944
46 -1.75706 4.11944
47 -1.75706 4.11944
48 -1.75706 4.11944
49 -1.75706 4.11944
50 -1.75706 4.11944
