0 0.0123933 -24.7867
1 -7.63817 -24.7905
2 -7.63052 -40.1037
3 -4.64702 -40.1022
4 -4.66704 -0.0589455
5 5.38365 -0.0539199
6 5.36367 39.9076
7 8.65263 39.9092
8 8.66024 24.6916
9 -0.587681 24.6869
10 -0.563158 -24.3519
11 -10.6043 -24.3569
12 -10.5968 -39.426
13 -6.39986 -39.4239
14 -6.41944 -0.259163
15 8.51728 -0.251692
16 8.49787 38.5494
17 13.5877 38.5519
18 13.595 23.9048
19 -1.11026 23.8974
20 -1.08689 -22.8092
21 -17.303 -22.8173
22 -17.2959 -36.9897
23 -10.4786 -36.9863
24 -10.4968 -0.705175
25 13.716 -0.693057
26 13.6983 34.6068
27 21.8812 34.6109
28 21.8877 21.5702
29 -1.44598 21.5585
30 -1.42569 -18.9671
31 -26.7251 -18.9797
32 -26.7191 -30.9029
33 -16.2932 -30.8977
34 -16.3079 -1.4859
35 19.9009 -1.46777
36 19.8872 25.8915
37 31.8279 25.8975
38 31.8327 16.3315
39 -1.32938 16.3149
40 -1.31547 -11.4416
41 -36.2713 -11.4591
42 -36.2675 -18.9409
43 -22.2883 -18.9338
44 -22.2965 -2.49544
45 24.7253 -2.47186
46 24.7187 10.5415
47 39.7052 10.549
48 39.707 6.98748
49 -0.419402 6.96735
50 -0.416058 0.303593
51 -41.0775 0.283183
52 -41.0773 -0.191709
53 -25.4982 -0.183886
54 -25.4967 -3.26388
55 24.5016 -3.23876
56 24.5054 -10.7676
57 39.632 -10.76
58 39.6296 -6.16025
59 1.42931 -6.17945
60 1.41903 14.2753
61 -34.791 14.2571
62 -34.7951 22.2645
63 -21.9586 22.271
64 -21.9459 -2.92409
65 15.6023 -2.9052
66 15.6169 -32.0457
67 25.7493 -32.0406
68 25.743 -19.5538
69 3.66547 -19.5649
70 3.64322 24.6034
71 -13.429 24.5948
72 -13.4363 39.1675
73 -9.01457 39.1698
74 -8.99449 -0.666541
75 -1.97464 -0.663001
76 -1.95412 -41.3451
77 -2.14698 -41.3452
78 -2.1548 -25.8381
79 4.68281 -25.8347
80 4.65816 23.004
81 17.816 23.0107
82 17.8088 37.2861
83 10.4428 37.2824
84 10.46 3.11604
85 -20.4671 3.10041
86 -20.452 -26.8069
87 -31.972 -26.8128
88 -31.9768 -17.3955
89 2.51658 -17.378
90 2.505 5.5029
91 40.3238 5.52204
92 40.3215 9.9625
93 25.0618 9.95477
94 25.0639 5.76179
95 -25.2827 5.73627
96 -25.2845 9.28229
97 -40.5794 9.27453
98 -40.5772 4.95342
99 -2.75965 4.97261
100 -2.74785 -18.2626
101 31.3029 -18.2453
102 31.3079 -28.0509
103 20.3045 -28.0565
104 20.2884 3.54324
105 -7.18842 3.52927
106 -7.20686 39.79
107 -12.7599 39.7871
108 -12.7522 24.7516
109 -6.719 24.7546
110 -6.6934 -25.5163
111 -9.60791 -25.5178
112 -9.60012 -40.8018
113 -5.06391 -40.7995
114 -5.08294 -3.47832
115 20.1099 -3.46547
116 20.0933 29.1598
117 30.7672 29.1652
118 30.7723 19.2039
119 -3.31976 19.1865
120 -3.30842 -3.01331
121 -41.7021 -3.03293
122 -41.7004 -6.34284
123 -26.2314 -6.33493
124 -26.2308 -7.63296
125 23.4174 -7.60754
126 23.4232 -18.9455
127 37.6702 -18.9382
128 37.6661 -10.9903
129 5.7028 -11.0067
130 5.68438 24.8983
131 -18.719 24.8858
132 -18.726 38.4199
133 -12.9798 38.4229
134 -12.9595 -1.00153
135 -7.42753 -0.99869
136 -7.40664 -41.6205
137 -9.91744 -41.6217
138 -9.92507 -26.7978
139 7.35638 -26.7889
140 7.33473 15.2312
141 34.1285 15.245
142 34.1233 25.3406
143 21.0252 25.3338
144 21.0338 8.7169
145 -27.2545 8.69197
146 -27.2518 3.40742
147 -42.7585 3.39941
148 -42.7572 0.859021
149 -4.1406 0.878991
150 -4.12899 -21.5616
151 29.0302 -21.5444
152 29.0358 -32.3012
153 19.6436 -32.3061
154 19.6251 3.36985
155 2.82096 3.36114
156 2.80027 43.2395
157 2.36084 43.2392
158 2.36882 27.874
159 -9.19068 27.868
160 -9.1672 -17.2957
161 -32.4132 -17.3078
162 -32.4074 -28.4009
163 -19.9376 -28.3944
164 -19.9472 -10.0029
165 27.8475 -9.97802
166 27.8446 -4.35059
167 43.3225 -4.34252
168 43.3209 -1.32255
169 5.46942 -1.34232
170 5.45606 24.2384
171 -25.347 24.2222
172 -25.3533 36.1475
173 -17.6933 36.1515
174 -17.6733 -1.99556
175 -9.29995 -1.99118
176 -9.27872 -42.495
177 -12.137 -42.4965
178 -12.1446 -28.0427
179 8.80446 -28.0317
180 8.78477 9.45596
181 40.6421 9.47271
182 40.6383 16.6486
183 25.863 16.6408
184 25.8654 12.0163
185 -24.0336 11.99
186 -24.039 22.3011
187 -37.9879 22.2937
188 -37.983 13.1409
189 -10.4867 13.1554
190 -10.4643 -29.2967
191 3.97281 -29.2891
192 3.98086 -44.5084
193 4.31163 -44.5083
194 4.29071 -5.01364
195 24.2982 -5.00303
196 24.2807 28.1641
197 35.4259 28.1701
198 35.4303 19.8969
199 -2.31177 19.8768
200 -2.30742 11.6788
201 -42.6862 11.6573
202 -42.6881 15.3239
203 -28.7523 15.3313
204 -28.7393 -9.07343
205 4.03369 -9.05596
206 4.05251 -44.3187
207 8.62747 -44.3162
208 8.61926 -28.9593
209 13.3687 -28.9567
210 13.3434 18.2643
211 34.1324 18.2754
212 34.1264 29.5109
213 21.4265 29.5041
214 21.4346 14.2632
215 -27.7058 14.2369
216 -27.7068 16.0939
217 -42.5788 16.0859
218 -42.575 8.92393
219 -11.8307 8.94048
220 -11.8092 -30.8666
221 4.75416 -30.8577
222 4.7623 -45.9487
223 5.13748 -45.9485
224 5.11638 -6.89609
225 27.9504 -6.88375
226 27.9338 23.8393
227 40.2895 23.8459
228 40.2929 17.7246
229 0.654555 17.7031
230 0.653125 20.3381
231 -37.9856 20.3171
232 -37.9897 27.9478
233 -26.778 27.9539
234 -26.7597 -5.68855
235 -9.95269 -5.6794
236 -9.93088 -45.6942
237 -11.9522 -45.6953
238 -11.96 -31.3766
239 11.1685 -31.3639
240 11.1506 1.2873
241 46.9435 1.30688
242 46.9416 4.80345
243 31.5851 4.79504
244 31.5794 15.1797
245 -11.8272 15.1559
246 -11.8424 42.7378
247 -20.0667 42.7333
248 -20.0587 28.1417
249 -17.4813 28.1431
250 -17.4544 -20.6372
251 -34.6052 -20.6467
252 -34.5987 -32.4249
253 -22.1166 -32.418
254 -22.1245 -18.1298
255 27.2158 -18.1025
256 27.2192 -24.1744
257 41.2707 -24.1666
258 41.2654 -14.6282
259 17.3804 -14.6414
260 17.3547 31.4975
261 12.8877 31.495
262 12.8793 46.6351
263 6.65339 46.6317
264 6.67069 15.5878
265 -33.7201 15.5653
266 -33.7125 1.85296
267 -48.9724 1.84444
268 -48.9708 -1.06737
269 -13.1277 -1.04732
270 -13.109 -34.2936
271 8.19314 -34.2816
272 8.20138 -48.9581
273 8.05108 -48.9582
274 8.02938 -10.3426
275 33.6924 -10.3282
276 33.6771 16.8488
277 47.3311 16.8565
278 47.3327 14.0441
279 7.51497 14.0216
280 7.5046 32.3809
281 -23.9738 32.3631
282 -23.9808 44.7882
283 -18.9701 44.7911
284 -18.9475 4.85911
285 -30.7695 4.8524
286 -30.75 -29.6048
287 -41.9269 -29.6112
288 -41.9308 -22.8715
289 -2.52727 -22.8491
290 -2.52365 -29.1955
291 33.8779 -29.1747
292 33.8836 -39.2243
293 25.8554 -39.2289
294 25.8333 -0.622984
295 27.9202 -0.621788
296 27.8987 36.9634
297 37.0393 36.9686
298 37.0444 28.0495
299 -0.782814 28.0277
300 -0.782299 27.1351
301 -39.0177 27.1131
302 -39.0226 35.6265
303 -29.5681 35.632
304 -29.5465 -1.63644
305 -26.9705 -1.63495
306 -26.9482 -40.1492
307 -35.1528 -40.1539
308 -35.1584 -30.4887
309 1.88887 -30.4672
310 1.88714 -27.5017
311 40.396 -27.4793
312 40.4008 -35.7094
313 30.8357 -35.715
314 30.814 1.48753
315 28.7506 1.48632
316 28.7282 39.7141
317 37.3161 39.7191
318 37.3215 30.5705
319 -0.373653 30.5483
320 -0.37373 30.68
321 -37.9738 30.6579
322 -37.9793 39.9156
323 -29.5875 39.9206
324 -29.5648 1.51344
325 -33.1799 1.51131
326 -33.1583 -34.9676
327 -43.356 -34.9736
328 -43.3603 -27.717
329 -4.22374 -27.6938
330 -4.21877 -36.0475
331 30.43 -36.0269
332 30.4368 -47.3645
333 24.7373 -47.3679
334 24.7137 -7.77401
335 38.9639 -7.76549
336 38.9448 24.0772
337 51.5154 24.0848
338 51.5176 20.4005
339 12.1147 20.3768
340 12.102 41.4725
341 -15.6697 41.4558
342 -15.678 55.2014
343 -14.4767 55.2021
344 -14.4537 17.087
345 -42.9704 17.0697
346 -42.957 -5.1032
347 -57.6207 -5.11209
348 -57.6196 -6.82203
349 -22.3746 -6.80062
350 -22.3527 -42.7262
351 -7.47271 -42.7172
352 -7.46351 -57.7982
353 -2.52981 -57.7952
354 -2.54835 -27.4597
355 39.9414 -27.4337
356 39.9378 -21.5192
357 54.665 -21.5102
358 54.66 -13.2565
359 31.6004 -13.2707
360 31.5714 33.8734
361 35.9806 33.8761
362 35.9723 47.2169
363 24.6349 47.2099
364 24.6431 33.8525
365 -24.0296 33.8223
366 -24.0391 49.2093
367 -34.7668 49.2026
368 -34.7582 35.4596
369 -33.1666 35.4606
370 -33.138 -10.4262
371 -59.0071 -10.4423
372 -59.0029 -17.2813
373 -44.0443 -17.2719
374 -44.0372 -28.585
375 -6.12764 -28.5612
376 -6.10609 -62.8565
377 -4.24825 -62.8554
378 -4.25738 -48.3671
379 19.5461 -48.352
380 19.5306 -23.8009
381 58.4017 -23.7763
382 58.404 -27.505
383 46.4173 -27.5126
384 46.3959 6.26796
385 39.6946 6.26369
386 39.6704 44.1864
387 48.779 44.1922
388 48.7837 36.767
389 9.8809 36.7421
390 9.87233 50.1298
391 -20.5505 50.1103
392 -20.559 63.3265
393 -19.306 63.3273
394 -19.2821 26.1817
395 -51.3947 26.161
396 -51.384 9.56444
397 -66.3164 9.55478
398 -66.3128 4.03738
399 -38.7488 4.05526
400 -38.7196 -40.9582
401 -40.3012 -40.9593
402 -40.2925 -54.3716
403 -28.9106 -54.3642
404 -28.9178 -43.2898
405 18.9345 -43.2585
406 18.9478 -63.5373
407 27.434 -63.5318
408 27.4244 -48.8891
409 36.495 -48.8831
410 36.4698 -10.7116
411 70.8417 -10.6889
412 70.841 -9.69155
413 56.9037 -9.70077
414 56.8855 17.815
415 39.9758 17.8038
416 39.95 56.6408
417 47.0659 56.6456
418 47.0718 47.7578
419 9.01835 47.7323
420 9.01122 58.3967
421 -21.7599 58.3761
422 -21.7688 71.5596
423 -21.1485 71.56
424 -21.1243 35.7075
425 -56.6797 35.6835
426 -56.672 24.3056
427 -71.3486 24.2957
428 -71.3431 16.1099
429 -51.2946 16.1235
430 -51.2622 -31.5898
431 -64.414 -31.5987
432 -64.4069 -41.9993
433 -50.4074 -41.9898
434 -50.4043 -46.5127
435 -9.99933 -46.4851
436 -9.97673 -79.4267
437 -8.47046 -79.4257
438 -8.48001 -65.5409
439 19.4068 -65.5217
440 19.3967 -50.8867
441 57.6666 -50.8602
442 57.6724 -59.2285
443 50.4642 -59.2335
444 50.4374 -20.6383
445 69.4766 -20.625
446 69.4593 4.22632
447 83.7986 4.23634
448 83.7963 7.56679
449 54.1055 7.54598
450 54.0748 51.2494
451 56.2206 51.2509
452 56.2116 64.0018
453 43.8726 63.9931
454 43.8755 59.8993
455 -0.600614 59.8678
456 -0.620925 88.5035
457 -4.37941 88.5008
458 -4.36919 74.1423
459 -28.9541 74.1248
460 -28.9409 55.5943
461 -67.2813 55.5669
462 -67.2869 63.3419
463 -59.8392 63.3472
464 -59.8116 24.9713
465 -79.7327 24.9569
466 -79.7159 1.60601
467 -94.1723 1.59555
468 -94.169 -2.99008
469 -67.5971 -2.9708
470 -67.564 -48.5821
471 -75.6895 -48.588
472 -75.6814 -59.7438
473 -62.0568 -59.7338
474 -62.0535 -64.286
475 -23.3485 -64.2576
476 -23.3233 -98.5333
477 -23.8335 -98.5337
478 -23.8428 -85.9441
479 8.98138 -85.9199
480 8.98001 -84.0747
481 43.1955 -84.0493
482 43.2044 -96.0444
483 41.7077 -96.0455
484 41.6815 -60.8986
485 78.8714 -60.8708
486 78.867 -54.9345
487 92.5473 -54.9242
488 92.5389 -43.8727
489 84.9901 -43.8784
490 84.9562 0.958808
491 112.943 0.979973
492 112.94 4.32685
493 98.973 4.31624
494 98.9523 31.5966
495 87.1064 31.5876
496 87.0783 68.3136
497 97.3293 68.3215
498 97.3322 64.4946
499 60.5582 64.4663
500 60.5328 97.4328
501 50.4604 97.4251
502 50.4496 111.451
503 40.2191 111.443
504 40.2266 101.698
505 -4.96866 101.663
506 -4.98984 128.836
507 -8.44051 128.833
508 -8.42967 114.972
509 -36.2533 114.95
510 -36.2456 105.142
511 -72.1191 105.113
512 -72.1277 116.081
513 -69.6671 116.083
514 -69.6392 80.8048
515 -106.483 80.7755
516 -106.48 76.2272
517 -119.641 76.2167
518 -119.631 64.3526
519 -117.38 64.3544
520 -117.347 23.1291
521 -149.76 23.1031
522 -149.76 23.2734
523 -137.575 23.2832
524 -137.547 -10.5067
525 -141.912 -10.5103
526 -141.887 -40.5464
527 -155.295 -40.5573
528 -155.293 -43.2223
529 -127.605 -43.1997
530 -127.569 -87.9927
531 -138.306 -88.0015
532 -138.299 -97.4703
533 -124.136 -97.4586
534 -124.124 -112.202
535 -97.8091 -112.18
536 -97.7779 -149.664
537 -104.995 -149.67
538 -105.001 -143.119
539 -67.6959 -143.088
540 -67.672 -171.593
541 -55.3109 -171.583
542 -55.2992 -185.482
543 -44.9577 -185.474
544 -44.9636 -178.52
545 -2.20466 -178.483
546 -2.17853 -209.217
547 -1.79504 -209.217
548 -1.80542 -197.077
549 31.9992 -197.048
550 32.0049 -203.667
551 59.8703 -203.643
552 59.8822 -217.405
553 64.4368 -217.401
554 64.4171 -194.606
555 110.327 -194.566
556 110.343 -213.002
557 116.683 -212.997
558 116.67 -198.909
559 141.225 -198.888
560 141.215 -187.28
561 176.24 -187.249
562 176.25 -198.665
563 175.715 -198.666
564 175.687 -167.252
565 217.725 -167.214
566 217.731 -174.251
567 227.66 -174.242
568 227.648 -160.309
569 243.1 -160.295
570 243.079 -137.001
571 279.972 -136.968
572 279.98 -145.861
573 276.077 -145.864
574 276.045 -110.923
575 312.977 -110.889
576 312.976 -110.338
577 324.611 -110.327
578 324.599 -97.1218
579 334.121 -97.113
580 334.094 -68.0716
581 370.83 -68.0375
582 370.836 -75.3694
583 365.356 -75.3745
584 365.323 -39.4991
585 399.368 -39.4672
586 399.365 -35.8527
587 411.483 -35.8412
588 411.471 -23.0049
589 419.286 -22.9975
590 419.258 7.09753
591 455.763 7.13231
592 455.77 -0.0510551
593 450.349 -0.056247
594 450.315 35.5321
595 485.016 35.5655
596 485.014 37.711
597 496.693 37.7223
598 496.681 50.8367
599 507.185 50.8469
600 507.159 77.6659
601 543.656 77.7017
602 543.664 69.2329
603 539.937 69.2292
604 539.903 103.117
605 578.415 103.155
606 578.419 99.3136
607 588.521 99.3237
608 588.507 113.04
609 605.734 113.057
610 605.716 131.445
611 641.042 131.481
612 641.053 120.68
613 640.794 120.679
614 640.764 149.732
615 683.984 149.777
616 683.998 135.807
617 690.76 135.814
618 690.746 149.475
619 717.24 149.503
620 717.236 153.121
621 747.303 153.152
622 747.316 140.019
623 752.177 140.024
624 752.157 158.499
625 796.325 158.546
626 796.352 132.364
627 797.465 132.366
628 797.453 143.739
629 831.906 143.776
630 831.924 126.987
631 849.21 127.005
632 849.224 113.504
633 859.683 113.516
634 859.682 114.159
635 894.463 114.197
636 894.501 79.1422
637 888.212 79.1353
638 888.206 84.4932
639 922.514 84.5309
640 922.555 47.6943
641 918.684 47.69
642 918.695 38.225
643 932.31 38.2402
644 932.333 17.1769
645 942.799 17.1886
646 942.835 -14.7382
647 930.323 -14.7523
648 930.328 -18.7563
649 949.44 -18.7346
650 949.489 -62.2924
651 922.799 -62.3229
652 922.8 -62.4942
653 933.194 -62.4822
654 933.235 -97.5352
655 910.188 -97.5619
656 910.2 -108.137
657 897.801 -108.152
658 897.816 -120.395
659 888.068 -120.407
660 888.096 -144.073
661 853.127 -144.114
662 853.114 -133.774
663 852.765 -133.774
664 852.796 -159.57
665 809.372 -159.622
666 809.347 -138.69
667 806.598 -138.693
668 806.612 -150.333
669 773.131 -150.373
670 773.109 -132.641
671 758.908 -132.659
672 758.893 -119.922
673 747.207 -119.937
674 747.197 -112.071
675 722.565 -112.101
676 722.521 -77.3851
677 732.834 -77.3722
678 732.833 -76.6533
679 708.45 -76.6842
680 708.395 -33.4867
681 731.542 -33.4572
682 731.541 -32.169
683 720.967 -32.1825
684 720.923 2.21925
685 744.89 2.25024
686 744.88 10.0339
687 756.34 10.0489
688 756.324 22.8101
689 772.308 22.8311
690 772.29 36.8282
691 803.839 36.8699
692 803.855 24.5519
693 808.862 24.5586
694 808.843 38.5783
695 849.023 38.6324
696 849.065 7.49166
697 844.913 7.48602
698 844.905 13.5682
699 877.944 13.6133
700 877.996 -23.7734
701 868.658 -23.7863
702 868.667 -30.314
703 881.376 -30.2963
704 881.417 -59.9703
705 870.858 -59.9851
706 870.883 -77.5478
707 858.17 -77.5658
708 858.186 -88.8266
709 849.688 -88.8387
710 849.718 -110.302
711 816.623 -110.349
712 816.607 -99.0126
713 813.091 -99.0177
714 813.115 -115.507
715 772.71 -115.566
716 772.665 -85.3309
717 776.73 -85.3249
718 776.738 -91.0202
719 744.749 -91.0678
720 744.692 -52.6696
721 757.465 -52.6504
722 757.458 -47.8451
723 745.665 -47.863
724 745.617 -15.8301
725 764.817 -15.8007
726 764.802 -6.35458
727 775.948 -6.33737
728 775.929 6.24685
729 794.733 6.27616
730 794.723 13.0365
731 821.441 13.0785
732 821.462 0.264014
733 830.019 0.277607
734 830.018 0.928679
735 858.802 0.974842
736 858.856 -32.5529
737 848.901 -32.569
738 848.904 -34.4531
739 867.613 -34.4225
740 867.679 -74.6222
741 838.272 -74.6708
742 838.265 -70.4333
743 843.182 -70.4251
744 843.233 -100.581
745 803.72 -100.648
746 803.691 -83.1532
747 801.475 -83.157
748 801.492 -93.1215
749 768.313 -93.1785
750 768.262 -63.9839
751 770.564 -63.9799
752 770.551 -56.3077
753 758.155 -56.3294
754 758.105 -27.5594
755 771.666 -27.5354
756 771.644 -15.4036
757 782.814 -15.3836
758 782.792 -3.11979
759 802.24 -3.08456
760 802.234 0.0341709
761 825.441 0.0766648
762 825.464 -12.4297
763 835.657 -12.4108
764 835.672 -20.4364
765 853.407 -20.4033
766 853.463 -50.3107
767 841.454 -50.3334
768 841.468 -57.3389
769 844.671 -57.3327
770 844.726 -85.995
771 812.274 -86.0578
772 812.254 -75.8041
773 808.801 -75.8108
774 808.826 -88.6018
775 773.266 -88.6723
776 773.203 -56.9091
777 781.05 -56.8934
778 781.049 -56.8082
779 760.933 -56.849
780 760.854 -17.9114
781 789.861 -17.8518
782 789.872 -23.1396
783 787.09 -23.1454
784 787.038 2.02472
785 826.756 2.10825
786 826.809 -23.1693
787 823.886 -23.1755
788 823.875 -18.1521
789 852.18 -18.0911
790 852.265 -56.9972
791 830.824 -57.044
792 830.822 -56.0875
793 837.465 -56.0729
794 837.532 -86.0902
795 800.143 -86.174
796 800.103 -68.0718
797 799.583 -68.073
798 799.6 -75.784
799 768.807 -75.8548
800 768.724 -40.0078
801 784.365 -39.9713
802 784.361 -38.4927
803 776.047 -38.5124
804 775.974 -7.48926
805 810.713 -7.40608
806 810.747 -21.6692
807 812.671 -21.6646
808 812.65 -13.144
809 843.601 -13.0678
810 843.686 -47.3796
811 829.629 -47.4147
812 829.634 -49.279
813 837.998 -49.2578
814 838.076 -79.9208
815 803.458 -80.0097
816 803.42 -64.985
817 802.117 -64.9884
818 802.138 -72.8219
819 772.062 -72.9015
820 771.967 -37.3829
821 789.049 -37.337
822 789.048 -37.1027
823 782.172 -37.1214
824 782.093 -8.17733
825 818.764 -8.07575
826 818.82 -28.1063
827 817.487 -28.1101
828 817.472 -22.6982
829 844.345 -22.6214
830 844.453 -60.1279
831 820.947 -60.1962
832 820.937 -56.8424
833 824.302 -56.8325
834 824.371 -80.1994
835 787.155 -80.311
836 787.073 -53.4064
837 792.771 -53.389
838 792.773 -54.0968
839 774.843 -54.1525
840 774.734 -19.3454
841 804.078 -19.2527
842 804.104 -27.3568
843 806.567 -27.3488
844 806.534 -17.0989
845 835.784 -17.0033
846 835.882 -46.6867
847 825.74 -46.7205
848 825.76 -52.5787
849 826.218 -52.5772
850 826.286 -72.3796
851 799.591 -72.4718
852 799.552 -61.2522
853 790.626 -61.2836
854 790.589 -50.736
855 784.086 -50.7593
856 784.016 -31.3112
857 794.696 -31.2722
858 794.656 -20.4064
859 815.533 -20.3286
860 815.567 -29.5828
861 823.472 -29.5527
862 823.503 -37.5753
863 834.288 -37.5335
864 834.397 -65.2424
865 810.079 -65.3386
866 810.054 -58.9407
867 806.809 -58.9538
868 806.842 -66.9871
869 778.895 -67.1024
870 778.753 -33.0908
871 798.712 -33.0066
872 798.724 -35.8042
873 796.017 -35.8159
874 795.931 -16.2164
875 829.426 -16.0689
876 829.55 -43.8588
877 821.296 -43.896
878 821.313 -47.7842
879 824.952 -47.7674
880 825.047 -68.1283
881 799.779 -68.2476
882 799.728 -57.5512
883 790.51 -57.5958
884 790.438 -42.9276
885 792.773 -42.9161
886 792.717 -31.6976
887 800.994 -31.6556
888 800.941 -21.2821
889 827.481 -21.144
890 827.612 -45.9385
891 818.374 -45.9879
892 818.381 -47.3231
893 824.251 -47.2909
894 824.384 -71.1498
895 790.715 -71.3394
896 790.573 -46.4474
897 797.223 -46.4089
898 797.209 -43.9541
899 791.448 -43.9883
900 791.323 -23.3747
901 815.492 -23.2267
902 815.556 -33.4731
903 824.808 -33.4148
904 824.916 -50.3809
905 816.834 -50.4334
906 816.867 -55.4547
907 810.937 -55.4944
908 810.996 -64.2982
909 784.723 -64.4795
910 784.509 -33.9413
911 803.238 -33.8079
912 803.264 -37.4359
913 802.769 -37.4395
914 802.681 -25.6903
915 827.496 -25.5015
916 827.689 -50.4151
917 817.936 -50.4919
918 818.003 -58.8676
919 803.216 -58.9881
920 803.161 -52.3777
921 798.33 -52.4185
922 798.284 -47.0225
923 790.217 -47.0932
924 789.996 -22.3049
925 820.484 -22.0274
926 820.678 -42.8921
927 815.314 -42.9429
928 815.333 -44.9562
929 819.472 -44.9154
930 819.632 -60.7839
931 800.001 -60.9854
932 799.906 -51.9567
933 790.589 -52.0565
934 790.35 -30.1704
935 810.801 -29.9416
936 810.906 -39.0878
937 810.641 -39.0909
938 810.606 -36.1434
939 825.652 -35.9589
940 825.969 -61.22
941 802.665 -61.5199
942 802.547 -52.5845
943 794.608 -52.6919
944 794.388 -36.8256
945 805.842 -36.6624
946 805.868 -38.4328
947 808.077 -38.3996
948 808.003 -33.5906
949 825.974 -33.305
950 826.407 -59.7943
951 803.713 -60.1765
952 803.569 -51.8782
953 796.424 -52.006
954 796.166 -38.0069
955 806.194 -37.8159
956 806.226 -39.4439
957 808.082 -39.4061
958 807.995 -35.2872
959 823.669 -34.9454
960 824.205 -58.6448
961 803.14 -59.1385
962 802.942 -51.0113
963 795.349 -51.2034
964 794.901 -34.1506
965 811.072 -33.7075
966 811.309 -42.0182
967 810.121 -42.0536
968 810.095 -41.2356
969 817.197 -41.0039
970 817.681 -55.181
971 802.668 -55.7195
972 802.415 -49.0078
973 795.135 -49.2968
974 794.319 -29.8274
975 817.619 -28.7965
976 818.43 -46.1061
977 812.702 -46.3907
978 812.946 -51.0054
979 804.191 -51.4986
980 803.804 -45.0663
981 805.409 -44.9628
982 805.36 -44.2441
983 803.403 -44.3902
984 802.755 -36.379
985 815.699 -35.2436
986 816.89 -47.7002
987 811.563 -48.2574
988 812.219 -53.9663
989 796.739 -55.9314
990 794.024 -36.6641
991 809.347 -34.2544
992 810.341 -39.8855
993 815.654 -38.8256
994 818.579 -51.7164
995 804.066 -55.4881
996 800.911 -44.9698
997 804.452 -43.7338
998 803.194 -40.6631
999 810.053 -37.3356
1000 814.179 -44.4517
1001 809.428 -47.7774
1002 808.172 -46.3056
1003 807 -47.5391
1004 803.854 -45.1391
1005 806.129 -41.382
1006 809.04 -42.7658
1007 808.651 -43.8212
1008 809.643 -44.1019
1009 809.124 -46.519
1010 806.372 -46.0764
1011 806.614 -44.0463
1012 807.314 -44.1074
1013 807.353 -43.4825
1014 808.8 -43.5481
1015 808.75 -45.1145
1016 807.65 -45.0897
1017 807.656 -44.7283
1018 807.347 -44.725
1019 807.352 -44.0415
1020 808.062 -44.045
1021 808.061 -44.5244
1022 807.909 -44.524
1023 807.909 -44.6491
1024 807.64 -44.6489
1025 807.641 -44.3789
1026 807.818 -44.379
1027 807.818 -44.4334
1028 807.861 -44.4334
1029 807.861 -44.5246
1030 807.772 -44.5246
1031 807.772 -44.4674
1032 807.789 -44.4674
1033 807.789 -44.4539
1034 807.816 -44.4539
1035 807.816 -44.4803
1036 807.8 -44.4803
1037 807.8 -44.4754
1038 807.796 -44.4754
1039 807.796 -44.468
1040 807.803 -44.468
1041 807.803 -44.4723
1042 807.802 -44.4723
1043 807.802 -44.4732
1044 807.8 -44.4732
1045 807.8 -44.4715
1046 807.801 -44.4715
1047 807.801 -44.4718
1048 807.801 -44.4718
1049 807.801 -44.4722
1050 807.801 -44.4722
1051 807.801 -44.472
1052 807.801 -44.472
1053 807.801 -44.4719
1054 807.801 -44.4719
1055 807.801 -44.472
1056 807.801 -44.472
1057 807.801 -44.472
1058 807.801 -44.472
1059 807.801 -44.472
1060 807.801 -44.472
1061 807.801 -44.472
1062 807.801 -44.472
1063 807.801 -44.472
1064 807.801 -44.472
1065 807.801 -44.472
1066 807.801 -44.472
1067 807.801 -44.472
1068 807.801 -44.472
1069 807.801 -44.472
1070 807.801 -44.472
1071 807.801 -44.472
1072 807.801 -44.472
1073 807.801 -44.472
1074 807.801 -44.472
1075 807.801 -44.472
1076 807.801 -44.472
1077 807.801 -44.472
1078 807.801 -44.472
1079 807.801 -44.472
1080 807.801 -44.472
1081 807.801 -44.472
1082 807.801 -44.472
1083 807.801 -44.472
1084 807.801 -44.472
1085 807.801 -44.472
1086 807.801 -44.472
1087 807.801 -44.472
1088 807.801 -44.472
1089 807.801 -44.472
1090 807.801 -44.472
1091 807.801 -44.472
1092 807.801 -44.472
1093 807.801 -44.472
1094 807.801 -44.472
1095 807.801 -44.472
1096 807.801 -44.472
1097 807.801 -44.472
1098 807.801 -44.472
1099 807.801 -44.472
1100 807.801 -44.472
