0 0.00999268 -1.99861
1 -4.75767 -2.02245
2 -4.7751 1.46032
3 7.56255 1.52209
4 7.57063 -0.0900656
5 -7.25015 -0.164445
6 -7.23975 -2.23272
7 4.08672 -2.17567
8 4.05143 4.81604
9 0.158988 4.79634
10 0.214272 -6.09537
11 -2.99788 -6.11172
12 -3.05225 4.5282
13 2.78648 4.55814
14 2.81034 -0.0742645
15 -0.194935 -0.089812
16 -0.169483 -4.98619
17 -1.84123 -4.99492
18 -1.90535 7.21179
19 0.406138 7.22401
20 0.470945 -4.96828
21 4.27665 -4.94792
22 4.24624 0.697375
23 -8.14931 0.630137
24 -8.14945 0.656817
25 7.05312 0.74055
26 7.03997 3.10962
27 -1.97476 3.05913
28 -1.91249 -7.96065
29 -0.83987 -7.95453
30 -0.929381 7.58742
31 -2.73577 7.57691
32 -2.67954 -1.98899
33 8.11604 -1.92482
34 8.11054 -1.00923
35 -7.13826 -1.10197
36 -7.12363 -3.47877
37 0.649879 -3.43031
38 0.574727 8.46649
39 1.06976 8.46966
40 1.1563 -4.85725
41 4.92533 -4.83242
42 4.90777 -2.20729
43 -7.05326 -2.28855
44 -7.07339 0.627335
45 -0.706913 0.672023
46 -0.740073 5.31568
47 5.28762 5.35949
48 5.33485 -1.0206
49 0.736296 -1.0553
50 0.787883 -7.75845
51 -1.69239 -7.77793
52 -1.78804 4.14788
53 -7.6998 4.09942
54 -7.68208 1.98651
55 6.84228 2.11113
56 6.81751 4.92895
57 3.4513 4.89862
58 3.55353 -6.15975
59 -0.0393548 -6.19386
60 -0.0376944 -6.36399
61 -3.5014 -6.39877
62 -3.61611 4.69052
63 -8.33925 4.64013
64 -8.31834 2.74101
65 5.17486 2.8946
66 5.13361 6.39648
67 6.42804 6.41228
68 6.5197 -0.822591
69 2.32739 -0.877792
70 2.46119 -10.6395
71 2.54671 -10.6383
72 2.43679 -3.27675
73 -8.22073 -3.44331
74 -8.27194 -0.319435
75 -10.2352 -0.353263
76 -10.2738 1.77136
77 -0.440626 1.95995
78 -0.633588 11.4567
79 1.30136 11.4985
80 1.33761 9.92395
81 3.9499 9.98829
82 4.20392 0.388315
83 13.0424 0.640671
84 13.1035 -1.33465
85 13.2087 -1.3311
86 13.2755 -3.13691
87 5.33407 -3.46161
88 5.73978 -12.3773
89 2.79024 -12.528
90 3.14525 -18.6546
91 3.70172 -18.6177
92 3.54973 -16.6513
93 -1.16171 -17.0814
94 -1.43257 -14.613
95 -10.2993 -15.8075
96 -9.84632 -18.4802
97 -16.0409 -19.8391
98 -14.5594 -24.8893
99 -16.0165 -25.4825
100 -14.071 -28.7853
101 -13.4099 -28.1954
102 -11.9456 -29.2266
103 -11.3842 -27.8903
104 -10.9379 -27.9964
105 -10.7842 -26.7909
106 -11.0808 -26.7716
107 -11.0622 -26.1809
108 -11.4932 -26.1746
109 -11.4925 -26.0589
110 -11.7471 -26.0583
