0 0.00999268 -1.99861
1 4.77766 -1.97477
2 4.76024 1.508
3 -7.57741 1.44623
4 -7.56933 -0.165922
5 7.25145 -0.0915423
6 7.26184 -2.15982
7 -4.06463 -2.21687
8 -4.09993 4.77485
9 -0.207487 4.79455
10 -0.152204 -6.09716
11 3.05995 -6.08081
12 3.00558 4.55911
13 -2.83315 4.52917
14 -2.80929 -0.103243
15 0.195986 -0.0876959
16 0.221438 -4.98407
17 1.89318 -4.97534
18 1.82906 7.23138
19 -0.482426 7.21917
20 -0.417618 -4.97312
21 -4.22332 -4.99348
22 -4.25373 0.651817
23 8.14182 0.719055
24 8.14168 0.745734
25 -7.0609 0.662001
26 -7.07405 3.03107
27 1.94068 3.08156
28 2.00295 -7.93822
29 0.930328 -7.94434
30 0.840817 7.59761
31 2.64721 7.60812
32 2.70345 -1.95778
33 -8.09213 -2.02194
34 -8.09763 -1.10634
35 7.15117 -1.0136
36 7.1658 -3.3904
37 -0.607708 -3.43887
38 -0.68286 8.45793
39 -1.1779 8.45476
40 -1.09136 -4.87215
41 -4.86038 -4.89698
42 -4.87794 -2.27186
43 7.08309 -2.1906
44 7.06296 0.72528
45 0.696486 0.680592
46 0.663325 5.32425
47 -5.36436 5.28043
48 -5.31713 -1.09967
49 -0.718567 -1.06496
50 -0.666981 -7.76811
51 1.81329 -7.74863
52 1.71764 4.17718
53 7.6294 4.22564
54 7.64711 2.11272
55 -6.87725 1.9881
56 -6.90202 4.80592
57 -3.53581 4.83625
58 -3.43358 -6.22211
59 0.15931 -6.188
60 0.160971 -6.35813
61 3.62468 -6.32334
62 3.50996 4.76595
63 8.2331 4.81633
64 8.25402 2.91721
65 -5.23918 2.76362
66 -5.28044 6.2655
67 -6.57487 6.2497
68 -6.48321 -0.985171
69 -2.2909 -0.929971
70 -2.1571 -10.6917
71 -2.24262 -10.6929
72 -2.35254 -3.33137
73 8.30499 -3.16482
74 8.25379 -0.0409437
75 10.2171 -0.0071156
76 10.1785 2.1175
77 0.345328 1.9289
78 0.152366 11.4257
79 -1.78259 11.3839
80 -1.74634 9.80934
81 -4.35863 9.745
82 -4.10461 0.145026
83 -12.9431 -0.10733
84 -12.8819 -2.08265
85 -12.987 -2.0862
86 -12.9202 -3.89201
87 -4.97874 -3.56731
88 -4.57302 -12.483
89 -1.62348 -12.3323
90 -1.26847 -18.4589
91 -1.82494 -18.4959
92 -1.97693 -16.5296
93 2.7345 -16.0996
94 2.46364 -13.6312
95 11.3304 -12.4366
96 11.7834 -15.1093
97 17.978 -13.7505
98 19.4594 -18.8007
99 20.9165 -18.2075
100 22.862 -21.5103
101 22.2009 -22.1002
102 23.6653 -23.1313
103 23.1038 -24.4677
104 23.5501 -24.5737
105 23.3964 -25.7792
106 23.0998 -25.76
107 23.0812 -26.3507
108 22.6502 -26.3445
109 22.6495 -26.4602
110 22.3949 -26.4595
