0 0.00999268 -1.99861
1 4.48865 -1.97621
2 4.47074 1.60322
3 -7.3178 1.5442
4 -7.30779 -0.452282
5 7.44162 -0.378261
6 7.44818 -1.68402
7 -4.89897 -1.74621
8 -4.92982 4.36478
9 1.00798 4.39483
10 1.0622 -6.2876
11 2.08107 -6.28241
12 2.01898 5.86814
13 -2.55948 5.84466
14 -2.51659 -2.48378
15 0.359286 -2.4689
16 0.359286 -2.4689
17 2.3367 -2.45857
18 2.29266 5.92406
19 -2.45268 5.89899
20 -2.3928 -5.36521
21 -1.18567 -5.35875
22 -1.22253 1.48513
23 6.00009 1.52431
24 5.99975 1.58536
25 -7.40772 1.51151
26 -7.39942 0.015858
27 3.68975 0.0779658
28 3.7192 -5.13464
29 1.03603 -5.14995
30 0.961602 7.77272
31 -0.735288 7.76284
32 -0.665774 -4.06125
33 -4.53935 -4.08428
34 -4.55416 -1.62068
35 7.23332 -1.54899
36 7.2152 1.39442
37 -2.34712 1.3348
38 -2.36524 4.20365
39 -3.77806 4.19461
40 -3.71686 -5.22894
41 2.03267 -5.19106
42 2.01139 -2.00858
43 3.46054 -1.99873
44 3.40035 6.71899
45 -0.638493 6.69064
46 -0.578876 -1.65802
47 -7.70869 -1.70985
48 -7.70869 -1.70985
49 6.53178 -1.60239
50 6.56044 -5.32645
51 1.46859 -5.36644
52 1.35936 8.25257
53 0.643112 8.2467
54 0.699328 1.54054
55 -6.14741 1.4818
56 -6.09074 -4.96606
57 -2.42119 -4.933
58 -2.44584 -2.26633
59 9.12501 -2.15648
60 9.12564 -2.22158
61 0.461131 -2.3086
62 0.343233 9.08845
63 -1.35148 9.07037
64 -1.28381 2.92469
65 -5.20068 2.8801
66 -5.08968 -6.54238
67 -6.3265 -6.55748
68 -6.36986 -3.13522
69 7.13141 -2.95745
70 7.15751 -4.86186
71 7.40158 -4.85837
72 7.30551 1.57584
73 1.0956 1.47879
74 0.933077 11.3936
75 1.12551 11.3969
76 1.24084 5.04488
77 -6.46988 4.89699
78 -6.33737 -1.62465
79 -12.3294 -1.75402
80 -12.3294 -1.75402
81 -4.23985 -1.55477
82 -4.06541 -8.14729
83 2.86529 -7.9494
84 3.04812 -13.8551
85 3.05843 -13.8547
86 2.84624 -8.1233
87 7.47355 -7.93411
88 7.11894 -0.141526
89 15.5368 0.288565
90 15.4675 1.48382
91 17.2596 1.60296
92 17.1878 2.53307
93 12.686 2.12219
94 11.9572 8.76392
95 9.38331 8.41716
96 7.91733 17.0663
97 10.14 17.5539
98 8.61747 22.7442
99 12.2624 24.2281
100 11.5179 25.492
101 13.6469 27.3918
102 14 27.1431
103 14.612 28.5999
104 15.6332 28.3572
105 15.7057 28.9254
106 16.647 28.8643
107 16.6448 28.7927
108 17.137 28.7856
109 17.1355 28.5481
110 17.2769 28.5477
111 17.2767 28.3868
112 17.2767 28.3868
113 17.2767 28.3219
114 17.2536 28.3219
115 17.2536 28.306
116 17.2399 28.306
117 17.2399 28.3051
118 17.2351 28.3051
119 17.2351 28.3064
120 17.2341 28.3064
