0 -0.12267 2.46239
1 0.743566 2.50618
2 0.479325 7.50387
3 -0.6369 7.4401
4 -0.895698 11.4786
5 -4.97148 11.1722
6 -4.94969 10.9386
7 -8.10771 10.5448
8 -7.36982 6.53914
9 -4.39462 7.46713
10 -5.36279 8.99846
11 -5.91109 8.12236
12 -5.24089 7.99224
13 -5.22105 8.41153
14 -5.43771 8.41352
15 -5.43785 8.31738
16 -5.39993 8.31738
17 -5.39993 8.33097
18 -5.40441 8.33097
19 -5.40441 8.32959
20 -5.40402 8.32959
21 -5.40402 8.3297
22 -5.40404 8.3297
23 -5.40404 8.32969
24 -5.40404 8.32969
25 -5.40404 8.32969
26 -5.40404 8.32969
27 -5.40404 8.32969
28 -5.40404 8.32969
29 -5.40404 8.32969
30 -5.40404 8.32969
31 -5.40404 8.32969
32 -5.40404 8.32969
33 -5.40404 8.32969
34 -5.40404 8.32969
35 -5.40404 8.32969
36 -5.40404 8.32969
37 -5.40404 8.32969
38 -5.40404 8.32969
39 -5.40404 8.32969
40 -5.40404 8.32969
41 -5.40404 8.32969
42 -5.40404 8.32969
43 -5.40404 8.32969
44 -5.40404 8.32969
45 -5.40404 8.32969
46 -5.40404 8.32969
47 -5.40404 8.32969
48 -5.40404 8.32969
49 -5.40404 8.32969
50 -5.40404 8.32969
