0 0.0123933 -24.7867
1 2.93465 -24.7852
2 2.9146 15.3051
3 -4.89629 15.3012
4 -4.88864 0.00604225
5 5.16204 0.0110678
6 5.16968 -15.2529
7 -3.44094 -15.2572
8 -3.46086 24.5832
9 0.07153 24.585
10 0.096053 -24.4538
11 3.93145 -24.4519
12 3.91172 14.9996
13 -7.07606 14.9941
14 -7.06857 0.0344601
15 7.86815 0.0419309
16 7.87556 -14.7788
17 -5.44973 -14.7854
18 -5.46891 23.5613
19 0.148001 23.5641
20 0.171368 -23.1425
21 6.36537 -23.1394
22 6.3468 13.9644
23 -11.5011 13.9554
24 -11.4942 0.0972806
25 12.7185 0.109398
26 12.7253 -13.374
27 -8.69774 -13.3847
28 -8.71483 20.7565
29 0.197847 20.7609
30 0.218137 -19.7646
31 9.88164 -19.7598
32 9.86601 11.4555
33 -17.4295 11.4419
34 -17.4238 0.207559
35 18.785 0.225696
36 18.7902 -10.2246
37 -12.471 -10.2403
38 -12.4836 14.8037
39 0.183238 14.8101
40 0.197149 -12.9465
41 13.5491 -12.9398
42 13.5393 6.64764
43 -23.0589 6.62929
44 -23.0557 0.350373
45 23.9661 0.373955
46 23.9686 -4.5967
47 -15.2665 -4.61639
48 -15.2712 4.70781
49 0.0557025 4.71551
50 0.0590469 -1.94825
51 15.5903 -1.94045
52 15.5897 -0.69717
53 -25.1968 -0.717649
54 -25.1974 0.458802
55 24.8009 0.483915
56 24.7995 3.35968
57 -14.8023 3.33978
58 -14.7962 -8.70255
59 -0.205006 -8.69521
60 -0.215289 11.7596
61 13.6157 11.7665
62 13.6263 -9.19707
63 -19.98 -9.21397
64 -19.9848 0.409685
65 17.5634 0.428579
66 17.5578 11.5593
67 -8.96901 11.5459
68 -8.95255 -21.1451
69 -0.519683 -21.1408
70 -0.541931 23.0275
71 5.97906 23.0308
72 5.99828 -15.1211
73 -5.57795 -15.1269
74 -5.58562 0.0891865
75 1.43423 0.0927262
76 1.42639 15.6319
77 1.93129 15.6322
78 1.95178 -24.9659
79 -0.65996 -24.9672
80 -0.684616 23.8715
81 -5.71046 23.869
82 -5.69158 -13.5046
83 13.5928 -13.4948
84 13.5862 -0.444435
85 -17.3409 -0.460067
86 -17.3467 10.9635
87 12.8132 10.9788
88 12.8256 -13.676
89 -0.349656 -13.6826
90 -0.361237 9.19829
91 -14.8067 9.19098
92 -14.8008 -2.4343
93 25.1498 -2.41407
94 25.149 -0.812489
95 -25.1976 -0.838007
96 -25.1969 -2.19246
97 14.8457 -2.17216
98 14.8399 9.14066
99 0.394885 9.13333
100 0.406679 -14.1019
101 -12.5996 -14.1085
102 -12.6126 11.5629
103 16.1947 11.5776
104 16.2009 -0.492481
105 -11.276 -0.50645
106 -11.2689 -14.3568
107 3.26911 -14.3494
108 3.24907 25.0142
109 0.944582 25.0131
110 0.97018 -25.2579
111 2.08343 -25.2573
112 2.06304 14.7566
113 -9.81292 14.7506
114 -9.80565 0.495177
115 15.3872 0.508028
116 15.3936 -11.9537
117 -12.5513 -11.968
118 -12.5646 14.1112
119 0.457441 14.1179
120 0.468785 -8.08187
121 15.1339 -8.07438
122 15.1294 0.591077
123 -25.3688 0.570359
124 -25.3691 1.06616
125 24.2791 1.09158
126 24.2768 5.4223
127 -13.0223 5.40319
128 -13.0116 -15.4046
129 -0.802709 -15.3983
130 -0.821126 20.5067
131 8.50015 20.5115
132 8.51834 -14.9214
133 -6.52551 -14.9291
134 -6.53325 0.12965
135 -1.00128 0.132494
136 -1.00926 15.6486
137 5.56411 15.652
138 5.58408 -23.1576
139 -1.01684 -23.161
140 -1.03849 18.8592
141 -11.2728 18.8539
142 -11.2592 -7.57658
143 23.032 -7.55889
144 23.0287 -1.21178
145 -25.2596 -1.23671
146 -25.2606 0.781807
147 15.3366 0.802782
148 15.3332 7.45361
149 0.582962 7.44598
150 0.594572 -14.9946
151 -12.0711 -15.0011
152 -12.0857 13.1606
153 12.5033 13.1733
154 12.5104 -0.453688
155 -4.29372 -0.462402
156 -4.28582 -15.6946
157 -3.13538 -15.694
158 -3.15627 24.5327
159 1.25906 24.535
160 1.28254 -20.6287
161 10.1617 -20.6241
162 10.1466 8.41805
163 -22.4998 8.40106
164 -22.4961 1.37612
165 25.2987 1.40103
166 25.2998 -0.748454
167 -15.2218 -0.769593
168 -15.2177 -8.67597
169 -0.759678 -8.66842
170 -0.773044 16.9122
171 10.9927 16.9184
172 11.009 -14.3023
173 -9.04514 -14.3128
174 -9.05277 0.258081
175 -0.67943 0.262468
176 -0.687539 15.7336
177 6.7955 15.7375
178 6.81535 -22.103
179 -1.18646 -22.1072
180 -1.20616 15.3804
181 -13.3746 15.374
182 -13.3647 -3.41259
183 25.3177 -3.39223
184 25.3168 -1.62585
185 -24.5822 -1.65214
186 -24.5801 -5.5906
187 11.9385 -5.57134
188 11.9258 18.391
189 1.42317 18.3855
190 1.4456 -24.0667
191 -4.0689 -24.0696
192 -4.08997 15.7752
193 -4.95594 15.7747
194 -4.94795 0.689114
195 15.0596 0.699716
196 15.0663 -11.969
197 -14.1124 -11.9845
198 -14.1239 9.67504
199 0.292282 9.6827
200 0.29664 1.48468
201 15.7199 1.49289
202 15.7251 -8.10641
203 -20.7594 -8.12584
204 -20.7644 1.19595
205 12.0086 1.21343
206 12.0014 14.6826
207 0.0240384 14.6762
208 0.0455198 -25.5288
209 -1.76861 -25.5298
210 -1.79387 21.6912
211 -9.73453 21.687
212 -9.71878 -7.72778
213 23.53 -7.70996
214 23.5269 -1.88848
215 -25.6136 -1.91486
216 -25.6132 -2.62419
217 13.3222 -2.60326
218 13.3121 16.147
219 1.56882 16.1407
220 1.59026 -23.6663
221 -4.73639 -23.6697
222 -4.7577 15.8392
223 -5.73991 15.8387
224 -5.73185 0.921956
225 17.1022 0.934299
226 17.1085 -10.8008
227 -15.2393 -10.8184
228 -15.248 5.20757
229 -0.107481 5.21578
230 -0.10891 7.85078
231 14.6498 7.85879
232 14.6606 -12.1186
233 -14.6919 -12.1346
234 -14.6989 0.715689
235 2.10818 0.72484
236 2.09985 16.0091
237 7.39172 16.012
238 7.41217 -21.475
239 -1.42213 -21.4798
240 -1.43997 11.1714
241 -15.1116 11.1639
242 -15.1066 2.0098
243 25.0973 2.03182
244 25.0995 -1.93476
245 -18.3071 -1.95858
246 -18.3014 -12.4939
247 3.23022 -12.4821
248 3.20921 25.7191
249 2.22473 25.7186
250 2.2516 -23.0618
251 8.8026 -23.0582
252 8.78559 7.77745
253 -23.8929 7.7594
254 -23.8899 2.30183
255 25.4504 2.32911
256 25.4491 4.64835
257 -11.3382 4.62798
258 -11.3244 -20.344
259 -2.2011 -20.339
260 -2.22672 25.7999
261 -0.520464 25.8009
262 -0.498415 -13.8365
263 15.8012 -13.8274
264 15.7946 -1.96974
265 -24.5962 -1.99227
266 -24.5991 3.24538
267 15.3519 3.2677
268 15.3476 10.8909
269 1.65678 10.8833
270 1.67541 -22.363
271 -6.46131 -22.3675
272 -6.48287 16.0559
273 -6.0894 16.0561
274 -6.08111 1.3063
275 19.5819 1.32074
276 19.5878 -9.05996
277 -16.1589 -9.0801
278 -16.163 -1.71708
279 -0.954021 -1.70849
280 -0.964397 16.6508
281 11.0593 16.6576
282 11.0777 -15.8718
283 -2.04048 -15.8792
284 -2.04913 -0.62655
285 -13.8712 -0.633262
286 -13.8787 12.5282
287 15.383 12.5449
288 15.3931 -5.09987
289 0.342261 -5.10845
290 0.345881 -11.4549
291 -13.5583 -11.4629
292 -13.5733 14.8472
293 7.44483 14.8593
294 7.45327 0.113115
295 9.54017 0.114311
296 9.54841 -14.2419
297 -14.382 -14.2557
298 -14.3954 9.09497
299 0.053266 9.10328
300 0.0537801 8.21072
301 14.6584 8.21914
302 14.6713 -14.0693
303 -10.081 -14.0836
304 -10.0892 0.151662
305 -7.51317 0.153153
306 -7.52169 14.8643
307 13.9584 14.8767
308 13.9731 -10.4271
309 -0.177737 -10.4353
310 -0.179463 -7.46981
311 -14.8885 -7.47838
312 -14.9011 14.0684
313 10.1406 14.083
314 10.1489 -0.127091
315 8.08558 -0.128298
316 8.09413 -14.73
317 -14.3892 -14.7432
318 -14.4033 9.20824
319 -0.0049925 9.2167
320 -0.00506992 9.34837
321 14.3569 9.35682
322 14.3712 -14.8802
323 -7.59888 -14.8932
324 -7.60754 -0.222988
325 -11.2226 -0.225125
326 -11.2308 13.7086
327 15.4672 13.7244
328 15.4785 -5.27368
329 0.529642 -5.28256
330 0.534608 -13.6363
331 -12.7001 -13.6441
332 -12.7177 16.0381
333 2.20357 16.047
334 2.2126 0.923473
335 16.4628 0.931991
336 16.4701 -11.2308
337 -16.44 -11.2506
338 -16.4458 -1.60501
339 -1.39525 -1.59598
340 -1.40793 19.4997
341 9.19991 19.5061
342 9.2216 -16.4805
343 6.07667 -16.4824
344 6.06787 -1.92368
345 -22.4489 -1.94092
346 -22.454 6.52838
347 15.936 6.55165
348 15.9333 11.0284
349 2.47089 11.0202
350 2.49275 -24.9054
351 -3.19091 -24.9089
352 -3.21498 14.5738
353 -16.1316 14.566
354 -16.1245 2.97885
355 26.3653 3.00485
356 26.3667 0.745696
357 -12.1897 0.722044
358 -12.1764 -20.8862
359 -3.36847 -20.8808
360 -3.3975 26.2633
361 -5.08167 26.2623
362 -5.06011 -8.66434
363 24.6218 -8.64599
364 24.6186 -3.54391
365 -24.0541 -3.57407
366 -24.0505 -9.45137
367 4.03481 -9.43392
368 4.01243 26.5459
369 3.4045 26.5455
370 3.43312 -19.3413
371 13.3142 -19.3351
372 13.303 -1.43047
373 -25.859 -1.45499
374 -25.8617 2.86624
375 12.0479 2.89003
376 12.0396 15.9897
377 7.17574 15.9866
378 7.19964 -21.9443
379 -1.89249 -21.9501
380 -1.908 2.60109
381 -16.7554 2.5917
382 -16.7616 12.3536
383 14.6199 12.3735
384 14.6281 -0.529528
385 7.9268 -0.53379
386 7.93602 -15.019
387 -15.9104 -15.0342
388 -15.9229 4.40526
389 -1.06331 4.41477
390 -1.07188 17.8024
391 10.5486 17.8099
392 10.5708 -16.7906
393 7.29038 -16.7928
394 7.28124 -2.60439
395 -24.8314 -2.6251
396 -24.8355 3.71421
397 14.2581 3.73949
398 14.2487 18.1842
399 3.72018 18.1774
400 3.74942 -26.8361
401 4.35355 -26.8357
402 4.33068 8.27832
403 -25.4676 8.25888
404 -25.4648 4.02883
405 22.3875 4.06013
406 22.3824 11.806
407 0.165129 11.7914
408 0.190316 -26.5437
409 -3.27434 -26.546
410 -3.29949 11.6255
411 -16.4284 11.6168
412 -16.4267 9.00567
413 20.0617 9.02982
414 20.0686 -1.48027
415 3.15894 -1.49149
416 3.1688 -16.3259
417 -15.4609 -16.3383
418 -15.4764 6.93023
419 -0.941273 6.93994
420 -0.948407 17.6043
421 10.8051 17.6122
422 10.8283 -16.9027
423 9.20429 -16.9038
424 9.19507 -3.20933
425 -26.3603 -3.2333
426 -26.3632 1.11267
427 12.0607 1.13866
428 12.0461 22.5695
429 4.38831 22.5643
430 4.42073 -25.149
431 9.44428 -25.1456
432 9.42572 2.08356
433 -27.2256 2.05853
434 -27.2268 3.78616
435 13.1782 3.81383
436 13.1695 16.3964
437 9.22608 16.3937
438 9.25109 -19.9571
439 -1.40073 -19.9644
440 -1.41084 -5.32941
441 -16.0286 -5.33952
442 -16.0438 16.569
443 2.82759 16.5821
444 2.83783 1.84004
445 21.877 1.8533
446 21.8837 -7.63907
447 -15.6573 -7.66529
448 -15.6512 -16.3845
449 -4.31029 -16.3766
450 -4.34097 27.3268
451 -5.16059 27.3262
452 -5.13707 -6.05614
453 27.1668 -6.03335
454 27.1657 -4.46967
455 -17.3104 -4.50116
456 -17.3027 -15.439
457 -7.46284 -15.432
458 -7.48959 22.159
459 1.90102 22.1657
460 1.91426 3.6352
461 16.559 3.64568
462 16.5736 -16.7095
463 -2.92469 -16.7235
464 -2.93524 -2.06519
465 -22.8564 -2.07955
466 -22.8628 6.83971
467 14.9846 6.86708
468 14.9759 18.8724
469 4.82639 18.8651
470 4.85955 -26.7463
471 7.96322 -26.744
472 7.94191 2.46209
473 -27.7275 2.43601
474 -27.7288 4.17479
475 10.9762 4.20319
476 10.9666 17.2953
477 12.3025 17.2963
478 12.3268 -15.6635
479 -0.210954 -15.6727
480 -0.212321 -13.8275
481 -13.2815 -13.8372
482 -13.3048 17.5665
483 -9.38643 17.5695
484 -9.37641 4.14451
485 27.8135 4.17231
486 27.8152 1.90485
487 -8.00019 1.87798
488 -7.97844 -27.0552
489 -5.09503 -27.0531
490 -5.12887 17.7842
491 -15.8188 17.7761
492 -15.8121 9.01386
493 20.7545 9.04162
494 20.7624 -1.37855
495 8.91656 -1.38758
496 8.92727 -15.4157
497 -17.9101 -15.4362
498 -17.9177 -5.4173
499 -3.87131 -5.40651
500 -3.89669 27.56
501 -0.0493835 27.563
502 -0.0210024 -9.15761
503 26.7628 -9.13687
504 26.7599 -5.41468
505 -18.4354 -5.44983
506 -18.4273 -15.8289
507 -9.39331 -15.8218
508 -9.4217 20.468
509 1.20597 20.4764
510 1.21368 10.6681
511 14.9161 10.6788
512 14.9388 -18.0343
513 8.49692 -18.0394
514 8.48624 -4.56445
515 -28.3579 -4.5937
516 -28.3593 -2.85638
517 6.09697 -2.82891
518 6.07215 28.2317
519 5.21216 28.231
520 5.24524 -12.9942
521 17.6259 -12.9842
522 17.6262 -13.4301
523 -14.2751 -13.4559
524 -14.2855 -0.549263
525 -18.6501 -0.552803
526 -18.6594 10.92
527 16.4415 10.9486
528 16.4358 17.9255
529 5.86021 17.9169
530 5.89693 -26.8761
531 9.9984 -26.8728
532 9.97798 -2.08307
533 -27.1005 -2.11367
534 -27.1051 3.5178
535 -0.790545 3.53962
536 -0.802443 17.857
537 18.0925 17.8727
538 18.1068 0.723737
539 3.85771 0.711815
540 3.88161 -27.7931
541 -0.839903 -27.797
542 -0.87056 8.59311
543 -27.945 8.57025
544 -27.9428 5.91408
545 14.8161 5.95035
546 14.8062 17.6895
547 13.8022 17.6887
548 13.8293 -14.0945
549 0.917135 -14.1055
550 0.922817 -20.7247
551 -9.72084 -20.7338
552 -9.75191 15.2961
553 -21.6761 15.2858
554 -21.6686 6.57892
555 24.2411 6.6188
556 24.235 13.6607
557 7.63712 13.6462
558 7.66938 -23.235
559 -1.70978 -23.2432
560 -1.71999 -11.6352
561 -15.0981 -11.6469
562 -15.1245 18.2425
563 -13.7257 18.2437
564 -13.715 6.24463
565 28.3225 6.28205
566 28.3201 8.96974
567 2.32625 8.94648
568 2.35896 -27.5306
569 -3.54351 -27.5359
570 -3.5645 -4.24195
571 -17.6561 -4.25468
572 -17.6772 19.0271
573 -7.45937 19.0364
574 -7.44722 5.68987
575 29.4845 5.72359
576 29.4847 5.51307
577 -0.976587 5.48512
578 -0.944777 -29.0866
579 -4.58174 -29.0899
580 -4.6086 -0.0484927
581 -18.6403 -0.0615052
582 -18.6581 19.1337
583 -4.31089 19.1471
584 -4.29808 5.44391
585 29.7476 5.47582
586 29.7489 4.0952
587 -1.97792 4.06531
588 -1.94616 -29.5405
589 -4.93126 -29.5434
590 -4.95985 0.551716
591 -18.9035 0.538434
592 -18.9214 19.3447
593 -4.72935 19.3583
594 -4.7163 5.76479
595 29.9851 5.79821
596 29.9859 4.97867
597 -0.591422 4.94906
598 -0.55808 -29.3847
599 -4.57045 -29.3886
600 -4.59664 -2.5696
601 -18.5372 -2.58325
602 -18.559 19.5884
603 -8.80039 19.598
604 -8.7876 6.65418
605 29.7245 6.69233
606 29.723 8.15949
607 3.27664 8.13315
608 3.31252 -27.7755
609 -3.26777 -27.7821
610 -3.28624 -9.39365
611 -16.7795 -9.40725
612 -16.8081 18.8711
613 -16.1301 18.8717
614 -16.1188 7.77442
615 27.1009 7.8185
616 27.0954 13.1543
617 9.39222 13.1361
618 9.42902 -22.6292
619 -0.690735 -22.6397
620 -0.694481 -19.0215
621 -12.1789 -19.0334
622 -12.2147 15.3502
623 -24.9389 15.3369
624 -24.9315 8.2799
625 19.2358 8.32632
626 19.2253 18.3268
627 16.3122 18.3237
628 16.3438 -11.453
629 3.18362 -11.4671
630 3.20155 -28.2563
631 -3.4009 -28.2633
632 -3.43887 7.08228
633 -30.8195 7.05277
634 -30.8193 6.80689
635 3.9613 6.84461
636 3.94673 20.2344
637 20.4109 20.2524
638 20.4262 6.22531
639 7.32174 6.21092
640 7.36234 -30.6256
641 8.84081 -30.624
642 8.81332 -5.84421
643 -26.8314 -5.88389
644 -26.8404 2.16156
645 -16.3749 2.17329
646 -16.3886 14.3682
647 16.3671 14.4052
648 16.3552 24.8879
649 9.05503 24.8796
650 9.10466 -18.6781
651 19.2993 -18.6664
652 19.2988 -18.2179
653 -7.91485 -18.2492
654 -7.93031 -4.86018
655 -30.9772 -4.88689
656 -30.9819 -0.847473
657 1.47937 -0.809593
658 1.44184 31.2442
659 5.16516 31.2486
660 5.19306 7.58206
661 18.55 7.59786
662 18.5822 -19.475
663 19.4977 -19.4739
664 19.486 -9.62063
665 -23.9373 -9.67275
666 -23.9276 -17.6682
667 -16.7301 -17.6595
668 -16.7671 12.8126
669 -3.97831 12.8282
670 -3.99998 30.5601
671 1.4242 30.5667
672 1.46525 -2.77772
673 32.0593 -2.73991
674 32.063 -5.74458
675 7.43082 -5.77525
676 7.44739 -19.0356
677 -19.5519 -19.0695
678 -19.5495 -20.9514
679 -10.2361 -20.9396
680 -10.2909 22.2579
681 -19.1322 22.2466
682 -19.1279 18.8739
683 8.55463 18.9094
684 8.57155 5.76909
685 32.5384 5.80008
686 32.5423 2.82698
687 2.53751 2.78788
688 2.58122 -30.6215
689 -3.5244 -30.6295
690 -3.54285 -16.6325
691 -15.5935 -16.6484
692 -15.6364 15.6006
693 -28.7443 15.5831
694 -28.7371 10.228
695 11.4428 10.2821
696 11.4267 22.1768
697 22.2974 22.1915
698 22.3191 6.2683
699 9.69906 6.25105
700 9.75039 -31.1357
701 13.3171 -31.1308
702 13.2934 -14.041
703 -19.9792 -14.0873
704 -19.9951 -2.75282
705 -30.5544 -2.76762
706 -30.5638 3.94073
707 2.71839 3.98778
708 2.67654 33.4691
709 5.92263 33.4737
710 5.95336 12.0107
711 18.5947 12.0289
712 18.6376 -17.651
713 27.8406 -17.6377
714 27.8315 -11.3393
715 -12.5742 -11.3984
716 -12.5572 -22.9473
717 -23.1976 -22.963
718 -23.2197 -8.05244
719 -11.0011 -8.03425
720 -11.0586 30.364
721 -15.9376 30.3567
722 -15.9186 17.7764
723 14.9548 17.8232
724 14.9734 5.58774
725 34.1738 5.61712
726 34.1793 2.00901
727 4.9988 1.96395
728 5.04992 -30.982
729 -2.13278 -30.9932
730 -2.14337 -24.2328
731 -12.3489 -24.2489
732 -12.4019 9.29999
733 -34.8056 9.2644
734 -34.8052 9.01572
735 -6.02124 9.06188
736 -6.04188 21.8683
737 20.0195 21.9105
738 20.0114 26.8432
739 12.8655 26.8315
740 12.9316 -13.3683
741 24.1641 -13.3497
742 24.1825 -24.4436
743 11.3085 -24.4651
744 11.2892 -12.9465
745 -28.2232 -13.013
746 -28.2119 -19.6954
747 -22.4109 -19.6855
748 -22.4556 6.402
749 -9.78221 6.42379
750 -9.83266 35.6184
751 -10.7119 35.6169
752 -10.6768 15.5306
753 21.7744 15.5876
754 21.7938 4.59842
755 35.3549 4.62247
756 35.3632 -0.0114603
757 6.11979 -0.0638707
758 6.17764 -32.1709
759 -1.25084 -32.1843
760 -1.25652 -29.0656
761 -10.1206 -29.0818
762 -10.1808 3.6603
763 -36.8669 3.61089
764 -36.8726 6.6764
765 -19.1379 6.7096
766 -19.1594 18.1332
767 12.2792 18.1927
768 12.2443 36.5333
769 11.0209 36.5309
770 11.0761 7.86864
771 23.4715 7.89264
772 23.5237 -18.9521
773 32.565 -18.9344
774 32.5553 -14.0487
775 -3.00462 -14.1191
776 -2.98044 -26.2516
777 -23.524 -26.2928
778 -23.5235 -26.5159
779 -15.8398 -26.5003
780 -15.9193 12.4373
781 -26.9991 12.4145
782 -27.0277 26.2581
783 -19.7445 26.2732
784 -19.7244 16.6591
785 19.9937 16.7426
786 19.9733 26.3978
787 27.627 26.4141
788 27.6551 13.2628
789 16.8435 13.2394
790 16.9279 -25.6666
791 25.1174 -25.6487
792 25.1229 -28.1527
793 7.73128 -28.1911
794 7.70576 -16.7255
795 -29.6827 -16.8092
796 -29.6672 -23.7237
797 -28.3063 -23.7206
798 -28.3524 -3.53289
799 -16.5903 -3.50585
800 -16.6732 32.3412
801 -22.6475 32.3273
802 -22.6384 28.4563
803 -0.8727 28.5077
804 -0.844522 16.6579
805 33.8946 16.7411
806 33.8815 22.1891
807 28.8452 22.1769
808 28.8997 -0.130207
809 17.0773 -0.15931
810 17.1624 -34.4711
811 22.5318 -34.4577
812 22.5196 -29.577
813 0.621729 -29.6325
814 0.591851 -17.9203
815 -34.0258 -18.0092
816 -34.011 -23.7481
817 -30.6015 -23.7393
818 -30.6554 -3.23082
819 -19.1673 -3.20041
820 -19.262 32.3182
821 -25.7866 32.3007
822 -25.785 31.6871
823 -7.78359 31.7362
824 -7.75321 20.6805
825 28.9185 20.7821
826 28.8971 28.4331
827 32.3873 28.4429
828 32.4275 14.2745
829 22.163 14.2452
830 22.271 -23.2613
831 31.2493 -23.2352
832 31.275 -32.0154
833 22.4669 -32.0414
834 22.4404 -23.1161
835 -14.7763 -23.2278
836 -14.7452 -33.5044
837 -29.6625 -33.5499
838 -29.6682 -31.6968
839 -22.8193 -31.6755
840 -22.9282 3.13158
841 -34.1367 3.0962
842 -34.2042 24.3128
843 -40.6545 24.292
844 -40.6418 20.3769
845 -11.3921 20.4725
846 -11.4295 31.8106
847 15.122 31.899
848 15.0705 47.2361
849 14.8953 47.2355
850 14.963 27.433
851 25.1598 27.4682
852 25.2621 -1.90498
853 48.6281 -1.82281
854 48.6424 -5.85161
855 42.1397 -5.87492
856 42.1666 -13.3034
857 14.2055 -13.4056
858 14.3105 -41.8528
859 6.33634 -41.8825
860 6.37115 -51.1367
861 3.35189 -51.1481
862 3.27128 -30.1448
863 -24.965 -30.2543
864 -25.0065 -19.6704
865 -49.3236 -19.7667
866 -49.3139 -22.2104
867 -40.8193 -22.1761
868 -40.9052 -1.14476
869 -30.2305 -1.10071
870 -30.3724 32.9109
871 -37.9959 32.8788
872 -38.0271 40.2029
873 -30.9398 40.2334
874 -30.9072 32.7471
875 2.58744 32.8947
876 2.54015 43.5095
877 24.1499 43.6068
878 24.1035 53.7864
879 22.7138 53.78
880 22.8088 33.4191
881 32.4603 33.4646
882 32.594 5.46126
883 56.7272 5.57791
884 56.7546 -0.0248259
885 59.09 -0.0132602
886 59.1115 -4.29832
887 37.4407 -4.40832
888 37.5803 -31.5665
889 27.4428 -31.6193
890 27.5735 -56.4139
891 31.1022 -56.395
892 31.0832 -52.8993
893 15.7164 -52.9835
894 15.6657 -43.8703
895 -18.003 -44.0598
896 -17.9487 -53.5677
897 -35.3597 -53.6685
898 -35.322 -60.0954
899 -33.1214 -60.0823
900 -33.2458 -39.4686
901 -42.4775 -39.5252
902 -42.6441 -12.6997
903 -66.8661 -12.8524
904 -66.9076 -6.3719
905 -74.9901 -6.42436
906 -75.0027 -4.50638
907 -59.4771 -4.40251
908 -59.6337 18.6463
909 -49.598 18.7156
910 -49.8121 49.2538
911 -56.966 49.2029
912 -57.0348 58.7011
913 -55.7382 58.7107
914 -55.7046 54.2228
915 -30.8895 54.4116
916 -30.9632 63.9278
917 -5.43055 64.1288
918 -5.60617 86.0567
919 0.0421457 86.1027
920 -0.0127047 92.7131
921 1.83236 92.7287
922 1.95392 78.6017
923 23.0721 78.7868
924 23.1566 69.3185
925 53.6447 69.5961
926 53.5707 77.5657
927 67.6132 77.6986
928 67.5623 82.9695
929 65.9814 82.954
930 66.1409 67.0855
931 73.6394 67.1625
932 73.8872 43.5252
933 98.2787 43.7864
934 98.3702 35.4267
935 118.822 35.6555
936 118.782 39.149
937 119.476 39.1572
938 119.568 31.4407
939 113.821 31.3702
940 114.138 6.10912
941 123.04 6.22368
942 123.348 -17.1695
943 144.133 -16.8883
944 144.217 -22.9487
945 155.672 -22.7855
946 155.662 -22.1093
947 149.879 -22.1962
948 150.074 -34.7863
949 143.209 -34.8954
950 143.643 -61.3847
951 152.311 -61.2387
952 152.688 -82.964
953 171.393 -82.6294
954 171.491 -87.9766
955 181.52 -87.7855
956 181.508 -87.1636
957 176.65 -87.2625
958 176.877 -98.046
959 170.89 -98.1766
960 171.425 -121.876
961 179.471 -121.687
962 179.989 -142.965
963 199.867 -142.462
964 200.038 -148.975
965 216.209 -148.532
966 216.119 -145.358
967 219.23 -145.265
968 219.297 -147.407
969 216.584 -147.495
970 217.069 -161.672
971 222.803 -161.467
972 223.466 -179.038
973 242.527 -178.282
974 242.838 -185.718
975 266.138 -184.687
976 265.828 -178.076
977 280.824 -177.33
978 280.185 -165.249
979 283.529 -165.061
980 283.142 -158.628
981 282.529 -158.668
982 282.659 -160.549
983 287.782 -160.167
984 288.029 -163.227
985 300.973 -162.091
986 300.518 -157.333
987 314.464 -155.874
988 312.746 -140.928
989 318.659 -140.178
990 315.944 -120.91
991 310.091 -121.831
992 307.488 -107.088
993 293.577 -109.863
994 292.46 -104.939
995 277.947 -108.711
996 279.152 -112.729
997 269.882 -115.965
998 273.175 -124.004
999 270.555 -125.275
1000 274.681 -132.391
1001 276.496 -131.121
1002 279.785 -134.974
1003 282.855 -131.745
1004 284.057 -132.661
1005 286.332 -128.904
1006 285.22 -128.376
1007 286.239 -125.612
1008 283.642 -124.878
1009 283.84 -123.954
1010 281.087 -123.512
1011 280.995 -124.287
1012 279.163 -124.127
1013 279.06 -125.763
1014 278.507 -125.738
1015 278.457 -127.304
1016 278.877 -127.314
1017 278.862 -128.26
1018 279.669 -128.269
1019 279.667 -128.53
1020 280.377 -128.533
1021 280.378 -128.35
1022 280.776 -128.351
1023 280.776 -128.024
1024 280.878 -128.024
1025 280.879 -127.754
1026 280.811 -127.754
1027 280.811 -127.611
1028 280.697 -127.611
1029 280.697 -127.576
1030 280.607 -127.576
1031 280.607 -127.598
1032 280.562 -127.598
1033 280.562 -127.633
1034 280.552 -127.633
1035 280.552 -127.66
1036 280.558 -127.66
1037 280.558 -127.673
1038 280.568 -127.673
1039 280.568 -127.675
1040 280.575 -127.675
1041 280.575 -127.674
1042 280.578 -127.674
1043 280.578 -127.671
1044 280.579 -127.671
1045 280.579 -127.67
1046 280.579 -127.67
1047 280.579 -127.669
1048 280.578 -127.669
1049 280.578 -127.669
1050 280.578 -127.669
1051 280.578 -127.669
1052 280.577 -127.669
1053 280.577 -127.669
1054 280.577 -127.669
1055 280.577 -127.669
1056 280.577 -127.669
1057 280.577 -127.669
1058 280.577 -127.669
1059 280.577 -127.669
1060 280.577 -127.669
1061 280.577 -127.669
1062 280.577 -127.669
1063 280.577 -127.669
1064 280.577 -127.669
1065 280.577 -127.669
1066 280.577 -127.669
1067 280.577 -127.669
1068 280.577 -127.669
1069 280.577 -127.669
1070 280.577 -127.669
1071 280.577 -127.669
1072 280.577 -127.669
1073 280.577 -127.669
1074 280.577 -127.669
1075 280.577 -127.669
1076 280.577 -127.669
1077 280.577 -127.669
1078 280.577 -127.669
1079 280.577 -127.669
1080 280.577 -127.669
1081 280.577 -127.669
1082 280.577 -127.669
1083 280.577 -127.669
1084 280.577 -127.669
1085 280.577 -127.669
1086 280.577 -127.669
1087 280.577 -127.669
1088 280.577 -127.669
1089 280.577 -127.669
1090 280.577 -127.669
1091 280.577 -127.669
1092 280.577 -127.669
1093 280.577 -127.669
1094 280.577 -127.669
1095 280.577 -127.669
1096 280.577 -127.669
1097 280.577 -127.669
1098 280.577 -127.669
1099 280.577 -127.669
1100 280.577 -127.669
