0 -0.12267 2.46239
1 -0.988906 2.41859
2 -1.25315 7.41629
3 -0.136921 7.48006
4 -0.395719 11.5185
5 3.68007 11.8249
6 3.70186 11.5913
7 6.85988 11.9851
8 7.59778 7.97938
9 4.62258 7.05139
10 3.6544 8.58272
11 4.20269 9.45881
12 4.87289 9.3287
13 4.85306 8.90942
14 4.6364 8.91141
15 4.63654 9.00756
16 4.67447 9.00755
17 4.67447 8.99395
18 4.66998 8.99395
19 4.66998 8.99533
20 4.67038 8.99533
21 4.67038 8.99522
22 4.67035 8.99522
23 4.67035 8.99523
24 4.67035 8.99523
25 4.67035 8.99523
26 4.67035 8.99523
27 4.67035 8.99523
28 4.67035 8.99523
29 4.67035 8.99523
30 4.67035 8.99523
31 4.67035 8.99523
32 4.67035 8.99523
33 4.67035 8.99523
34 4.67035 8.99523
35 4.67035 8.99523
36 4.67035 8.99523
37 4.67035 8.99523
38 4.67035 8.99523
39 4.67035 8.99523
40 4.67035 8.99523
41 4.67035 8.99523
42 4.67035 8.99523
43 4.67035 8.99523
44 4.67035 8.99523
45 4.67035 8.99523
46 4.67035 8.99523
47 4.67035 8.99523
48 4.67035 8.99523
49 4.67035 8.99523
50 4.67035 8.99523
