0 0.00999268 -1.99861
1 12.8383 -1.93446
2 12.8466 -3.58189
3 9.8714 -3.59679
4 9.85291 0.0922235
5 -4.68309 0.019273
6 -4.71417 6.20287
7 -12.4923 6.1637
8 -12.4923 6.1637
9 -5.49425 6.19912
10 -5.44318 -3.86351
11 4.75184 -3.8116
12 4.79935 -13.1112
13 6.20733 -13.104
14 6.17779 -7.36728
15 3.67899 -7.38021
16 3.59663 8.4648
17 5.31477 8.47378
18 5.28443 14.2478
19 3.82514 14.2401
20 3.87096 5.61888
21 -8.20791 5.55426
22 -8.17319 -0.892538
23 -16.6855 -0.938712
24 -16.6855 -0.938712
25 -8.23939 -0.892192
26 -8.20006 -7.97508
27 2.72865 -7.91387
28 2.78308 -17.5455
29 3.46025 -17.5417
30 3.426 -11.594
31 8.28644 -11.5657
32 8.21693 0.25837
33 19.3121 0.324314
34 19.3053 1.45818
35 16.3304 1.44009
36 16.2969 6.8788
37 6.87296 6.82004
38 6.78714 20.4059
39 7.67715 20.4116
40 7.67715 20.4116
41 0.900961 20.367
42 0.921012 17.3691
43 -13.5795 17.2706
44 -13.6256 23.9429
45 -14.8676 23.9342
46 -14.8266 18.1835
47 -21.0216 18.1385
48 -20.9632 10.2522
49 -33.3365 10.1589
50 -33.3562 12.7241
51 -31.7904 12.7364
52 -31.7067 2.31282
53 -38.8737 2.25407
54 -38.8207 -4.06298
55 -46.89 -4.13222
56 -46.89 -4.13222
57 -44.5784 -4.11139
58 -44.4616 -16.7398
59 -55.865 -16.8481
60 -55.8662 -16.7278
61 -58.0529 -16.7497
62 -57.9987 -21.9952
63 -62.8529 -22.047
64 -62.7852 -28.1927
65 -74.0044 -28.3204
66 -74.0555 -23.9837
67 -74.3676 -23.9875
68 -74.2875 -30.311
69 -87.5935 -30.4862
70 -87.7171 -21.4676
71 -87.5633 -21.4654
72 -87.5633 -21.4654
73 -94.8821 -21.5797
74 -95.0352 -12.2402
75 -93.1096 -12.207
76 -93.1979 -7.34536
77 -90.8266 -7.29988
78 -90.9179 -2.8077
79 -85.7116 -2.69529
80 -85.7478 -1.12074
81 -78.7189 -0.947614
82 -78.5988 -5.48862
83 -76.4674 -5.42777
84 -76.3275 -9.94778
85 -76.4306 -9.95126
86 -76.2307 -15.3502
87 -81.6843 -15.5731
88 -81.6843 -15.5731
89 -86.9872 -15.8441
90 -87.3152 -10.1838
91 -85.549 -10.0664
92 -85.6818 -8.34773
93 -84.5457 -8.24404
94 -84.8811 -5.18718
95 -77.5087 -4.19394
96 -76.0427 -12.843
97 -82.4092 -14.2396
98 -83.1099 -11.8508
99 -84.0298 -12.2253
100 -85.4055 -9.88983
101 -83.3073 -8.01754
102 -81.6351 -9.19509
103 -82.0206 -10.1128
104 -82.0206 -10.1128
105 -82.106 -10.7825
106 -82.9928 -10.7249
107 -82.9703 -10.0088
108 -82.5936 -10.0142
109 -82.5941 -10.0873
110 -82.4966 -10.0875
111 -82.4968 -10.2273
112 -82.6049 -10.2273
113 -82.6049 -10.1708
114 -82.5889 -10.1708
115 -82.5889 -10.1659
116 -82.5785 -10.1659
117 -82.5785 -10.1743
118 -82.583 -10.1743
119 -82.583 -10.1728
120 -82.583 -10.1728
