0 0.0123933 -24.7867
1 7.66296 -24.7829
2 7.67062 -40.096
3 4.68712 -40.0975
4 4.6671 -0.0542784
5 -5.38359 -0.059304
6 -5.40357 39.9022
7 -8.69254 39.9006
8 -8.68493 24.6829
9 0.562992 24.6875
10 0.587515 -24.3513
11 10.6287 -24.3463
12 10.6362 -39.4154
13 6.43929 -39.4175
14 6.4197 -0.252742
15 -8.51702 -0.260213
16 -8.53643 38.5408
17 -13.6262 38.5383
18 -13.6189 23.8912
19 1.08635 23.8985
20 1.10972 -22.8081
21 17.3258 -22.8
22 17.3329 -36.9723
23 10.5156 -36.9758
24 10.4975 -0.69467
25 -13.7153 -0.706788
26 -13.7329 34.5931
27 -21.9158 34.589
28 -21.9093 21.5482
29 1.4244 21.5599
30 1.44469 -18.9656
31 26.7441 -18.953
32 26.75 -30.8762
33 16.3241 -30.8814
34 16.3094 -1.46957
35 -19.8994 -1.48771
36 -19.9132 25.8716
37 -31.8539 25.8656
38 -31.8491 16.2996
39 1.31303 16.3162
40 1.32694 -11.4403
41 36.2828 -11.4228
42 36.2865 -18.9045
43 22.3073 -18.9115
44 22.299 -2.47309
45 -24.7228 -2.49667
46 -24.7293 10.5167
47 -39.7158 10.5092
48 -39.714 6.94764
49 0.41241 6.96777
50 0.415754 0.304019
51 41.0772 0.32443
52 41.0775 -0.150462
53 25.4984 -0.158284
54 25.4999 -3.23827
55 -24.4984 -3.26339
56 -24.4946 -10.7922
57 -39.6211 -10.7998
58 -39.6234 -6.20008
59 -1.4231 -6.18088
60 -1.43339 14.2739
61 34.7767 14.2921
62 34.7726 22.2995
63 21.9362 22.293
64 21.9489 -2.90202
65 -15.5993 -2.92091
66 -15.5847 -32.0615
67 -25.717 -32.0666
68 -25.7233 -19.5797
69 -3.64577 -19.5686
70 -3.66802 24.5997
71 13.4042 24.6083
72 13.3968 39.1811
73 8.97509 39.1788
74 8.99517 -0.657472
75 1.97532 -0.661012
76 1.99584 -41.3431
77 2.1887 -41.343
78 2.18087 -25.8359
79 -4.65674 -25.8394
80 -4.6814 22.9993
81 -17.8392 22.9927
82 -17.8464 37.2681
83 -10.4804 37.2718
84 -10.4632 3.10548
85 20.464 3.12111
86 20.4791 -26.7862
87 31.9991 -26.7804
88 31.9944 -17.3631
89 -2.499 -17.3806
90 -2.51058 5.50034
91 -40.3294 5.4812
92 -40.3316 9.92166
93 -25.0718 9.92939
94 -25.0697 5.73641
95 25.2769 5.76192
96 25.2751 9.30794
97 40.57 9.3157
98 40.5722 4.99458
99 2.75461 4.97539
100 2.7664 -18.2598
101 -31.2844 -18.2771
102 -31.2794 -28.0827
103 -20.276 -28.0771
104 -20.292 3.52262
105 7.18481 3.53659
106 7.16637 39.7973
107 12.7194 39.8001
108 12.7271 24.7645
109 6.69381 24.7615
110 6.71941 -25.5095
111 9.63392 -25.508
112 9.64171 -40.792
113 5.1055 -40.7943
114 5.08647 -3.47315
115 -20.1064 -3.486
116 -20.123 29.1393
117 -30.797 29.1338
118 -30.7919 19.1724
119 3.30017 19.1899
120 3.31151 -3.0099
121 41.7052 -2.99028
122 41.7069 -6.30019
123 26.2379 -6.3081
124 26.2386 -7.60613
125 -23.4096 -7.63155
126 -23.4038 -18.9695
127 -37.6508 -18.9768
128 -37.6548 -11.0289
129 -5.69153 -11.0126
130 -5.70994 24.8925
131 18.6935 24.905
132 18.6865 38.4391
133 12.9403 38.4362
134 12.9606 -0.988215
135 7.42858 -0.991058
136 7.44947 -41.6128
137 9.96027 -41.6115
138 9.95264 -26.7876
139 -7.32881 -26.7965
140 -7.35045 15.2237
141 -34.1442 15.2099
142 -34.1494 25.3054
143 -21.0514 25.3122
144 -21.0428 8.69522
145 27.2455 8.72014
146 27.2482 3.43559
147 42.755 3.44361
148 42.7563 0.903214
149 4.1397 0.883244
150 4.15131 -21.5573
151 -29.0079 -21.5745
152 -29.0023 -32.3313
153 -19.6101 -32.3264
154 -19.6286 3.34951
155 -2.82448 3.35823
156 -2.84517 43.2366
157 -2.40574 43.2368
158 -2.39776 27.8716
159 9.16174 27.8776
160 9.18522 -17.2862
161 32.4312 -17.2741
162 32.437 -28.3672
163 19.9672 -28.3737
164 19.9576 -9.98217
165 -27.8371 -10.0071
166 -27.8401 -4.37966
167 -43.3179 -4.38773
168 -43.3195 -1.36776
169 -5.46804 -1.348
170 -5.48141 24.2327
171 25.3217 24.2488
172 25.3154 36.174
173 17.6554 36.17
174 17.6754 -1.97705
175 9.30207 -1.98144
176 9.3233 -42.4853
177 12.1816 -42.4838
178 12.174 -28.03
179 -8.77505 -28.041
180 -8.79474 9.4467
181 -40.6521 9.42995
182 -40.6558 16.6058
183 -25.8805 16.6136
184 -25.8781 11.9891
185 24.0209 12.0154
186 24.0155 22.3265
187 37.9644 22.3338
188 37.9692 13.181
189 10.4729 13.1665
190 10.4953 -29.2857
191 -3.94181 -29.2933
192 -3.93376 -44.5126
193 -4.26453 -44.5128
194 -4.28544 -5.0182
195 -24.293 -5.02881
196 -24.3106 28.1384
197 -35.4558 28.1325
198 -35.4514 19.8593
199 2.29065 19.8793
200 2.29501 11.6813
201 42.6738 11.7028
202 42.6718 15.3694
203 28.736 15.3619
204 28.749 -9.04282
205 -4.02399 -9.0603
206 -4.00517 -44.323
207 -8.58013 -44.3254
208 -8.58834 -28.9685
209 -13.3378 -28.971
210 -13.3631 18.25
211 -34.152 18.2389
212 -34.158 29.4743
213 -21.4581 29.4811
214 -21.4499 14.2403
215 27.6906 14.2667
216 27.6896 16.1237
217 42.5616 16.1317
218 42.5654 8.96972
219 11.8211 8.95317
220 11.8425 -30.8539
221 -4.72086 -30.8628
222 -4.71272 -45.9539
223 -5.08789 -45.9541
224 -5.10899 -6.90165
225 -27.943 -6.914
226 -27.9596 23.809
227 -40.3154 23.8023
228 -40.3121 17.681
229 -0.673763 17.7024
230 -0.675193 20.3374
231 37.9635 20.3584
232 37.9593 27.9891
233 26.7477 27.983
234 26.766 -5.65944
235 9.95894 -5.66859
236 9.98074 -45.6834
237 12.0021 -45.6823
238 11.9942 -31.3635
239 -11.1343 -31.3762
240 -11.1521 1.27506
241 -46.945 1.25548
242 -46.9469 4.75205
243 -31.5904 4.76046
244 -31.5961 15.1451
245 11.8106 15.1689
246 11.7954 42.7509
247 20.0198 42.7554
248 20.0278 28.1638
249 17.4504 28.1624
250 17.4772 -20.618
251 34.628 -20.6085
252 34.6345 -32.3867
253 22.1524 -32.3936
254 22.1445 -18.1055
255 -27.1958 -18.1327
256 -27.1924 -24.2046
257 -41.244 -24.2124
258 -41.2492 -14.6739
259 -17.3642 -14.6607
260 -17.3898 31.4782
261 -12.9228 31.4807
262 -12.9312 46.6208
263 -6.70531 46.6243
264 -6.68801 15.5805
265 33.7028 15.603
266 33.7104 1.89066
267 48.9704 1.89918
268 48.972 -1.01263
269 13.1289 -1.03269
270 13.1475 -34.2789
271 -8.15466 -34.2909
272 -8.14642 -48.9673
273 -7.99613 -48.9673
274 -8.01783 -10.3517
275 -33.6808 -10.3661
276 -33.6961 16.8109
277 -47.3501 16.8032
278 -47.3486 13.9908
279 -7.53086 14.0132
280 -7.54124 32.3725
281 23.9371 32.3903
282 23.9301 44.8154
283 18.9194 44.8126
284 18.9421 4.88065
285 30.7641 4.88736
286 30.7837 -29.5699
287 41.9607 -29.5635
288 41.9568 -22.8238
289 2.55334 -22.8463
290 2.55696 -29.1927
291 -33.8446 -29.2135
292 -33.8388 -39.2631
293 -25.8106 -39.2585
294 -25.8327 -0.652598
295 -27.9196 -0.653794
296 -27.9412 36.9314
297 -37.0818 36.9261
298 -37.0767 28.007
299 0.750535 28.0287
300 0.751049 27.1362
301 38.9864 27.1582
302 38.9815 35.6716
303 29.527 35.6662
304 29.5486 -1.60224
305 26.9725 -1.60374
306 26.9948 -40.118
307 35.1995 -40.1132
308 35.1939 -30.448
309 -1.85343 -30.4695
310 -1.85515 -27.504
311 -40.364 -27.5264
312 -40.3592 -35.7566
313 -30.7941 -35.751
314 -30.8159 1.4515
315 -28.7525 1.4527
316 -28.7749 39.6805
317 -37.3628 39.6754
318 -37.3574 30.5268
319 0.337738 30.5489
320 0.337661 30.6806
321 37.9378 30.7027
322 37.9323 39.9605
323 29.5405 39.9555
324 29.5632 1.5484
325 33.1782 1.55054
326 33.1998 -34.9284
327 43.3976 -34.9223
328 43.3933 -27.6657
329 4.25669 -27.6889
330 4.26165 -36.0427
331 -30.3871 -36.0633
332 -30.3804 -47.4009
333 -24.681 -47.3975
334 -24.7046 -7.80361
335 -38.9548 -7.81213
336 -38.9738 24.0306
337 -51.5444 24.0231
338 -51.5422 20.3388
339 -12.1393 20.3625
340 -12.152 41.4581
341 15.6197 41.4748
342 15.6115 55.2205
343 14.4102 55.2198
344 14.4332 17.1046
345 42.9499 17.1218
346 42.9634 -5.0511
347 57.6271 -5.04222
348 57.6281 -6.75216
349 22.383 -6.77358
350 22.4049 -42.6992
351 7.52486 -42.7082
352 7.53406 -57.7893
353 2.60036 -57.7923
354 2.58181 -27.4568
355 -39.908 -27.4828
356 -39.9116 -21.5683
357 -54.6388 -21.5773
358 -54.6439 -13.3237
359 -31.5843 -13.3095
360 -31.6133 33.8346
361 -36.0226 33.8319
362 -36.0308 47.1726
363 -24.6933 47.1797
364 -24.6851 33.8222
365 23.9877 33.8524
366 23.9781 49.2394
367 34.7058 49.246
368 34.7143 35.503
369 33.1227 35.502
370 33.1513 -10.3848
371 59.0205 -10.3686
372 59.0247 -17.2076
373 44.0662 -17.2169
374 44.0733 -28.53
375 6.16368 -28.5538
376 6.18524 -62.8491
377 4.3274 -62.8503
378 4.31827 -48.362
379 -19.4853 -48.377
380 -19.5008 -23.8259
381 -58.3718 -23.8504
382 -58.3694 -27.5792
383 -46.3828 -27.5716
384 -46.4042 6.20902
385 -39.7029 6.21328
386 -39.727 44.136
387 -48.8356 44.1302
388 -48.8308 36.705
389 -9.92804 36.7298
390 -9.93662 50.1175
391 20.4862 50.137
392 20.4777 63.3532
393 19.2247 63.3524
394 19.2486 26.2068
395 51.3613 26.2275
396 51.372 9.63099
397 66.3044 9.64065
398 66.308 4.12325
399 38.744 4.10537
400 38.7732 -40.9081
401 40.3548 -40.9071
402 40.3636 -54.3195
403 28.9817 -54.3269
404 28.9744 -43.2525
405 -18.8778 -43.2838
406 -18.8646 -63.5626
407 -27.3508 -63.5682
408 -27.3604 -48.9255
409 -36.431 -48.9314
410 -36.4562 -10.76
411 -70.828 -10.7826
412 -70.8287 -9.78527
413 -56.8914 -9.77604
414 -56.9096 17.7397
415 -40 17.7509
416 -40.0258 56.588
417 -47.1417 56.5833
418 -47.1358 47.6955
419 -9.08229 47.7209
420 -9.08942 58.3853
421 21.6817 58.4059
422 21.6729 71.5894
423 21.0526 71.589
424 21.0767 35.7364
425 56.6321 35.7604
426 56.6397 24.3825
427 71.3163 24.3924
428 71.3219 16.2066
429 51.2734 16.193
430 51.3058 -31.5202
431 64.4577 -31.5113
432 64.4647 -41.9119
433 50.4652 -41.9214
434 50.4683 -46.4444
435 10.0633 -46.4721
436 10.0859 -79.4138
437 8.57967 -79.4148
438 8.57012 -65.53
439 -19.3167 -65.5493
440 -19.3268 -50.9142
441 -57.5968 -50.9407
442 -57.591 -59.309
443 -50.3827 -59.304
444 -50.4095 -20.7088
445 -69.4487 -20.722
446 -69.4661 4.12933
447 -83.8054 4.11931
448 -83.8078 7.44976
449 -54.1169 7.47057
450 -54.1476 51.174
451 -56.2934 51.1724
452 -56.3024 63.9234
453 -43.9634 63.9321
454 -43.9605 59.8383
455 0.515589 59.8698
456 0.495277 88.5055
457 4.25376 88.5082
458 4.26398 74.1497
459 28.8489 74.1672
460 28.8622 55.6367
461 67.2026 55.6641
462 67.197 63.4391
463 59.7493 63.4338
464 59.7769 25.0578
465 79.6981 25.0722
466 79.7149 1.72126
467 94.1714 1.73171
468 94.1747 -2.85392
469 67.6028 -2.8732
470 67.636 -48.4845
471 75.7615 -48.4786
472 75.7696 -59.6343
473 62.1451 -59.6443
474 62.1485 -64.1965
475 23.4434 -64.2249
476 23.4686 -98.5006
477 23.9789 -98.5002
478 23.9696 -85.9107
479 -8.85461 -85.935
480 -8.85597 -84.0897
481 -43.0715 -84.1151
482 -43.0625 -96.1103
483 -41.5659 -96.1092
484 -41.5921 -60.9622
485 -78.782 -60.99
486 -78.7865 -55.0537
487 -92.4667 -55.064
488 -92.475 -44.0125
489 -84.9262 -44.0068
490 -84.96 0.830432
491 -112.947 0.809266
492 -112.949 4.15614
493 -98.9819 4.16674
494 -99.0026 31.4471
495 -87.1567 31.4561
496 -87.1848 68.1822
497 -97.4357 68.1743
498 -97.4328 64.3474
499 -60.6588 64.3757
500 -60.6841 97.3422
501 -50.6118 97.35
502 -50.6226 111.376
503 -40.3921 111.384
504 -40.3845 101.639
505 4.81077 101.674
506 4.78959 128.847
507 8.24027 128.85
508 8.25112 114.988
509 36.0747 115.01
510 36.0824 105.202
511 71.9559 105.23
512 71.9473 116.197
513 69.4867 116.195
514 69.5146 80.9174
515 106.359 80.9467
516 106.362 76.3983
517 119.524 76.4088
518 119.533 64.5447
519 117.281 64.5429
520 117.315 23.3177
521 149.728 23.3437
522 149.727 23.514
523 137.542 23.5042
524 137.57 -10.2858
525 141.934 -10.2822
526 141.958 -40.3184
527 155.366 -40.3074
528 155.368 -42.9724
529 127.681 -42.9951
530 127.717 -87.7881
531 138.455 -87.7792
532 138.463 -97.2481
533 124.3 -97.2598
534 124.313 -112.003
535 97.9979 -112.025
536 98.029 -149.508
537 105.246 -149.502
538 105.241 -142.952
539 67.9361 -142.983
540 67.96 -171.488
541 55.5989 -171.498
542 55.6106 -185.398
543 45.2691 -185.407
544 45.2632 -178.453
545 2.50431 -178.489
546 2.53044 -209.223
547 2.14696 -209.223
548 2.13659 -197.083
549 -31.668 -197.112
550 -31.6623 -203.731
551 -59.5278 -203.755
552 -59.5159 -217.517
553 -64.0706 -217.521
554 -64.0903 -194.726
555 -110 -194.766
556 -109.984 -213.202
557 -116.324 -213.208
558 -116.336 -199.12
559 -140.891 -199.142
560 -140.901 -187.534
561 -175.926 -187.565
562 -175.916 -198.981
563 -175.381 -198.981
564 -175.409 -167.567
565 -217.447 -167.604
566 -217.441 -174.641
567 -227.369 -174.65
568 -227.382 -160.717
569 -242.835 -160.731
570 -242.856 -137.437
571 -279.748 -137.47
572 -279.74 -146.363
573 -275.837 -146.359
574 -275.869 -111.418
575 -312.801 -111.451
576 -312.801 -110.9
577 -324.436 -110.911
578 -324.448 -97.7056
579 -333.97 -97.7144
580 -333.997 -68.6729
581 -370.732 -68.707
582 -370.726 -76.0389
583 -365.245 -76.0338
584 -365.279 -40.1583
585 -399.325 -40.1903
586 -399.328 -36.5758
587 -411.447 -36.5872
588 -411.459 -23.7509
589 -419.274 -23.7583
590 -419.302 6.33678
591 -455.807 6.30201
592 -455.8 -0.881351
593 -450.379 -0.876159
594 -450.414 34.7121
595 -485.115 34.6787
596 -485.117 36.8243
597 -496.797 36.813
598 -496.809 49.9273
599 -507.314 49.9171
600 -507.34 76.7361
601 -543.837 76.7004
602 -543.829 68.2316
603 -540.101 68.2352
604 -540.135 102.123
605 -578.647 102.084
606 -578.643 98.2434
607 -588.744 98.2333
608 -588.758 111.949
609 -605.986 111.932
610 -606.004 130.32
611 -641.33 130.285
612 -641.319 119.483
613 -641.06 119.484
614 -641.089 148.537
615 -684.309 148.493
616 -684.295 134.524
617 -691.057 134.517
618 -691.071 148.178
619 -717.565 148.15
620 -717.569 151.769
621 -747.635 151.737
622 -747.621 138.604
623 -752.482 138.599
624 -752.501 157.075
625 -796.668 157.028
626 -796.641 130.847
627 -797.753 130.845
628 -797.765 142.219
629 -832.219 142.182
630 -832.201 125.393
631 -849.487 125.375
632 -849.472 111.874
633 -859.931 111.863
634 -859.931 112.506
635 -894.712 112.469
636 -894.674 77.4138
637 -888.385 77.4206
638 -888.391 82.7785
639 -922.699 82.7408
640 -922.658 45.9042
641 -918.788 45.9085
642 -918.777 36.4435
643 -932.392 36.4283
644 -932.369 15.3651
645 -942.834 15.3533
646 -942.798 -16.5735
647 -930.287 -16.5594
648 -930.282 -20.5634
649 -949.394 -20.5851
650 -949.345 -64.1428
651 -922.655 -64.1123
652 -922.655 -64.2837
653 -933.049 -64.2956
654 -933.009 -99.3486
655 -909.962 -99.3218
656 -909.95 -109.897
657 -897.551 -109.883
658 -897.536 -122.126
659 -887.788 -122.115
660 -887.761 -145.781
661 -852.792 -145.74
662 -852.804 -135.399
663 -852.454 -135.398
664 -852.423 -161.195
665 -809 -161.143
666 -809.025 -140.21
667 -806.276 -140.207
668 -806.262 -151.846
669 -772.781 -151.805
670 -772.802 -134.074
671 -758.602 -134.056
672 -758.617 -121.32
673 -746.931 -121.305
674 -746.941 -113.439
675 -722.309 -113.408
676 -722.352 -78.6922
677 -732.665 -78.7051
678 -732.666 -77.9863
679 -708.283 -77.9555
680 -708.338 -34.758
681 -731.485 -34.7875
682 -731.486 -33.4992
683 -720.913 -33.4856
684 -720.957 0.916142
685 -744.924 0.885153
686 -744.934 8.66883
687 -756.395 8.6539
688 -756.411 21.4152
689 -772.396 21.3942
690 -772.415 35.3912
691 -803.964 35.3495
692 -803.947 23.0314
693 -808.954 23.0248
694 -808.973 37.0445
695 -849.153 36.9905
696 -849.111 5.84973
697 -844.958 5.85536
698 -844.967 11.9375
699 -878.006 11.8923
700 -877.955 -25.4944
701 -868.617 -25.4815
702 -868.608 -32.0092
703 -881.317 -32.0269
704 -881.276 -61.7009
705 -870.717 -61.6861
706 -870.692 -79.2488
707 -857.979 -79.2308
708 -857.963 -90.4917
709 -849.465 -90.4796
710 -849.434 -111.943
711 -816.339 -111.895
712 -816.355 -100.558
713 -812.84 -100.553
714 -812.816 -117.043
715 -772.41 -116.983
716 -772.454 -86.7481
717 -776.519 -86.7541
718 -776.51 -92.4494
719 -744.522 -92.4018
720 -744.579 -54.0035
721 -757.352 -54.0227
722 -757.36 -49.2174
723 -745.567 -49.1996
724 -745.616 -17.1667
725 -764.816 -17.196
726 -764.831 -7.74989
727 -775.977 -7.7671
728 -775.996 4.81711
729 -794.801 4.7878
730 -794.811 11.5481
731 -821.53 11.5061
732 -821.51 -1.30844
733 -830.067 -1.32203
734 -830.068 -0.670958
735 -858.852 -0.71712
736 -858.798 -34.2448
737 -848.843 -34.2287
738 -848.84 -36.1128
739 -867.549 -36.1434
740 -867.483 -76.3431
741 -838.076 -76.2946
742 -838.083 -72.0571
743 -843 -72.0653
744 -842.949 -102.221
745 -803.437 -102.155
746 -803.467 -84.6603
747 -801.251 -84.6565
748 -801.234 -94.621
749 -768.055 -94.564
750 -768.105 -65.3694
751 -770.407 -65.3734
752 -770.42 -57.7011
753 -758.025 -57.6794
754 -758.076 -28.9094
755 -771.637 -28.9335
756 -771.658 -16.8017
757 -782.828 -16.8217
758 -782.851 -4.55789
759 -802.299 -4.59312
760 -802.304 -1.47438
761 -825.511 -1.51688
762 -825.488 -14.0233
763 -835.681 -14.0421
764 -835.666 -22.0677
765 -853.401 -22.1009
766 -853.344 -52.0084
767 -841.336 -51.9856
768 -841.322 -58.9911
769 -844.525 -58.9972
770 -844.47 -87.6595
771 -812.018 -87.5967
772 -812.038 -77.3429
773 -808.585 -77.3361
774 -808.56 -90.1272
775 -773 -90.0567
776 -773.063 -58.2935
777 -780.91 -58.3093
778 -780.91 -58.224
779 -760.794 -58.1832
780 -760.873 -19.2457
781 -789.881 -19.3052
782 -789.87 -24.593
783 -787.088 -24.5872
784 -787.141 0.582927
785 -826.859 0.4994
786 -826.805 -24.7781
787 -823.882 -24.7719
788 -823.893 -19.7485
789 -852.198 -19.8096
790 -852.113 -58.7156
791 -830.673 -58.6688
792 -830.675 -57.7124
793 -837.318 -57.7271
794 -837.251 -87.7444
795 -799.863 -87.6607
796 -799.904 -69.5585
797 -799.384 -69.5573
798 -799.366 -77.2683
799 -768.573 -77.1975
800 -768.656 -41.3505
801 -784.296 -41.387
802 -784.3 -39.9084
803 -775.986 -39.8887
804 -776.06 -8.86562
805 -810.799 -8.9488
806 -810.765 -23.212
807 -812.688 -23.2166
808 -812.709 -14.6961
809 -843.66 -14.7722
810 -843.575 -49.0841
811 -829.518 -49.049
812 -829.513 -50.9132
813 -837.878 -50.9344
814 -837.799 -81.5974
815 -803.182 -81.5085
816 -803.221 -66.4837
817 -801.918 -66.4803
818 -801.898 -74.3139
819 -771.822 -74.2343
820 -771.916 -38.7157
821 -788.998 -38.7615
822 -788.999 -38.5272
823 -782.123 -38.5084
824 -782.202 -9.56432
825 -818.874 -9.6659
826 -818.818 -29.6965
827 -817.485 -29.6927
828 -817.5 -24.2809
829 -844.373 -24.3577
830 -844.265 -61.8642
831 -820.76 -61.7959
832 -820.769 -58.4422
833 -824.134 -58.4521
834 -824.064 -81.819
835 -786.848 -81.7073
836 -786.929 -54.8026
837 -792.627 -54.82
838 -792.625 -55.5278
839 -774.694 -55.4722
840 -774.803 -20.6651
841 -804.147 -20.7577
842 -804.121 -28.8617
843 -806.585 -28.8697
844 -806.618 -18.6197
845 -835.868 -18.7154
846 -835.77 -48.3988
847 -825.628 -48.365
848 -825.609 -54.2233
849 -826.067 -54.2248
850 -826 -74.0273
851 -799.304 -73.9351
852 -799.343 -62.7156
853 -790.418 -62.6842
854 -790.456 -52.1366
855 -783.953 -52.1133
856 -784.023 -32.6652
857 -794.703 -32.7043
858 -794.743 -21.8384
859 -815.62 -21.9162
860 -815.585 -31.1703
861 -823.49 -31.2004
862 -823.459 -39.2229
863 -834.244 -39.2647
864 -834.136 -66.9737
865 -809.819 -66.8774
866 -809.844 -60.4795
867 -806.599 -60.4664
868 -806.567 -68.4997
869 -778.62 -68.3844
870 -778.762 -34.3728
871 -798.72 -34.4569
872 -798.709 -37.2545
873 -796.001 -37.2428
874 -796.087 -17.6433
875 -829.581 -17.7909
876 -829.458 -45.5808
877 -821.203 -45.5436
878 -821.186 -49.4319
879 -824.824 -49.4486
880 -824.729 -69.8095
881 -799.461 -69.6902
882 -799.512 -58.9939
883 -790.294 -58.9494
884 -790.366 -44.2812
885 -792.701 -44.2928
886 -792.757 -33.0743
887 -801.035 -33.1164
888 -801.088 -22.7429
889 -827.629 -22.881
890 -827.498 -47.6756
891 -818.26 -47.6262
892 -818.253 -48.9615
893 -824.122 -48.9937
894 -823.99 -72.8525
895 -790.321 -72.663
896 -790.463 -47.771
897 -797.113 -47.8095
898 -797.128 -45.3546
899 -791.367 -45.3203
900 -791.491 -24.7066
901 -815.66 -24.8546
902 -815.596 -35.101
903 -824.848 -35.1593
904 -824.74 -52.1253
905 -816.657 -52.0729
906 -816.624 -57.0942
907 -810.694 -57.0545
908 -810.634 -65.8584
909 -784.361 -65.6771
910 -784.575 -35.1388
911 -803.304 -35.2722
912 -803.277 -38.9002
913 -802.782 -38.8966
914 -802.87 -27.1473
915 -827.685 -27.3361
916 -827.492 -52.2498
917 -817.74 -52.173
918 -817.673 -60.5487
919 -802.885 -60.4282
920 -802.94 -53.8178
921 -798.11 -53.777
922 -798.156 -48.3809
923 -790.09 -48.3102
924 -790.311 -23.5219
925 -820.799 -23.7995
926 -820.605 -44.6642
927 -815.242 -44.6134
928 -815.222 -46.6268
929 -819.361 -46.6675
930 -819.202 -62.536
931 -799.57 -62.3345
932 -799.665 -53.3058
933 -790.348 -53.2061
934 -790.588 -31.3199
935 -811.039 -31.5487
936 -810.935 -40.695
937 -810.67 -40.6919
938 -810.705 -37.7444
939 -825.751 -37.9289
940 -825.434 -63.19
941 -802.13 -62.8901
942 -802.248 -53.9547
943 -794.308 -53.8473
944 -794.529 -37.981
945 -805.983 -38.1442
946 -805.957 -39.9146
947 -808.166 -39.9478
948 -808.241 -35.1388
949 -826.212 -35.4244
950 -825.778 -61.9137
951 -803.084 -61.5315
952 -803.228 -53.2331
953 -796.083 -53.1053
954 -796.342 -39.1063
955 -806.37 -39.2973
956 -806.338 -40.9253
957 -808.194 -40.9631
958 -808.28 -36.8442
959 -823.954 -37.1859
960 -823.419 -60.8853
961 -802.354 -60.3916
962 -802.552 -52.2644
963 -794.959 -52.0723
964 -795.408 -35.0196
965 -811.579 -35.4627
966 -811.342 -43.7734
967 -810.153 -43.7379
968 -810.179 -42.9199
969 -817.28 -43.1515
970 -816.795 -57.3285
971 -801.783 -56.7899
972 -802.036 -50.0782
973 -794.755 -49.7892
974 -795.57 -30.3197
975 -818.87 -31.3506
976 -818.059 -48.6602
977 -812.332 -48.3755
978 -812.088 -52.9902
979 -803.333 -52.4971
980 -803.72 -46.0648
981 -805.325 -46.1683
982 -805.375 -45.4496
983 -803.418 -45.3034
984 -804.066 -37.2922
985 -817.009 -38.4277
986 -815.819 -50.8843
987 -810.491 -50.3271
988 -809.835 -56.036
989 -794.356 -54.0708
990 -797.071 -34.8035
991 -812.393 -37.2133
992 -811.399 -42.8444
993 -816.712 -43.9043
994 -813.788 -56.7951
995 -799.275 -53.0234
996 -802.43 -42.5051
997 -805.971 -43.7411
998 -807.229 -40.6704
999 -814.088 -43.9979
1000 -809.962 -51.114
1001 -805.211 -47.7883
1002 -806.467 -46.3165
1003 -805.295 -45.083
1004 -808.441 -42.683
1005 -810.716 -46.4401
1006 -807.805 -47.8239
1007 -807.415 -46.7685
1008 -806.423 -47.0492
1009 -805.905 -44.6321
1010 -808.657 -44.1894
1011 -808.899 -46.2194
1012 -808.199 -46.2805
1013 -808.239 -46.9054
1014 -806.792 -46.971
1015 -806.742 -45.4047
1016 -807.841 -45.3799
1017 -807.847 -45.7413
1018 -808.155 -45.738
1019 -808.16 -46.4215
1020 -807.45 -46.425
1021 -807.449 -45.9456
1022 -807.601 -45.9453
1023 -807.6 -45.8202
1024 -807.869 -45.8199
1025 -807.869 -46.0899
1026 -807.692 -46.09
1027 -807.692 -46.0355
1028 -807.648 -46.0355
1029 -807.648 -45.9444
1030 -807.738 -45.9444
1031 -807.738 -46.0016
1032 -807.72 -46.0016
1033 -807.72 -46.015
1034 -807.693 -46.015
1035 -807.693 -45.9887
1036 -807.71 -45.9887
1037 -807.71 -45.9935
1038 -807.713 -45.9935
1039 -807.713 -46.001
1040 -807.706 -46.001
1041 -807.706 -45.9967
1042 -807.707 -45.9967
1043 -807.707 -45.9957
1044 -807.709 -45.9957
1045 -807.709 -45.9974
1046 -807.708 -45.9974
1047 -807.708 -45.9971
1048 -807.708 -45.9971
1049 -807.708 -45.9967
1050 -807.708 -45.9967
1051 -807.708 -45.9969
1052 -807.708 -45.9969
1053 -807.708 -45.997
1054 -807.708 -45.997
1055 -807.708 -45.9969
1056 -807.708 -45.9969
1057 -807.708 -45.9969
1058 -807.708 -45.9969
1059 -807.708 -45.9969
1060 -807.708 -45.9969
1061 -807.708 -45.9969
1062 -807.708 -45.9969
1063 -807.708 -45.9969
1064 -807.708 -45.9969
1065 -807.708 -45.9969
1066 -807.708 -45.9969
1067 -807.708 -45.9969
1068 -807.708 -45.9969
1069 -807.708 -45.9969
1070 -807.708 -45.9969
1071 -807.708 -45.9969
1072 -807.708 -45.9969
1073 -807.708 -45.9969
1074 -807.708 -45.9969
1075 -807.708 -45.9969
1076 -807.708 -45.9969
1077 -807.708 -45.9969
1078 -807.708 -45.9969
1079 -807.708 -45.9969
1080 -807.708 -45.9969
1081 -807.708 -45.9969
1082 -807.708 -45.9969
1083 -807.708 -45.9969
1084 -807.708 -45.9969
1085 -807.708 -45.9969
1086 -807.708 -45.9969
1087 -807.708 -45.9969
1088 -807.708 -45.9969
1089 -807.708 -45.9969
1090 -807.708 -45.9969
1091 -807.708 -45.9969
1092 -807.708 -45.9969
1093 -807.708 -45.9969
1094 -807.708 -45.9969
1095 -807.708 -45.9969
1096 -807.708 -45.9969
1097 -807.708 -45.9969
1098 -807.708 -45.9969
1099 -807.708 -45.9969
1100 -807.708 -45.9969
