0 0.00999268 -1.99861
1 -15.4185 -2.07576
2 -15.397 -6.38071
3 -30.6471 -6.45706
4 -30.621 -11.6741
5 -45.4418 -11.7485
6 -45.4081 -18.4416
7 -59.4084 -18.5121
8 -59.3648 -27.1543
9 -71.961 -27.2181
10 -71.9057 -38.1098
11 -82.3004 -38.1627
12 -82.2332 -51.3144
13 -89.4503 -51.3514
14 -89.3731 -66.3422
15 -92.3784 -66.3577
16 -92.296 -82.2027
17 -90.2296 -82.192
18 -90.1504 -97.2803
19 -82.6702 -97.2408
20 -82.6054 -109.433
21 -70.2899 -109.367
22 -70.2523 -116.345
23 -54.9306 -116.262
24 -54.9311 -116.176
25 -39.7285 -116.092
26 -39.7711 -108.425
27 -28.6282 -108.363
28 -28.7052 -94.7419
29 -25.2341 -94.7221
30 -25.3237 -79.1801
31 -31.1693 -79.2141
32 -31.2388 -67.39
33 -44.5828 -67.4693
34 -44.6007 -64.5064
35 -59.8494 -64.5991
36 -59.8021 -72.2906
37 -69.4107 -72.3506
38 -69.3178 -87.0558
39 -67.7158 -87.0455
40 -67.6293 -100.372
41 -55.4325 -100.292
42 -55.4108 -103.537
43 -40.6261 -103.437
44 -40.6913 -94.0005
45 -34.3248 -93.9558
46 -34.4321 -78.9286
47 -41.8827 -78.9828
48 -41.9411 -71.0966
49 -56.8224 -71.2089
50 -56.7708 -77.912
51 -64.7971 -77.975
52 -64.6789 -92.7161
53 -57.3715 -92.6563
54 -57.3142 -99.4938
55 -42.7899 -99.3692
56 -42.87 -90.2505
57 -38.7091 -90.213
58 -38.8355 -76.5441
59 -50.4623 -76.6545
60 -50.4607 -76.8246
61 -61.6695 -76.9372
62 -61.5277 -90.6443
63 -55.6895 -90.582
64 -55.6219 -96.7277
65 -42.1287 -96.5741
66 -42.2622 -85.2418
67 -43.8622 -85.2614
68 -43.9755 -76.3186
69 -57.5421 -76.4972
70 -57.4082 -86.2589
71 -57.1315 -86.255
72 -56.9956 -95.3543
73 -43.8222 -95.1484
74 -43.9879 -85.0394
75 -45.9512 -85.0732
76 -46.076 -78.1978
77 -58.2305 -78.4309
78 -57.992 -90.1696
79 -51.7304 -90.0344
80 -51.6941 -91.6089
81 -43.2406 -91.4007
82 -43.5546 -79.5345
83 -54.4795 -79.8464
84 -54.2816 -86.2387
85 -54.1765 -86.2351
86 -53.9601 -92.0788
87 -44.144 -91.6775
88 -44.6454 -80.6571
89 -54.1904 -81.1448
90 -53.8353 -87.2715
91 -52.0346 -87.1517
92 -51.8467 -89.5822
93 -46.023 -89.0507
94 -46.8996 -81.0628
95 -55.7664 -82.2573
96 -54.3004 -90.9064
97 -46.6435 -89.2268
98 -48.4746 -82.9844
99 -53.1899 -84.904
100 -51.2444 -88.2068
101 -49.105 -86.2978
102 -50.9151 -85.0233
103 -51.609 -86.675
104 -50.1649 -87.0183
105 -50.0112 -85.8128
106 -50.971 -85.7505
107 -50.9939 -86.4807
108 -50.4612 -86.4884
109 -50.4588 -86.114
110 -50.7134 -86.1133
111 -50.7136 -86.2815
112 -50.6054 -86.2815
113 -50.6054 -86.2136
114 -50.6471 -86.2136
115 -50.6471 -86.2387
116 -50.6323 -86.2387
117 -50.6323 -86.2301
118 -50.6372 -86.2301
119 -50.6372 -86.2328
120 -50.6357 -86.2328
