0 0.0569007 0.130176
1 0.0915493 0.113644
2 0.117797 0.15694
3 0.142789 0.135334
4 -0.0440499 0.00206266
5 0.0280981 -0.225404
6 0.0356502 -0.226044
7 0.0557123 -0.194231
8 -0.0399443 0.0119733
9 -0.278787 0.0721616
10 -0.378206 0.0147479
11 -0.382897 0.00362148
12 -0.384676 0.0157344
13 -0.388307 0.0206675
14 -0.389441 0.0212194
15 -0.389551 0.0212133
16 -0.389547 0.0212163
17 -0.389546 0.0212188
18 -0.389546 0.0212191
19 -0.389546 0.0212192
20 -0.389546 0.0212192
21 -0.389546 0.0212192
22 -0.389546 0.0212192
23 -0.389546 0.0212192
24 -0.389546 0.0212192
25 -0.389546 0.0212192
26 -0.389546 0.0212192
27 -0.389546 0.0212192
28 -0.389546 0.0212192
29 -0.389546 0.0212192
30 -0.389546 0.0212192
31 -0.389546 0.0212192
32 -0.389546 0.0212192
33 -0.389546 0.0212192
34 -0.389546 0.0212192
35 -0.389546 0.0212192
36 -0.389546 0.0212192
37 -0.389546 0.0212192
38 -0.389546 0.0212192
39 -0.389546 0.0212192
40 -0.389546 0.0212192
41 -0.389546 0.0212192
42 -0.389546 0.0212192
43 -0.389546 0.0212192
44 -0.389546 0.0212192
45 -0.389546 0.0212192
46 -0.389546 0.0212192
47 -0.389546 0.0212192
48 -0.389546 0.0212192
49 -0.389546 0.0212192
50 -0.389546 0.0212192
