0 0.00525968 -0.013309
1 0.00779883 -0.0123065
2 0.00255891 0.0010044
3 -0.00263128 -0.00102877
4 -0.00781184 0.0122874
5 -0.00510471 0.0133312
6 0.0050579 -0.0133152
7 0.00793342 -0.0122328
8 0.00299166 0.00109687
9 -0.00320953 -0.00116223
10 -0.00797095 0.0121697
11 -0.0045883 0.0133512
12 0.00449153 -0.0133
13 0.00821332 -0.0120665
14 0.00393631 0.00123852
15 -0.00429929 -0.0013213
16 -0.00827218 0.0119425
17 -0.00370226 0.0132568
18 0.00355434 -0.013132
19 0.00863099 -0.0118031
20 0.00538614 0.00128515
21 -0.00588473 -0.00134614
22 -0.00870993 0.0115902
23 -0.00246744 0.0128557
24 0.00227938 -0.0126015
25 0.00917177 -0.0114325
26 0.00727657 0.00102232
27 -0.00787921 -0.00101059
28 -0.00927742 0.0110939
29 -0.00098784 0.0118921
30 0.00079673 -0.011443
31 0.00981237 -0.0109377
32 0.00942267 0.000196956
33 -0.0100608 -6.24231e-05
34 -0.00996598 0.0104353
35 0.000484797 0.0101004
36 -0.000602714 -0.00940111
37 0.0105205 -0.0102934
38 0.011458 -0.00140287
39 -0.012016 0.00168356
40 -0.010762 0.00960105
41 0.00150602 0.00731681
42 -0.00143349 -0.00635607
43 0.0112574 -0.00946323
44 0.0128178 -0.00380574
45 -0.0131419 0.00419056
46 -0.01164 0.00858732
47 0.0014697 0.00365024
48 -0.00107317 -0.00250349
49 0.0119845 -0.00840066
50 0.0128343 -0.0066734
51 -0.0127751 0.00701638
52 -0.0125525 0.00740049
53 -0.000214575 -0.000339768
54 0.00102022 0.00148078
55 0.0126726 -0.00705696
56 0.0110042 -0.00916556
57 -0.0105017 0.00920988
58 -0.013419 0.00604952
59 -0.00376227 -0.00358914
60 0.00491438 0.00443965
61 0.0133085 -0.00540035
62 0.00741689 -0.0100224
63 -0.00660218 0.00946903
64 -0.014125 0.00452794
65 -0.00856325 -0.00479045
66 0.00976474 0.00508918
67 0.0138871 -0.00344447
68 0.00315194 -0.00804618
69 -0.00239455 0.00672308
70 -0.0145425 0.00279344
71 -0.01294 -0.00309261
72 0.0136804 0.0028065
73 0.014379 -0.00127088
74 0.000246232 -0.00298386
75 -4.12699e-05 0.00106521
76 -0.0145779 0.000767417
77 -0.0145723 0.000947789
78 0.0143511 -0.00143889
79 0.0146794 0.000983014
80 0.000804091 0.00362019
81 -0.00144639 -0.00551383
82 -0.0142261 -0.00161664
83 -0.011855 0.00485713
84 0.0105814 -0.00481038
85 0.0145792 0.00319256
86 0.00530102 0.00850949
87 -0.00648578 -0.00955394
88 -0.0135753 -0.00431301
89 -0.00566937 0.00515557
90 0.00396871 -0.00392242
91 0.0138204 0.00534529
92 0.0111618 0.00854218
93 -0.0118984 -0.00834009
94 -0.0127071 -0.00707696
95 3.51087e-05 -1.05388e-05
96 -0.00105136 0.00228216
97 0.0122626 0.00757
98 0.0135086 0.00371904
99 -0.0127317 -0.00289988
100 -0.0115236 -0.00951667
101 0.000582819 -0.00813748
102 -0.000254678 0.0102169
103 0.0100522 0.00998077
104 0.00901219 -0.00128089
105 -0.00669228 0.00128474
106 -0.00968236 -0.0113454
107 -0.00471635 -0.0129015
108 0.00562014 0.0133179
109 0.00756687 0.0123821
110 0.000315647 -0.000245053
111 0.00204389 -0.00141516
112 -0.00685041 -0.0126483
113 -0.00997671 -0.0097652
114 0.00958296 0.0084546
115 0.00503082 0.0141608
116 -0.00463896 0.00760021
117 0.00527687 -0.00979063
118 -0.00317683 -0.0137664
119 -0.00748303 -0.00233767
120 0.00488315 0.00122356
121 0.00215325 0.0147059
122 -0.0009299 0.0143388
123 0.000129968 -0.0146657
124 0.000594637 -0.0146872
125 0.0024525 -0.000412577
126 -0.00549042 0.00130874
127 -0.00156415 0.0140886
128 0.00535311 0.0112984
129 -0.00501372 -0.00913969
130 0.00383113 -0.014637
131 0.00908062 -0.00763713
132 -0.00982901 0.0093364
133 -0.005884 0.0130159
134 0.00279798 0.00185716
135 9.72748e-05 0.000121718
136 0.00683072 -0.0127991
137 0.00464899 -0.0136933
138 -0.00349739 0.0129327
139 -0.00956853 0.0116758
140 -0.00822098 -0.000446496
141 0.0110044 -0.000127473
142 0.0102635 -0.00958294
143 -0.00185757 -0.00745646
144 0.0013218 0.00403974
145 -0.0117683 0.00906634
146 -0.0126175 0.00737007
147 0.0120425 -0.00817009
148 0.0135087 -0.00628546
149 0.00346527 0.00327369
150 -0.00642328 -0.00522393
151 -0.0132352 0.00454313
152 -0.00439557 0.00945801
153 0.00256742 -0.00677521
154 0.0148014 -0.00296022
155 0.0138375 0.00182748
156 -0.0146891 -0.000873551
157 -0.0146847 -0.000460221
158 -0.000327368 -0.0021359
159 0.00150599 0.00596749
160 0.0139314 0.00171853
161 0.010394 -0.00585106
162 -0.0074549 0.00498233
163 -0.0145999 -0.00432838
164 -0.00982652 -0.00890411
165 0.0115098 0.0089273
166 0.0126274 0.00724028
167 -0.000343288 0.000597182
168 0.001665 -0.00472377
169 -0.0115344 -0.00806305
170 -0.012529 -0.000684964
171 0.00963095 -0.000252284
172 0.0107036 0.0109298
173 0.00364799 0.0124445
174 -0.00519673 -0.0135485
175 -0.00739721 -0.0124986
176 0.000384928 -0.00016993
177 -0.0037988 0.00322454
178 0.0059823 0.0127076
179 0.0105472 0.00670284
180 -0.00830509 -0.00432765
181 -0.00375187 -0.0148584
182 0.00273945 -0.0129486
183 -0.00179577 0.0145474
184 -0.000131164 0.0146142
185 -0.00134995 0.000120955
186 0.00591958 -0.00141788
187 0.00160549 -0.0138506
188 -0.00613259 -0.0100161
189 0.00484307 0.0064893
190 -0.00451123 0.0145994
191 -0.00839532 0.0111346
192 0.00781843 -0.0125863
193 0.00809683 -0.0124449
194 0.00334825 0.000983529
195 -0.00807379 -0.00143941
196 -0.00899978 0.0104887
197 0.00151095 0.00991255
198 -0.00140538 -0.00544253
199 0.0115166 -0.00974343
200 0.0125698 -0.00759408
201 -0.0116405 0.00863662
202 -0.0139416 0.00604594
203 -0.00537432 -0.00395824
204 0.00945154 0.0055684
205 0.0134722 -0.00312044
206 0.00128759 -0.00682268
207 -5.55564e-05 0.00172444
208 -0.0145767 0.001491
209 -0.0143638 0.00319356
210 0.0122744 -0.00405227
211 0.0152512 0.00284495
212 0.00618846 0.00840133
213 -0.00917072 -0.0100861
214 -0.0128596 -0.00599401
215 -0.00090868 0.00199075
216 -0.00148519 0.00320365
217 0.0119755 0.0073337
218 0.0129957 0.000629454
219 -0.00924561 0.000548539
220 -0.0109225 -0.0109806
221 -0.00518541 -0.0127125
222 0.00706185 0.0131248
223 0.00676703 0.0133234
224 -0.00280177 0.0029197
225 0.00556263 -0.00751638
226 -0.00407119 -0.0130763
227 -0.00831242 -0.00215825
228 0.00302284 0.000339848
229 0.00212443 0.0146682
230 0.00289334 0.014597
231 -0.00398024 -0.0125426
232 0.00267433 -0.0153909
233 0.00833797 -0.00638719
234 -0.0100077 0.0096792
235 -0.00621608 0.0128282
236 0.00116663 0.000340631
237 0.00473873 0.00174291
238 0.00761957 -0.0115424
239 -0.000757308 -0.0119809
240 0.00133941 0.00706764
241 -0.0111675 0.0105595
242 -0.0125689 0.00754813
243 0.0115202 -0.00891812
244 0.0141286 -0.00619744
245 0.00650517 0.00401889
246 -0.0113051 -0.0051394
247 -0.0136763 0.00231044
248 5.95511e-05 0.00425509
249 7.95335e-06 0.00238355
250 0.0140679 -0.000414809
251 0.0118375 -0.00623304
252 -0.0074249 0.00521832
253 -0.0151423 -0.00380842
254 -0.0118295 -0.00780802
255 0.0133658 0.00659607
256 0.0126166 0.00867267
257 -0.000562294 0.00637705
258 -0.000599272 -0.0117873
259 -0.00915136 -0.0102555
260 -0.004455 0.00248641
261 -0.00164976 0.000843813
262 0.00772018 0.011811
263 0.0114772 0.00721951
264 -0.00828073 -0.00375642
265 -0.00445176 -0.0150207
266 0.000487286 -0.0142866
267 0.00145463 0.014798
268 -0.00125843 0.0153898
269 -0.00630719 0.00334692
270 0.0100896 -0.00739329
271 0.00472157 -0.0130016
272 -0.00344956 -0.00162711
273 -0.00318975 -0.00150545
274 -0.00670295 0.012129
275 0.000852008 0.0126264
276 -0.00154889 -0.00705246
277 0.0108727 -0.0110212
278 0.0121555 -0.00866086
279 -0.0103111 0.00977153
280 -0.014479 0.00630522
281 -0.00893913 -0.00376198
282 0.0136694 0.00352212
283 0.0142409 -0.00123393
284 -0.000304166 -0.000167172
285 -0.00214582 -0.00690749
286 -0.0134209 -0.0013081
287 -0.00690013 0.00716601
288 0.00159745 -0.00253632
289 0.0140759 0.00465741
290 0.0146769 0.00287907
291 -0.0117265 -0.000522844
292 -0.0124028 -0.0101215
293 -0.00499199 -0.0121686
294 0.00778677 0.0130245
295 0.00730253 0.0134081
296 -0.00322333 0.00455215
297 0.00513644 -0.0108445
298 -0.00304423 -0.0133274
299 -0.00430611 0.000466831
300 -0.00378054 0.000407217
301 0.00059649 0.0137122
302 0.00766937 0.00963031
303 -0.00442477 -0.00389129
304 0.00366733 -0.0148961
305 0.00436295 -0.0145802
306 -0.0017413 0.0129954
307 -0.00961832 0.012927
308 -0.0114732 0.0038329
309 0.0134371 -0.00704725
310 0.0129233 -0.00776213
311 0.00343925 0.00271594
312 -0.0102655 -0.00518365
313 -0.0130651 0.0035736
314 0.000534171 0.00487277
315 0.000387792 0.00365534
316 0.013649 -0.000965358
317 0.00931965 -0.008001
318 -0.00333469 0.00423721
319 -0.0148913 -0.00340612
320 -0.0149053 -0.00336955
321 0.0124501 0.000670162
322 0.0131031 0.00956025
323 0.005368 0.0119021
324 -0.00856126 -0.0126893
325 -0.00776463 -0.013413
326 0.00323704 -0.00571557
327 -0.00418117 0.0124889
328 0.00272207 0.0136219
329 0.00182441 -0.000764138
330 0.00659848 -0.00217857
331 0.000316382 -0.0132924
332 -0.00774937 -0.00590325
333 0.00132155 0.000319296
334 -0.00399306 0.0139149
335 0.000214612 0.014522
336 -0.00182091 -0.00887886
337 0.00971289 -0.0126698
338 0.0115704 -0.00963393
339 -0.00907888 0.010848
340 -0.0144283 0.00752022
341 -0.0111757 -0.00220407
342 0.0153002 0.000141353
343 0.0151303 -0.00100782
344 0.00206702 0.00425064
345 -0.00783051 -0.00963342
346 -0.0131982 -0.00344045
347 -0.000583739 0.00306372
348 -0.00136186 0.00628173
349 0.0116737 0.00625184
350 0.00909116 -0.0041854
351 -0.000657999 0.000934419
352 -0.0103514 -0.0100001
353 -0.0130632 -0.00606196
354 0.00796246 0.00184785
355 0.00649046 0.0144931
356 0.00431769 0.0147745
357 -0.00612558 -0.0118197
358 0.000390378 -0.0164748
359 0.00690818 -0.0109447
360 -0.00554577 0.0144478
361 -0.00714579 0.0141107
362 -0.00768255 0.00116638
363 0.0134148 -0.00515834
364 0.0108585 -0.00940534
365 0.000603246 0.00100939
366 -0.00927985 -0.00472368
367 -0.0120907 0.00532019
368 0.00127136 0.00557901
369 0.000996125 0.00442883
370 0.0131694 -0.00206227
371 0.0066459 -0.00912677
372 -0.000524281 0.00209127
373 -0.0143871 -0.00237243
374 -0.0146124 0.00182972
375 0.00773099 -0.00281933
376 0.0134495 0.00859094
377 0.012094 0.00979126
378 -0.0114532 -0.00580839
379 -0.00863574 -0.0142137
380 -0.00125057 -0.0137625
381 0.00456521 0.0146145
382 0.00131502 0.0162494
383 -0.00649255 0.00753744
384 0.00720124 -0.0136077
385 0.00527468 -0.0142218
386 0.00468556 -8.65194e-05
387 -0.0126588 0.0039012
388 -0.00921605 0.0102882
389 0.00127626 0.000245306
390 0.0082253 0.00438619
391 0.0112209 -0.00657574
392 -0.00170662 -0.00651587
393 -0.00103662 -0.00415724
394 -0.0128769 0.00309654
395 -0.00575266 0.00970022
396 -9.60251e-05 -0.0013506
397 0.0142434 0.00152564
398 0.0138225 -0.00386317
399 -0.00552804 0.00330131
400 -0.0135826 -0.00769938
401 -0.0139461 -0.00723168
402 0.0104673 0.00256783
403 0.00933004 0.0136748
404 0.00524535 0.0144113
405 -0.00762981 -0.0116031
406 -0.00202208 -0.0167392
407 0.00509723 -0.0124078
408 -0.00238437 0.0153679
409 -0.00578769 0.0154398
410 -0.00928082 0.00438605
411 0.0121417 -0.0100141
412 0.0113869 -0.0106403
413 0.00598276 0.00195802
414 -0.014556 -0.000460121
415 -0.013678 0.00460675
416 -0.000600418 -0.00189097
417 0.00896648 0.00834877
418 0.0133789 0.000788281
419 -0.000542761 -0.00256619
420 -0.000907304 -0.00905119
421 -0.0117929 -0.00508357
422 -0.00399169 0.00531471
423 -0.00326857 0.00432761
424 0.00948407 0.00878968
425 0.00991926 -0.00204447
426 0.00162098 0.000136891
427 -0.00601579 -0.0121797
428 -0.011329 -0.00608546
429 0.00250283 5.04899e-05
430 0.000798273 0.0145218
431 0.00568071 0.0136141
432 -0.00392012 -0.00457695
433 0.0058439 -0.0143961
434 0.00432709 -0.0151843
435 2.21185e-05 0.00915264
436 -0.0123298 0.0107654
437 -0.0129591 0.00941299
438 0.00731801 -0.00917559
439 0.0164693 -0.00391671
440 0.0155192 0.000464017
441 -0.0133358 0.00321994
442 -0.0166043 -0.00440878
443 -0.0112052 -0.00909783
444 0.0138219 0.00605913
445 0.0124755 0.0117421
446 0.00308005 0.0124957
447 -0.00784202 -0.0138129
448 -0.00532771 -0.0159641
449 0.00429304 -0.0100916
450 -0.001887 0.0160405
451 -0.00269919 0.0161092
452 -0.00765905 0.00443453
453 0.0108049 -0.011756
454 0.00946349 -0.0125455
455 0.00658069 0.000832518
456 -0.0150807 0.00318696
457 -0.0135211 0.0065915
458 -0.00306632 -0.00318039
459 0.0133993 0.00573534
460 0.0143801 0.000109463
461 -6.15293e-05 0.00231919
462 -0.00718697 -0.0114659
463 -0.0123502 -0.00611663
464 0.000887515 0.000129626
465 -0.000502506 0.0123492
466 0.00820432 0.0104466
467 0.000721537 -0.00191488
468 0.00660429 -0.0089493
469 -0.00287598 -0.0125794
470 -0.00335697 0.00151438
471 -0.00929531 0.00334
472 -0.00270232 0.0123554
473 0.00506302 0.00113536
474 0.00842018 0.00206679
475 0.00764252 -0.00989454
476 -0.00443991 -0.00476788
477 -0.0051288 -0.00552471
478 -0.0111215 0.00559264
479 0.00130836 0.00754289
480 0.00109897 0.00641738
481 0.0124602 -0.000152627
482 0.00328561 -0.00796432
483 0.00221651 -0.00515268
484 -0.0112759 -0.00543047
485 -0.00760779 0.00552844
486 -0.00402473 0.00270499
487 0.00765174 0.00999665
488 0.00999498 -0.000878547
489 0.00424041 -9.93549e-05
490 -0.00223192 -0.012465
491 -0.00949675 -0.00451138
492 -0.00325825 -0.00194021
493 -0.00383396 0.0121325
494 0.0061765 0.00892623
495 0.0016373 0.0030973
496 0.00911948 -0.00892565
497 -0.00101896 -0.0110165
498 0.000142088 -0.00337231
499 -0.0122763 0.00350344
500 -0.00446222 0.0102116
501 -0.00177324 0.00290948
502 0.0124162 0.00284505
503 0.00874241 -0.00683483
504 0.00308498 -0.00185535
505 -0.00940041 -0.00850234
506 -0.0107486 0.00192639
507 -0.00394279 0.000311941
508 0.0039371 0.0119492
509 0.0101341 0.0031292
510 0.00417232 0.00161627
511 0.00255925 -0.0121983
512 -0.00730935 -0.00703762
513 -0.00355957 -0.00373187
514 -0.00832302 0.00910591
515 0.00325012 0.00895813
516 0.00193398 0.00567884
517 0.011718 -0.00346156
518 0.000839527 -0.00870091
519 0.000704038 -0.00695501
520 -0.0117115 -0.00318544
521 -0.00389943 0.0067193
522 -0.00407467 0.00701902
523 0.00820288 0.00892943
524 0.00531436 -0.00391585
525 0.00759005 -0.00546466
526 -0.00210322 -0.0120392
527 -0.00506369 0.00132987
528 -0.0104389 0.00220272
529 -0.00487469 0.0114701
530 0.00368515 0.000198372
531 0.0117765 0.00242094
532 0.0106724 -0.00720578
533 -0.00207053 -0.000288991
534 -0.0109702 -0.00762754
535 -0.0134702 0.000320058
536 0.00115706 -0.000865523
537 0.00782549 0.0123485
538 0.0122366 0.0072795
539 -0.0016074 0.00256959
540 -0.00271173 -0.0154836
541 -0.00707637 -0.01337
542 0.00357505 -0.00385508
543 -0.00346567 0.0162065
544 -0.000738234 0.0160566
545 -0.00662886 0.00380526
546 0.00945862 -0.0142263
547 0.00908551 -0.0143556
548 0.00986478 -0.00187425
549 -0.0139933 0.00991812
550 -0.0155868 0.00853685
551 -0.0121776 -0.00189852
552 0.016125 -0.00426755
553 0.0183114 -0.000105017
554 0.0126143 0.00685206
555 -0.0155248 -0.00137048
556 -0.0163847 -0.00859831
557 -0.0107019 -0.0118673
558 0.0126021 0.005641
559 0.0103039 0.0150725
560 0.00664139 0.0156905
561 -0.00841402 -0.00758138
562 -0.00184433 -0.0174219
563 -0.00129927 -0.0173228
564 0.00437072 0.00691608
565 -0.00643961 0.0149702
566 -0.00401674 0.0163545
567 -0.00181822 -0.00415389
568 0.0119863 -0.00852049
569 0.00793825 -0.0131323
570 0.00162126 0.000443819
571 -0.0130393 0.000154621
572 -0.00946019 0.00869276
573 -0.00388106 0.00277936
574 0.00923978 0.0073897
575 0.00827236 -0.00446839
576 0.00788733 -0.00425725
577 -0.00179146 -0.0115867
578 -0.00488305 0.00184768
579 -0.0123338 0.00333206
580 -0.00688226 0.0109621
581 0.000480266 -0.00172537
582 0.0157403 -0.000189582
583 0.0139033 -0.00562189
584 0.00343955 0.00419225
585 -0.0169508 -0.00417139
586 -0.0168932 -0.00272578
587 -0.00556427 -0.00847736
588 0.0155403 0.00824818
589 0.0148005 0.0112922
590 0.00521981 0.013177
591 -0.0119866 -0.0105314
592 -0.0083107 -0.0171255
593 -0.00262599 -0.0167087
594 0.00753109 0.0100278
595 -0.000330563 0.0181259
596 -0.00114629 0.0178442
597 -0.00376087 -0.00662675
598 0.00805074 -0.0138087
599 0.00451985 -0.0161408
600 0.00204441 0.00117232
601 -0.0120126 0.00552957
602 -0.00595417 0.0121104
603 -0.00301533 0.00480109
604 0.0106429 0.00393887
605 0.00450491 -0.00705257
606 0.00629505 -0.00959034
607 -0.00425424 -0.0113606
608 -0.000200135 0.00259396
609 -0.0105709 0.0119246
610 -0.00499074 0.0142008
611 -0.00591299 -8.74143e-05
612 0.0140231 -0.0114264
613 0.0137961 -0.0115817
614 0.0120858 8.77876e-05
615 -0.0149645 0.00875086
616 -0.0189013 0.00466089
617 -0.0164523 -0.00210779
618 0.0124682 -0.00533368
619 0.0182899 0.00374382
620 0.0176766 0.00476604
621 -0.00674899 0.00282287
622 -0.0119823 -0.0101817
623 -0.0154254 -0.0062977
624 -0.000856594 -0.00239958
625 0.00209019 0.0118915
626 0.0104812 0.00525624
627 0.00832127 0.0042524
628 0.00792468 -0.00792106
629 -0.00444234 -0.00114684
630 -0.0136225 -0.00742957
631 -0.0145386 -0.000406772
632 -0.000886076 -0.00526203
633 0.0154455 0.0101601
634 0.0155194 0.00990645
635 0.00417403 0.0120976
636 -0.0136241 -0.0105538
637 -0.0108107 -0.0167101
638 -0.00504736 -0.0169897
639 0.00914548 0.00742703
640 0.00257185 0.0177914
641 0.00416107 0.0179272
642 -0.00371566 -0.000927759
643 0.00568067 -0.0122396
644 -0.00282263 -0.0140545
645 -0.000933034 -0.00732035
646 -0.0105118 0.00175433
647 0.00231738 0.00610047
648 0.00370047 0.0146645
649 0.0100101 0.00988935
650 -0.00323339 0.00374726
651 -0.00445893 -0.0183457
652 -0.00461791 -0.0182491
653 0.00510904 -0.0125092
654 0.00393014 0.0165801
655 -0.00303579 0.0199715
656 -0.00660638 0.0174054
657 -0.00316917 -0.00938525
658 0.0092768 -0.0141973
659 0.00618257 -0.0168266
660 0.00292037 -0.00120243
661 -0.0110399 0.00301922
662 -0.00298103 0.0109382
663 -0.00318881 0.0116741
664 0.00731316 0.00924493
665 -0.00249091 -0.00169314
666 0.00327684 -0.0182322
667 0.000306932 -0.0177227
668 0.00829794 -0.00776751
669 -0.00229476 0.0182278
670 -0.00826782 0.0189573
671 -0.0117843 0.0141445
672 -0.000125348 -0.0113239
673 0.0126895 -0.0123795
674 0.0108361 -0.0151198
675 0.00335081 -0.000109818
676 -0.0112491 0.000649068
677 -0.00513364 0.0102432
678 -0.00587604 0.011646
679 0.00440773 0.011329
680 -0.00329778 -0.00125567
681 0.00611039 -0.018405
682 0.00468461 -0.0183781
683 0.0107118 -0.00833542
684 -0.00344717 0.0171228
685 -0.0116611 0.0172555
686 -0.0133603 0.0144266
687 -0.00106262 -0.00786622
688 0.0131179 -0.00818835
689 0.00956499 -0.0139759
690 0.00502211 -0.00548636
691 -0.00839028 -0.00496854
692 -0.000986318 0.00659391
693 -0.00603697 0.0165559
694 -7.1854e-05 0.0161746
695 -0.00787913 0.00471205
696 0.00339208 -0.0193725
697 0.00801422 -0.0198292
698 0.0120568 -0.0143511
699 0.00113127 0.0117267
700 -0.0116885 0.0135676
701 -0.00916308 0.0166712
702 -0.00418861 0.00288447
703 0.00981563 0.000100112
704 0.00122413 -0.00931167
705 0.00329746 -0.0163556
706 -0.00400315 -0.0144175
707 0.0063354 -0.00450202
708 0.000876354 0.0203013
709 -0.00258649 0.0214964
710 -0.00837081 0.0167373
711 -0.00445802 -0.0115687
712 0.00727732 -0.0167366
713 0.00399932 -0.0189923
714 0.00330932 -0.00473903
715 -0.00906505 0.00213494
716 0.00238835 0.00849982
717 0.00285316 0.0177177
718 0.00816123 0.0140151
719 -0.0046269 0.00857928
720 -0.00890223 -0.0180899
721 -0.00472764 -0.0217583
722 0.000526391 -0.0202089
723 0.00789541 0.00566971
724 -0.00140102 0.0160976
725 0.00529041 0.0171892
726 0.00203265 0.00960679
727 0.00919769 -0.000948081
728 -0.00521216 -0.00133226
729 -0.0137384 -0.0154221
730 -0.014791 -0.0132687
731 -0.00315397 -0.0146533
732 0.0156546 0.00801407
733 0.012719 0.0174091
734 0.0124434 0.0174865
735 -0.00297102 0.00397754
736 -0.00089713 -0.0106436
737 -0.0112966 -0.00576113
738 -0.0150054 -0.00803945
739 -0.0147473 0.000217752
740 -0.00300315 -0.00806934
741 0.0212344 0.00138452
742 0.0222758 0.00618443
743 0.0183027 0.010278
744 -0.00800108 0.00542044
745 -0.01361 -0.0076135
746 -0.0178322 -0.00108772
747 -0.0126738 -0.00117563
748 -0.00602701 0.00834449
749 -0.000714449 -0.00544825
750 0.0198068 -0.0101912
751 0.02056 -0.00949274
752 0.0192142 -0.000622056
753 -0.00694278 0.0119405
754 -0.0180927 0.00550344
755 -0.0177142 0.010403
756 -0.00924842 0.00357205
757 0.00333074 0.00731007
758 -0.00114214 -0.00640004
759 0.00944136 -0.0203208
760 0.00830701 -0.0203701
761 0.0138978 -0.0115379
762 0.00246877 0.0156848
763 -0.00930313 0.018227
764 -0.00664238 0.0206895
765 -0.00490715 0.00783103
766 0.00710156 0.00158441
767 -0.00555732 -0.00494388
768 -0.00787991 -0.0214154
769 -0.00893621 -0.0204164
770 0.00140128 -0.0183787
771 0.0135799 0.00851239
772 0.00745992 0.019092
773 0.0115607 0.0186893
774 0.00385247 0.00992629
775 0.00677783 -0.00288168
776 -0.00658769 0.00279255
777 -0.0226943 -0.00690694
778 -0.0227031 -0.00700877
779 -0.0157454 -0.013065
780 0.0124548 -0.00665392
781 0.0177523 0.0055773
782 0.0209636 7.83698e-05
783 0.0142938 0.000789566
784 0.00645091 -0.00776076
785 0.00363284 0.00679683
786 -0.0174229 0.0168995
787 -0.0205565 0.0152538
788 -0.0215117 0.0092408
789 -0.00323154 -0.00957905
790 0.0112541 -0.00772694
791 0.00632492 -0.01638
792 0.00724614 -0.0185186
793 -0.000616165 -0.0165878
794 0.0102513 -0.00777933
795 0.009377 0.0204316
796 0.00249781 0.0253476
797 0.00188943 0.025161
798 -0.00470704 0.00744785
799 0.00294618 -0.00478847
800 -0.0105968 -0.00346009
801 -0.0206758 -0.0141543
802 -0.0209581 -0.0123557
803 -0.0119885 -0.0173143
804 0.0149097 -0.00582158
805 0.0183142 0.00699926
806 0.0223748 0.00161958
807 0.01761 0.00171226
808 0.0109098 -0.00645873
809 0.00777427 0.00788186
810 -0.0159085 0.0194628
811 -0.0219423 0.0165886
812 -0.022468 0.0143255
813 -0.00953202 -0.00205666
814 0.00510046 -0.00216117
815 -0.00335604 -0.0125324
816 -0.000380839 -0.0265975
817 -0.00183609 -0.025856
818 0.00715168 -0.0218582
819 0.014688 0.00603037
820 0.00662509 0.0172525
821 0.0148342 0.0167411
822 0.0144314 0.0163077
823 0.0155913 0.00769465
824 0.00370372 0.0150752
825 -0.0235222 0.00592309
826 -0.0270154 -0.00313608
827 -0.027841 -0.00165679
828 -0.014306 -0.00420587
829 -0.00420226 0.00409973
830 -0.00435044 -0.0106883
831 0.0130567 -0.0256357
832 0.0172929 -0.0249507
833 0.019517 -0.0212577
834 0.0122063 0.000449472
835 -0.00151497 0.00593749
836 0.0101933 0.0120855
837 0.0134663 0.0264017
838 0.0140091 0.0256669
839 0.0051821 0.0263298
840 -0.0145517 0.00668615
841 -0.0135516 -0.00780863
842 -0.021947 -0.00146811
843 -0.0282172 -0.00278305
844 -0.0257195 0.00166113
845 -0.0218052 -0.00945739
846 0.00566347 -0.0205333
847 0.0175263 -0.0145937
848 0.0155484 -0.0220097
849 0.015295 -0.0216261
850 0.00733588 -0.0204707
851 0.0176268 -0.0118527
852 0.0186291 0.0177161
853 0.0101386 0.0258913
854 0.0154547 0.0262648
855 0.0121665 0.0220766
856 0.0138137 0.0123567
857 0.00186892 0.0200304
858 -0.0261006 0.0126119
859 -0.0310387 0.00319195
860 -0.0323281 0.00678846
861 -0.0248879 0.00363349
862 -0.0150796 0.00804662
863 -0.019715 -0.00567596
864 -0.00619097 -0.0307371
865 0.00360362 -0.033311
866 0.000808869 -0.0350645
867 0.00250755 -0.0264537
868 -0.00381014 -0.0175901
869 0.0105397 -0.0196007
870 0.0329197 -0.00181624
871 0.0338566 0.00852795
872 0.0363659 0.00564954
873 0.0289703 0.00600622
874 0.0215053 -0.00102838
875 0.0216882 0.013179
876 0.000995242 0.0337801
877 -0.0103783 0.0336028
878 -0.00668674 0.037501
879 -0.00654403 0.0336584
880 -0.000103669 0.0277762
881 -0.0134924 0.027084
882 -0.0333297 0.00487784
883 -0.0325699 -0.00795656
884 -0.0384301 -0.00276271
885 -0.040448 -0.0028829
886 -0.0364444 0.00160495
887 -0.0358318 -0.0100211
888 -0.0142148 -0.0297153
889 9.42917e-05 -0.0291635
890 -0.00735178 -0.0370504
891 -0.00718054 -0.0470615
892 -0.00852791 -0.0457238
893 -0.000163542 -0.0458221
894 0.0187711 -0.0279544
895 0.0194871 -0.0130765
896 0.0284454 -0.0233669
897 0.0474952 -0.0251245
898 0.0502724 -0.0229306
899 0.0507274 -0.0197832
900 0.040107 -0.00468956
901 0.0269758 -0.00198872
902 0.0396924 0.00580745
903 0.0468944 0.0318337
904 0.0425252 0.0402482
905 0.0459728 0.0390093
906 0.040777 0.0368131
907 0.037148 0.0288584
908 0.0331425 0.0412409
909 0.00731261 0.0559998
910 -0.00638113 0.0529713
911 -0.000200566 0.0616575
912 -0.00143629 0.0724296
913 -0.000881315 0.0719369
914 -0.00762506 0.0719205
915 -0.0248663 0.0565293
916 -0.0265568 0.042247
917 -0.0349554 0.0544118
918 -0.0596506 0.0606288
919 -0.0673248 0.0567197
920 -0.066154 0.0596162
921 -0.0643236 0.0542593
922 -0.0571607 0.0500586
923 -0.0694151 0.0478474
924 -0.0879827 0.0251477
925 -0.0877074 0.0105126
926 -0.0959076 0.0198445
927 -0.112497 0.0223521
928 -0.115194 0.0207074
929 -0.115996 0.0183508
930 -0.110469 0.00387381
931 -0.100125 -0.00198854
932 -0.114279 -0.0044547
933 -0.133736 -0.0269728
934 -0.13413 -0.0403678
935 -0.140296 -0.0322816
936 -0.151255 -0.0295882
937 -0.151644 -0.0297693
938 -0.153785 -0.0340629
939 -0.149901 -0.0524415
940 -0.140057 -0.0606369
941 -0.154718 -0.0602181
942 -0.178531 -0.0777469
943 -0.182123 -0.0904406
944 -0.185894 -0.0810556
945 -0.196112 -0.0750197
946 -0.197242 -0.0751548
947 -0.199928 -0.0777521
948 -0.202455 -0.0939018
949 -0.196949 -0.10425
950 -0.209655 -0.0982618
951 -0.238969 -0.104147
952 -0.248635 -0.114797
953 -0.24734 -0.102417
954 -0.256738 -0.0862142
955 -0.261724 -0.0839971
956 -0.260646 -0.0837725
957 -0.265124 -0.0886325
958 -0.266057 -0.0959506
959 -0.271113 -0.0864222
960 -0.294766 -0.0743625
961 -0.309305 -0.0763633
962 -0.298306 -0.0662844
963 -0.291983 -0.0389484
964 -0.296377 -0.0276569
965 -0.288677 -0.032978
966 -0.276702 -0.033135
967 -0.274806 -0.031907
968 -0.27418 -0.0304712
969 -0.275949 -0.0201543
970 -0.281739 -0.0139025
971 -0.270842 -0.016686
972 -0.245636 -0.00834005
973 -0.236443 0.00291132
974 -0.23828 -0.0119529
975 -0.225937 -0.0385024
976 -0.214592 -0.0459599
977 -0.226469 -0.0455844
978 -0.243319 -0.0551013
979 -0.246813 -0.0612712
980 -0.246906 -0.0570084
981 -0.248308 -0.0547444
982 -0.246912 -0.0554862
983 -0.25127 -0.0556373
984 -0.263041 -0.0629037
985 -0.267474 -0.0709372
986 -0.26752 -0.0598506
987 -0.279786 -0.0377916
988 -0.291408 -0.030418
989 -0.276923 -0.0314756
990 -0.249607 -0.0194727
991 -0.240239 -0.00778413
992 -0.243174 -0.0222338
993 -0.235601 -0.0497263
994 -0.226537 -0.0598192
995 -0.238332 -0.0550746
996 -0.261773 -0.0566628
997 -0.271113 -0.0619002
998 -0.265492 -0.0540776
999 -0.262206 -0.0372871
1000 -0.263913 -0.0299826
1001 -0.260005 -0.0351709
1002 -0.250347 -0.0406536
1003 -0.245691 -0.0411875
1004 -0.249443 -0.0422716
1005 -0.254475 -0.0462617
1006 -0.255764 -0.0485261
1007 -0.255473 -0.0464608
1008 -0.256229 -0.043255
1009 -0.256952 -0.0421956
1010 -0.256144 -0.042759
1011 -0.254697 -0.0431274
1012 -0.254143 -0.0430677
1013 -0.254511 -0.0432508
1014 -0.254922 -0.0436858
1015 -0.255008 -0.0438833
1016 -0.254999 -0.0437309
1017 -0.25506 -0.0435259
1018 -0.255104 -0.0434664
1019 -0.255062 -0.0434944
1020 -0.254995 -0.0435105
1021 -0.254972 -0.0435079
1022 -0.254986 -0.0435147
1023 -0.255 -0.0435292
1024 -0.255002 -0.0435352
1025 -0.255002 -0.043531
1026 -0.255004 -0.0435258
1027 -0.255005 -0.0435245
1028 -0.255004 -0.0435251
1029 -0.255003 -0.0435254
1030 -0.255002 -0.0435253
1031 -0.255002 -0.0435254
1032 -0.255003 -0.0435257
1033 -0.255003 -0.0435257
1034 -0.255003 -0.0435257
1035 -0.255003 -0.0435256
1036 -0.255003 -0.0435256
1037 -0.255003 -0.0435256
1038 -0.255003 -0.0435256
1039 -0.255003 -0.0435256
1040 -0.255003 -0.0435256
1041 -0.255003 -0.0435256
1042 -0.255003 -0.0435256
1043 -0.255003 -0.0435256
1044 -0.255003 -0.0435256
1045 -0.255003 -0.0435256
1046 -0.255003 -0.0435256
1047 -0.255003 -0.0435256
1048 -0.255003 -0.0435256
1049 -0.255003 -0.0435256
1050 -0.255003 -0.0435256
1051 -0.255003 -0.0435256
1052 -0.255003 -0.0435256
1053 -0.255003 -0.0435256
1054 -0.255003 -0.0435256
1055 -0.255003 -0.0435256
1056 -0.255003 -0.0435256
1057 -0.255003 -0.0435256
1058 -0.255003 -0.0435256
1059 -0.255003 -0.0435256
1060 -0.255003 -0.0435256
1061 -0.255003 -0.0435256
1062 -0.255003 -0.0435256
1063 -0.255003 -0.0435256
1064 -0.255003 -0.0435256
1065 -0.255003 -0.0435256
1066 -0.255003 -0.0435256
1067 -0.255003 -0.0435256
1068 -0.255003 -0.0435256
1069 -0.255003 -0.0435256
1070 -0.255003 -0.0435256
1071 -0.255003 -0.0435256
1072 -0.255003 -0.0435256
1073 -0.255003 -0.0435256
1074 -0.255003 -0.0435256
1075 -0.255003 -0.0435256
1076 -0.255003 -0.0435256
1077 -0.255003 -0.0435256
1078 -0.255003 -0.0435256
1079 -0.255003 -0.0435256
1080 -0.255003 -0.0435256
1081 -0.255003 -0.0435256
1082 -0.255003 -0.0435256
1083 -0.255003 -0.0435256
1084 -0.255003 -0.0435256
1085 -0.255003 -0.0435256
1086 -0.255003 -0.0435256
1087 -0.255003 -0.0435256
1088 -0.255003 -0.0435256
1089 -0.255003 -0.0435256
1090 -0.255003 -0.0435256
1091 -0.255003 -0.0435256
1092 -0.255003 -0.0435256
1093 -0.255003 -0.0435256
1094 -0.255003 -0.0435256
1095 -0.255003 -0.0435256
1096 -0.255003 -0.0435256
1097 -0.255003 -0.0435256
1098 -0.255003 -0.0435256
1099 -0.255003 -0.0435256
1100 -0.255003 -0.0435256
