0 0.0569007 0.130176
1 0.0116703 0.151758
2 0.162827 0.401089
3 0.21281 0.357878
4 0.41164 0.499702
5 0.488418 0.257637
6 0.473313 0.258918
7 0.35778 0.0757155
8 0.232909 0.344897
9 0.471752 0.284708
10 0.341971 0.20976
11 0.36899 0.273835
12 0.372547 0.249609
13 0.368684 0.254858
14 0.36989 0.254271
15 0.369669 0.254259
16 0.369694 0.254276
17 0.369692 0.254273
18 0.369692 0.254273
19 0.369692 0.254273
20 0.369692 0.254273
21 0.369692 0.254273
22 0.369692 0.254273
23 0.369692 0.254273
24 0.369692 0.254273
25 0.369692 0.254273
26 0.369692 0.254273
27 0.369692 0.254273
28 0.369692 0.254273
29 0.369692 0.254273
30 0.369692 0.254273
31 0.369692 0.254273
32 0.369692 0.254273
33 0.369692 0.254273
34 0.369692 0.254273
35 0.369692 0.254273
36 0.369692 0.254273
37 0.369692 0.254273
38 0.369692 0.254273
39 0.369692 0.254273
40 0.369692 0.254273
41 0.369692 0.254273
42 0.369692 0.254273
43 0.369692 0.254273
44 0.369692 0.254273
45 0.369692 0.254273
46 0.369692 0.254273
47 0.369692 0.254273
48 0.369692 0.254273
49 0.369692 0.254273
50 0.369692 0.254273
