0 0.245936 -4.16334e-16
1 0.245936 0.0666041
2 0.334368 0.0666041
3 0.334368 0.124983
4 -0.0783501 0.124983
5 -0.0783501 0.564875
6 -0.0638913 0.564875
7 -0.0638913 0.489612
8 -0.550872 0.489612
9 -0.550872 1.07332
10 -0.232985 1.07332
11 -0.232985 1.03057
12 -0.169615 1.03057
13 -0.169615 0.976116
14 -0.192087 0.976116
15 -0.192087 0.980624
16 -0.192631 0.980624
17 -0.192631 0.981399
18 -0.192326 0.981399
19 -0.192326 0.981333
20 -0.19233 0.981333
21 -0.19233 0.98133
22 -0.192331 0.98133
23 -0.192331 0.98133
24 -0.192331 0.98133
25 -0.192331 0.98133
26 -0.192331 0.98133
27 -0.192331 0.98133
28 -0.192331 0.98133
29 -0.192331 0.98133
30 -0.192331 0.98133
31 -0.192331 0.98133
32 -0.192331 0.98133
33 -0.192331 0.98133
34 -0.192331 0.98133
35 -0.192331 0.98133
36 -0.192331 0.98133
37 -0.192331 0.98133
38 -0.192331 0.98133
39 -0.192331 0.98133
40 -0.192331 0.98133
41 -0.192331 0.98133
42 -0.192331 0.98133
43 -0.192331 0.98133
44 -0.192331 0.98133
45 -0.192331 0.98133
46 -0.192331 0.98133
47 -0.192331 0.98133
48 -0.192331 0.98133
49 -0.192331 0.98133
50 -0.192331 0.98133
