0 0.00525968 -0.013309
1 0.010338 -0.011304
2 0.0208178 -0.0379258
3 0.026008 -0.0358926
4 0.0363691 -0.0625249
5 0.0417834 -0.0604372
6 0.051946 -0.0870836
7 0.057697 -0.0849187
8 0.0675805 -0.111578
9 0.0737817 -0.109319
10 0.0833046 -0.135983
11 0.0900699 -0.13362
12 0.0991497 -0.160271
13 0.106593 -0.157804
14 0.115147 -0.184414
15 0.123383 -0.181854
16 0.131329 -0.208382
17 0.140469 -0.205754
18 0.147725 -0.232142
19 0.157878 -0.229485
20 0.164368 -0.255661
21 0.175639 -0.25303
22 0.181289 -0.278903
23 0.193774 -0.276371
24 0.198521 -0.301829
25 0.212306 -0.299491
26 0.216096 -0.3244
27 0.231252 -0.322367
28 0.234049 -0.346576
29 0.250628 -0.34498
30 0.252412 -0.368315
31 0.270444 -0.367304
32 0.271223 -0.389574
33 0.290706 -0.389314
34 0.290517 -0.41031
35 0.311418 -0.410979
36 0.310331 -0.430481
37 0.332577 -0.432266
38 0.330702 -0.450047
39 0.354176 -0.453133
40 0.351668 -0.468968
41 0.376204 -0.473537
42 0.373265 -0.48721
43 0.398647 -0.493424
44 0.395526 -0.504739
45 0.421485 -0.512735
46 0.418482 -0.521529
47 0.444701 -0.531403
48 0.442158 -0.537557
49 0.468274 -0.549351
50 0.466574 -0.552805
51 0.492183 -0.566495
52 0.491738 -0.567263
53 0.516414 -0.582744
54 0.517649 -0.580923
55 0.540954 -0.597999
56 0.54429 -0.593782
57 0.565796 -0.612157
58 0.571631 -0.605836
59 0.590944 -0.625114
60 0.599621 -0.617085
61 0.616409 -0.636765
62 0.628192 -0.627521
63 0.642212 -0.647012
64 0.657257 -0.63713
65 0.668381 -0.655767
66 0.686709 -0.645887
67 0.694953 -0.662954
68 0.716424 -0.653751
69 0.72197 -0.66852
70 0.746266 -0.660661
71 0.749471 -0.672433
72 0.776091 -0.666534
73 0.777489 -0.674689
74 0.805754 -0.671263
75 0.806042 -0.675312
76 0.835115 -0.674716
77 0.835126 -0.674356
78 0.864049 -0.676742
79 0.864706 -0.671898
80 0.892456 -0.677173
81 0.894707 -0.668039
82 0.920266 -0.675833
83 0.925008 -0.662886
84 0.947445 -0.672553
85 0.95544 -0.656547
86 0.973997 -0.667181
87 0.985783 -0.649118
88 0.999962 -0.6596
89 1.01577 -0.640662
90 1.02541 -0.64974
91 1.04512 -0.631205
92 1.05043 -0.637599
93 1.07349 -0.620717
94 1.07511 -0.623243
95 1.10059 -0.60911
96 1.09951 -0.606817
97 1.12614 -0.596242
98 1.12364 -0.58854
99 1.14988 -0.581921
100 1.14747 -0.568687
101 1.17168 -0.565929
102 1.17084 -0.547574
103 1.19146 -0.548047
104 1.19354 -0.525523
105 1.20924 -0.528089
106 1.21522 -0.502829
107 1.22515 -0.505941
108 1.23549 -0.479722
109 1.23938 -0.481593
110 1.25389 -0.456339
111 1.25216 -0.455169
112 1.26995 -0.432702
113 1.26369 -0.426936
114 1.28325 -0.408716
115 1.27415 -0.397304
116 1.29349 -0.384183
117 1.28357 -0.366792
118 1.30048 -0.358841
119 1.29187 -0.335983
120 1.30423 -0.332422
121 1.29878 -0.305457
122 1.30494 -0.304723
123 1.30388 -0.275719
124 1.30295 -0.275676
125 1.30667 -0.247127
126 1.29872 -0.245405
127 1.30658 -0.219846
128 1.29274 -0.214265
129 1.30311 -0.193827
130 1.28542 -0.182832
131 1.29592 -0.168833
132 1.27701 -0.151859
133 1.2849 -0.1445
134 1.26754 -0.122182
135 1.27024 -0.120447
136 1.25677 -0.0946055
137 1.25241 -0.096394
138 1.24426 -0.0697679
139 1.23212 -0.0722817
140 1.22942 -0.0480371
141 1.2102 -0.0483561
142 1.21168 -0.0294452
143 1.18744 -0.0251922
144 1.19062 -0.013696
145 1.16444 -0.00364283
146 1.16613 -0.000250284
147 1.14147 0.0152899
148 1.13854 0.0115206
149 1.11845 0.0306389
150 1.10857 0.0221413
151 1.09494 0.0416754
152 1.07726 0.0318457
153 1.0703 0.0480789
154 1.04583 0.0404489
155 1.0439 0.0500243
156 1.01538 0.0473233
157 1.01539 0.0481499
158 0.986671 0.0515013
159 0.984838 0.0433979
160 0.959987 0.0518958
161 0.952912 0.0367567
162 0.935063 0.04759
163 0.920773 0.0289686
164 0.911226 0.0381201
165 0.88989 0.0202887
166 0.887655 0.0236627
167 0.861714 0.0103765
168 0.863722 0.00505558
169 0.837323 -0.00162297
170 0.839312 -0.0163792
171 0.817152 -0.0168118
172 0.815007 -0.039176
173 0.800896 -0.0361467
174 0.792051 -0.0621397
175 0.78765 -0.0600399
176 0.772086 -0.0846972
177 0.77627 -0.0880917
178 0.756707 -0.107058
179 0.765837 -0.119067
180 0.746985 -0.130098
181 0.756091 -0.151159
182 0.743109 -0.154979
183 0.747644 -0.182475
184 0.744315 -0.182608
185 0.741877 -0.211595
186 0.749147 -0.213134
187 0.740519 -0.237999
188 0.755995 -0.245668
189 0.745019 -0.262174
190 0.763728 -0.278394
191 0.755959 -0.285323
192 0.772173 -0.309044
193 0.77273 -0.308761
194 0.782227 -0.335618
195 0.793649 -0.333195
196 0.795501 -0.357051
197 0.816523 -0.358204
198 0.813606 -0.373559
199 0.83945 -0.382161
200 0.837344 -0.386459
201 0.861554 -0.40269
202 0.866156 -0.397509
203 0.883291 -0.417517
204 0.898117 -0.40799
205 0.906158 -0.425368
206 0.930528 -0.417964
207 0.931871 -0.426511
208 0.960913 -0.426044
209 0.961339 -0.422639
210 0.987977 -0.429885
211 0.993931 -0.41609
212 1.01206 -0.427203
213 1.02742 -0.408715
214 1.03479 -0.4169
215 1.0587 -0.40093
216 1.05812 -0.399717
217 1.08504 -0.391457
218 1.083 -0.378049
219 1.10524 -0.377968
220 1.10859 -0.354909
221 1.12007 -0.358373
222 1.13232 -0.332536
223 1.13173 -0.332139
224 1.15086 -0.311332
225 1.1425 -0.300896
226 1.16177 -0.289776
227 1.15328 -0.26794
228 1.16462 -0.265442
229 1.16282 -0.236785
230 1.16129 -0.236642
231 1.16816 -0.209503
232 1.15485 -0.203806
233 1.16618 -0.185799
234 1.14783 -0.169732
235 1.15541 -0.163434
236 1.14065 -0.138459
237 1.13708 -0.139861
238 1.13132 -0.113291
239 1.11456 -0.114168
240 1.11666 -0.0951193
241 1.09164 -0.0881356
242 1.09445 -0.082113
243 1.07036 -0.0656467
244 1.06514 -0.0710881
245 1.04989 -0.0506554
246 1.03208 -0.0598137
247 1.02734 -0.0449141
248 0.99987 -0.0488034
249 0.999922 -0.0469318
250 0.971802 -0.0413351
251 0.967341 -0.0529716
252 0.948079 -0.0415202
253 0.932644 -0.0595737
254 0.926019 -0.0515745
255 0.900824 -0.0659786
256 0.902322 -0.0701318
257 0.875964 -0.074723
258 0.875927 -0.0928874
259 0.858823 -0.0898238
260 0.84943 -0.115308
261 0.846625 -0.113665
262 0.827885 -0.135599
263 0.835399 -0.144782
264 0.815641 -0.155758
265 0.823299 -0.178287
266 0.813421 -0.179755
267 0.812454 -0.20884
268 0.81788 -0.210023
269 0.807782 -0.234109
270 0.824179 -0.244849
271 0.813443 -0.256066
272 0.829785 -0.278815
273 0.829526 -0.278936
274 0.836552 -0.306205
275 0.851662 -0.30521
276 0.849261 -0.324889
277 0.874104 -0.332827
278 0.871539 -0.337548
279 0.894005 -0.35598
280 0.902341 -0.349047
281 0.913421 -0.369182
282 0.936029 -0.361898
283 0.937172 -0.37141
284 0.966262 -0.373543
285 0.968104 -0.366803
286 0.990654 -0.378002
287 1.0037 -0.361054
288 1.01219 -0.370756
289 1.03715 -0.356368
290 1.03595 -0.352812
291 1.06235 -0.34941
292 1.0637 -0.330213
293 1.07853 -0.334307
294 1.0913 -0.309114
295 1.09034 -0.308347
296 1.11139 -0.290635
297 1.10303 -0.275238
298 1.11939 -0.270272
299 1.11687 -0.242684
300 1.11739 -0.242743
301 1.12615 -0.216133
302 1.112 -0.20797
303 1.12409 -0.194448
304 1.10791 -0.172438
305 1.1093 -0.171807
306 1.1032 -0.144231
307 1.08744 -0.144368
308 1.09115 -0.12618
309 1.06624 -0.115299
310 1.06727 -0.11387
311 1.0483 -0.0929135
312 1.0346 -0.100813
313 1.029 -0.0832986
314 1.0018 -0.0858969
315 1.00194 -0.0846795
316 0.975422 -0.0754381
317 0.966764 -0.0895094
318 0.954109 -0.0772712
319 0.930996 -0.0925578
320 0.931024 -0.092631
321 0.903669 -0.0966707
322 0.902363 -0.114451
323 0.886892 -0.109767
324 0.872963 -0.134359
325 0.874556 -0.135806
326 0.852553 -0.151201
327 0.859971 -0.169405
328 0.846165 -0.171671
329 0.84437 -0.200443
330 0.849144 -0.201858
331 0.836579 -0.224086
332 0.852711 -0.238864
333 0.84364 -0.245086
334 0.854269 -0.272277
335 0.862685 -0.271063
336 0.860649 -0.294464
337 0.883717 -0.302046
338 0.880002 -0.308118
339 0.900651 -0.3286
340 0.91135 -0.321944
341 0.917855 -0.341393
342 0.944331 -0.339047
343 0.943991 -0.341346
344 0.970118 -0.351863
345 0.980015 -0.337979
346 0.990751 -0.350365
347 1.01598 -0.337356
348 1.0152 -0.334138
349 1.04127 -0.334198
350 1.04644 -0.313323
351 1.05619 -0.318443
352 1.07557 -0.296574
353 1.07015 -0.288698
354 1.09118 -0.280788
355 1.08823 -0.255498
356 1.09258 -0.25606
357 1.10302 -0.229466
358 1.08999 -0.220156
359 1.10302 -0.209096
360 1.09057 -0.183704
361 1.08737 -0.184378
362 1.08844 -0.158489
363 1.06735 -0.152164
364 1.07246 -0.14367
365 1.05195 -0.122841
366 1.04207 -0.128574
367 1.03644 -0.108486
368 1.00972 -0.109004
369 1.00999 -0.107854
370 0.985648 -0.0948715
371 0.972601 -0.109001
372 0.965431 -0.0977825
373 0.937706 -0.10671
374 0.938156 -0.115114
375 0.915813 -0.110465
376 0.904376 -0.133286
377 0.901665 -0.130885
378 0.878117 -0.146485
379 0.883752 -0.163295
380 0.868982 -0.164198
381 0.863166 -0.192575
382 0.869667 -0.195844
383 0.854051 -0.213268
384 0.867745 -0.234414
385 0.863892 -0.235642
386 0.86507 -0.263912
387 0.882415 -0.2679
388 0.875529 -0.280674
389 0.896514 -0.30076
390 0.903463 -0.296619
391 0.909454 -0.318542
392 0.935309 -0.318662
393 0.934639 -0.321021
394 0.95832 -0.335528
395 0.972568 -0.322321
396 0.978225 -0.333372
397 1.0069 -0.327619
398 1.00775 -0.316842
399 1.0271 -0.324006
400 1.04321 -0.302005
401 1.04248 -0.30107
402 1.06689 -0.29127
403 1.06462 -0.269056
404 1.07279 -0.270529
405 1.08566 -0.244515
406 1.07445 -0.234243
407 1.08868 -0.22558
408 1.0812 -0.197804
409 1.0744 -0.19766
410 1.08138 -0.175553
411 1.05996 -0.161153
412 1.06147 -0.159901
413 1.05066 -0.134704
414 1.03012 -0.137122
415 1.03188 -0.126988
416 1.00572 -0.113993
417 0.996157 -0.124233
418 0.987332 -0.109112
419 0.959489 -0.115821
420 0.959124 -0.122306
421 0.937353 -0.11437
422 0.921751 -0.135167
423 0.921028 -0.13418
424 0.895522 -0.143104
425 0.896393 -0.164772
426 0.888095 -0.162591
427 0.872821 -0.187224
428 0.883447 -0.199413
429 0.869616 -0.205549
430 0.873025 -0.234491
431 0.88279 -0.236307
432 0.873189 -0.254498
433 0.892717 -0.274136
434 0.89575 -0.27256
435 0.900055 -0.296897
436 0.924759 -0.300122
437 0.923501 -0.302827
438 0.943778 -0.321415
439 0.96208 -0.310898
440 0.963981 -0.319659
441 0.992835 -0.322415
442 0.999372 -0.307158
443 1.01017 -0.316536
444 1.0352 -0.301379
445 1.0325 -0.290013
446 1.0513 -0.29152
447 1.06222 -0.265212
448 1.05719 -0.260909
449 1.07643 -0.249164
450 1.07025 -0.223032
451 1.06863 -0.222895
452 1.07855 -0.199545
453 1.06008 -0.183355
454 1.06276 -0.181776
455 1.057 -0.15502
456 1.03534 -0.152665
457 1.03846 -0.145856
458 1.01755 -0.126312
459 1.00108 -0.135228
460 0.99912 -0.123976
461 0.970237 -0.119557
462 0.963111 -0.133342
463 0.952785 -0.122643
464 0.926309 -0.135136
465 0.927699 -0.147355
466 0.910286 -0.14355
467 0.89532 -0.168273
468 0.901203 -0.175307
469 0.882242 -0.182568
470 0.883204 -0.210755
471 0.889143 -0.212581
472 0.875957 -0.230612
473 0.891487 -0.253052
474 0.894845 -0.25212
475 0.893289 -0.276043
476 0.917454 -0.286296
477 0.918143 -0.28554
478 0.930128 -0.307774
479 0.954988 -0.303874
480 0.954779 -0.304999
481 0.977501 -0.318139
482 0.995851 -0.302516
483 0.99692 -0.305328
484 1.0239 -0.304772
485 1.03124 -0.282854
486 1.03482 -0.285678
487 1.05818 -0.271094
488 1.05349 -0.249344
489 1.05924 -0.250123
490 1.07219 -0.225392
491 1.05766 -0.209485
492 1.0639 -0.206913
493 1.06275 -0.178768
494 1.04273 -0.172355
495 1.04727 -0.166526
496 1.0323 -0.14248
497 1.01202 -0.146662
498 1.01319 -0.139018
499 0.988348 -0.125266
500 0.97272 -0.138683
501 0.970031 -0.131381
502 0.941652 -0.131252
503 0.934305 -0.150612
504 0.928647 -0.145632
505 0.903677 -0.158926
506 0.906373 -0.179784
507 0.899567 -0.178169
508 0.883807 -0.201444
509 0.896201 -0.219084
510 0.89024 -0.220597
511 0.887013 -0.248226
512 0.906751 -0.258547
513 0.903001 -0.261853
514 0.912528 -0.287529
515 0.935674 -0.287824
516 0.934358 -0.291103
517 0.953926 -0.309384
518 0.975683 -0.298905
519 0.975819 -0.300651
520 1.00065 -0.308191
521 1.01627 -0.288381
522 1.0161 -0.288081
523 1.04065 -0.28426
524 1.04643 -0.25857
525 1.04415 -0.257021
526 1.06354 -0.243872
527 1.05762 -0.217134
528 1.05225 -0.216261
529 1.06337 -0.197726
530 1.04625 -0.175183
531 1.03816 -0.177405
532 1.04037 -0.158152
533 1.01489 -0.144318
534 1.00599 -0.151657
535 1.00099 -0.135762
536 0.971731 -0.13339
537 0.965062 -0.146604
538 0.95624 -0.136466
539 0.928552 -0.145886
540 0.927448 -0.163939
541 0.918719 -0.159712
542 0.897416 -0.178742
543 0.904457 -0.198804
544 0.899002 -0.198504
545 0.88722 -0.223007
546 0.903308 -0.241038
547 0.902562 -0.241297
548 0.901003 -0.266259
549 0.924861 -0.278052
550 0.928048 -0.275289
551 0.934867 -0.29616
552 0.963169 -0.298529
553 0.967542 -0.290204
554 0.978936 -0.304118
555 1.00708 -0.295895
556 1.0088 -0.28144
557 1.02016 -0.287978
558 1.04346 -0.27047
559 1.03887 -0.251606
560 1.04619 -0.252843
561 1.06125 -0.229571
562 1.04811 -0.20989
563 1.0492 -0.209691
564 1.05487 -0.185452
565 1.03325 -0.169344
566 1.0284 -0.172113
567 1.0262 -0.151604
568 0.998596 -0.142871
569 0.9905 -0.152095
570 0.984183 -0.138519
571 0.954862 -0.139097
572 0.947704 -0.156173
573 0.942124 -0.15026
574 0.915883 -0.15948
575 0.913948 -0.183197
576 0.913563 -0.182986
577 0.894205 -0.197645
578 0.900389 -0.224513
579 0.907839 -0.225998
580 0.896936 -0.241258
581 0.911661 -0.266633
582 0.926921 -0.265097
583 0.923247 -0.275962
584 0.944175 -0.29559
585 0.964565 -0.287226
586 0.96445 -0.290118
587 0.987108 -0.301621
588 1.00821 -0.284895
589 1.00673 -0.278807
590 1.02589 -0.282577
591 1.0431 -0.258868
592 1.03575 -0.24568
593 1.04712 -0.244846
594 1.05728 -0.21811
595 1.04155 -0.201914
596 1.04318 -0.20135
597 1.0458 -0.17688
598 1.02217 -0.162516
599 1.01511 -0.16718
600 1.01264 -0.149867
601 0.984524 -0.141152
602 0.972407 -0.154314
603 0.969468 -0.147004
604 0.942152 -0.14528
605 0.929876 -0.167263
606 0.931666 -0.169801
607 0.910567 -0.173341
608 0.902459 -0.20125
609 0.91283 -0.210581
610 0.901669 -0.215133
611 0.899825 -0.24371
612 0.919761 -0.255049
613 0.919307 -0.255359
614 0.922727 -0.278699
615 0.949778 -0.287362
616 0.957651 -0.279182
617 0.962549 -0.292719
618 0.99147 -0.295945
619 1.00311 -0.27779
620 1.00434 -0.279834
621 1.02877 -0.277891
622 1.03923 -0.251882
623 1.03235 -0.244114
624 1.04691 -0.240216
625 1.05281 -0.211634
626 1.03603 -0.198363
627 1.03819 -0.197359
628 1.03898 -0.173012
629 1.01425 -0.159464
630 1.00507 -0.165747
631 1.00323 -0.151701
632 0.975928 -0.141991
633 0.959596 -0.157413
634 0.959449 -0.156906
635 0.936758 -0.152523
636 0.91896 -0.175175
637 0.924587 -0.187487
638 0.91306 -0.186928
639 0.898867 -0.211345
640 0.912014 -0.232074
641 0.915193 -0.231802
642 0.907316 -0.250657
643 0.926109 -0.273281
644 0.943115 -0.269651
645 0.941226 -0.276385
646 0.960383 -0.294534
647 0.986042 -0.285842
648 0.987425 -0.277278
649 1.00004 -0.286828
650 1.02653 -0.274544
651 1.02776 -0.252451
652 1.02807 -0.252644
653 1.04753 -0.241165
654 1.04635 -0.212075
655 1.03242 -0.205292
656 1.03956 -0.20016
657 1.03612 -0.17337
658 1.01123 -0.163745
659 1.00504 -0.169004
660 1.00178 -0.15338
661 0.973858 -0.144937
662 0.957741 -0.160775
663 0.957949 -0.16151
664 0.936945 -0.156652
665 0.917336 -0.178528
666 0.923104 -0.195067
667 0.917164 -0.194048
668 0.901182 -0.213958
669 0.911775 -0.239954
670 0.923721 -0.241413
671 0.916688 -0.251038
672 0.928347 -0.276507
673 0.953977 -0.278618
674 0.957684 -0.273137
675 0.965169 -0.288147
676 0.994369 -0.289665
677 1.0066 -0.270477
678 1.00586 -0.269074
679 1.02642 -0.269708
680 1.04184 -0.244539
681 1.03243 -0.227389
682 1.03528 -0.227443
683 1.04733 -0.207358
684 1.03317 -0.181899
685 1.01675 -0.181634
686 1.02015 -0.175976
687 1.00785 -0.153683
688 0.979487 -0.153039
689 0.972381 -0.164614
690 0.967838 -0.156125
691 0.941013 -0.155089
692 0.926205 -0.178214
693 0.931256 -0.188176
694 0.919326 -0.187413
695 0.903711 -0.210339
696 0.914982 -0.234423
697 0.924227 -0.235337
698 0.916141 -0.246293
699 0.927067 -0.272371
700 0.952706 -0.276052
701 0.957757 -0.269845
702 0.962732 -0.283632
703 0.99074 -0.289201
704 1.00792 -0.270377
705 1.00585 -0.263333
706 1.02045 -0.267209
707 1.04113 -0.247378
708 1.03567 -0.222575
709 1.02874 -0.220185
710 1.04031 -0.210666
711 1.0364 -0.18236
712 1.01293 -0.172025
713 1.00637 -0.176536
714 1.00568 -0.162283
715 0.980934 -0.148535
716 0.958027 -0.161264
717 0.957562 -0.170482
718 0.946946 -0.163077
719 0.92137 -0.173949
720 0.917095 -0.200618
721 0.925444 -0.207955
722 0.914936 -0.211054
723 0.907567 -0.236932
724 0.92616 -0.257788
725 0.939542 -0.255605
726 0.936285 -0.263187
727 0.950615 -0.284297
728 0.979434 -0.283529
729 0.987961 -0.269439
730 0.990066 -0.273746
731 1.01334 -0.276515
732 1.03215 -0.253847
733 1.02628 -0.235057
734 1.02683 -0.235212
735 1.04224 -0.221703
736 1.0381 -0.192461
737 1.0173 -0.182696
738 1.01359 -0.184974
739 1.0141 -0.16846
740 0.990615 -0.151886
741 0.966378 -0.16134
742 0.964295 -0.17094
743 0.956349 -0.162752
744 0.930045 -0.16761
745 0.918827 -0.193678
746 0.927272 -0.206729
747 0.922113 -0.206641
748 0.908819 -0.225682
749 0.919445 -0.253267
750 0.939966 -0.25801
751 0.941472 -0.256613
752 0.944164 -0.274354
753 0.970321 -0.286917
754 0.992621 -0.274043
755 0.993378 -0.264244
756 1.00184 -0.271075
757 1.027 -0.263599
758 1.03595 -0.236179
759 1.02536 -0.222258
760 1.02763 -0.222159
761 1.03881 -0.204495
762 1.02739 -0.177272
763 1.00384 -0.172188
764 0.99852 -0.177113
765 0.996785 -0.164254
766 0.972767 -0.151761
767 0.947449 -0.164817
768 0.945127 -0.181289
769 0.943014 -0.179291
770 0.922339 -0.183366
771 0.910161 -0.210258
772 0.922401 -0.231417
773 0.930602 -0.232222
774 0.922894 -0.240985
775 0.928745 -0.266601
776 0.955476 -0.27795
777 0.971582 -0.26825
778 0.9716 -0.268046
779 0.985516 -0.280159
780 1.01372 -0.273748
781 1.02431 -0.249285
782 1.01789 -0.238288
783 1.02456 -0.238999
784 1.04024 -0.221898
785 1.03461 -0.192783
786 1.01355 -0.18268
787 1.00728 -0.185972
788 1.0092 -0.173946
789 0.990915 -0.155126
790 0.961944 -0.15883
791 0.952085 -0.176136
792 0.953007 -0.178275
793 0.937282 -0.174413
794 0.915547 -0.19203
795 0.916421 -0.220241
796 0.93018 -0.230073
797 0.928963 -0.230446
798 0.922366 -0.248159
799 0.937673 -0.272632
800 0.964759 -0.275288
801 0.974838 -0.264594
802 0.975402 -0.268191
803 0.993341 -0.278108
804 1.02024 -0.266616
805 1.02705 -0.240974
806 1.01893 -0.230215
807 1.02369 -0.230307
808 1.03709 -0.213965
809 1.03082 -0.185284
810 1.00714 -0.173703
811 0.995071 -0.179452
812 0.996122 -0.174926
813 0.983186 -0.158543
814 0.953921 -0.158334
815 0.937008 -0.179077
816 0.939983 -0.193142
817 0.937073 -0.191659
818 0.919097 -0.199655
819 0.911561 -0.227543
820 0.927687 -0.249987
821 0.944105 -0.25101
822 0.943702 -0.251444
823 0.946022 -0.26867
824 0.969797 -0.283431
825 0.997023 -0.274279
826 1.00401 -0.25616
827 1.00236 -0.253202
828 1.01589 -0.255751
829 1.0361 -0.23914
830 1.0364 -0.209564
831 1.01899 -0.194616
832 1.01052 -0.195986
833 1.01497 -0.188601
834 1.00766 -0.166893
835 0.980213 -0.155917
836 0.956796 -0.168213
837 0.953523 -0.182529
838 0.952437 -0.18106
839 0.934783 -0.179734
840 0.91505 -0.199378
841 0.91705 -0.228367
842 0.93384 -0.241048
843 0.940111 -0.239733
844 0.935115 -0.248622
845 0.942944 -0.270859
846 0.970413 -0.281935
847 0.994138 -0.270055
848 0.998094 -0.255223
849 0.998348 -0.255607
850 1.01427 -0.257918
851 1.03485 -0.240682
852 1.03585 -0.211113
853 1.01887 -0.194763
854 1.00824 -0.19551
855 1.01153 -0.191322
856 1.00823 -0.171882
857 0.984341 -0.156535
858 0.956371 -0.163953
859 0.946495 -0.182793
860 0.949074 -0.189986
861 0.941634 -0.186831
862 0.922018 -0.195657
863 0.912747 -0.223102
864 0.926271 -0.248164
865 0.94586 -0.253311
866 0.95145 -0.249804
867 0.949751 -0.258415
868 0.962386 -0.276142
869 0.991086 -0.280163
870 1.01347 -0.262379
871 1.01534 -0.241691
872 1.01032 -0.235934
873 1.01772 -0.23629
874 1.03265 -0.222221
875 1.03301 -0.193806
876 1.01232 -0.173205
877 0.989573 -0.17356
878 0.982189 -0.181356
879 0.982047 -0.177514
880 0.969166 -0.16575
881 0.942388 -0.167134
882 0.922551 -0.18934
883 0.924071 -0.215009
884 0.935791 -0.225397
885 0.937809 -0.225276
886 0.929802 -0.234252
887 0.931027 -0.257504
888 0.952644 -0.277198
889 0.981263 -0.276095
890 0.996155 -0.260321
891 0.995983 -0.25031
892 0.998678 -0.252985
893 1.01541 -0.253182
894 1.03434 -0.235314
895 1.03577 -0.205558
896 1.01786 -0.184977
897 0.998807 -0.18322
898 0.993253 -0.187608
899 0.994163 -0.181313
900 0.983542 -0.166219
901 0.95728 -0.160817
902 0.931847 -0.17641
903 0.924645 -0.202436
904 0.933383 -0.219265
905 0.940278 -0.221743
906 0.935082 -0.223939
907 0.927825 -0.239848
908 0.935836 -0.264613
909 0.961665 -0.279372
910 0.989053 -0.273315
911 1.00141 -0.255943
912 1.00018 -0.245171
913 1.00129 -0.246156
914 1.01478 -0.246123
915 1.03202 -0.230732
916 1.0354 -0.202168
917 1.0186 -0.177838
918 0.993906 -0.171621
919 0.978557 -0.179439
920 0.976216 -0.185232
921 0.974385 -0.179875
922 0.96006 -0.171474
923 0.935551 -0.175897
924 0.916983 -0.198596
925 0.917534 -0.227866
926 0.933934 -0.24653
927 0.950523 -0.249038
928 0.955919 -0.245749
929 0.954314 -0.250462
930 0.959842 -0.264939
931 0.98053 -0.276663
932 1.00884 -0.271731
933 1.0283 -0.249213
934 1.02908 -0.222423
935 1.01675 -0.20625
936 1.00579 -0.203557
937 1.00501 -0.203919
938 1.00929 -0.195332
939 1.00541 -0.176954
940 0.985723 -0.160563
941 0.956401 -0.159725
942 0.932588 -0.177254
943 0.925404 -0.202641
944 0.932946 -0.221411
945 0.943163 -0.227447
946 0.945425 -0.227177
947 0.940052 -0.232372
948 0.937526 -0.248521
949 0.948538 -0.269218
950 0.97395 -0.281195
951 1.00326 -0.27531
952 1.0226 -0.254009
953 1.02519 -0.229249
954 1.01579 -0.213046
955 1.00582 -0.208612
956 1.00366 -0.209061
957 1.00814 -0.204201
958 1.01 -0.189565
959 0.999892 -0.170508
960 0.976238 -0.158448
961 0.947161 -0.16245
962 0.925163 -0.182608
963 0.91884 -0.209944
964 0.927627 -0.232527
965 0.943028 -0.243169
966 0.955003 -0.243326
967 0.958793 -0.24087
968 0.957541 -0.243741
969 0.959309 -0.254058
970 0.970889 -0.266562
971 0.992682 -0.272129
972 1.01789 -0.263783
973 1.03627 -0.24128
974 1.03995 -0.211552
975 1.0276 -0.185002
976 1.00491 -0.170087
977 0.981161 -0.169336
978 0.964311 -0.178853
979 0.957323 -0.191193
980 0.957508 -0.199718
981 0.95891 -0.201982
982 0.956118 -0.200499
983 0.947402 -0.200801
984 0.935631 -0.208067
985 0.926765 -0.224134
986 0.926859 -0.246307
987 0.939124 -0.268366
988 0.962368 -0.283113
989 0.991337 -0.285228
990 1.01865 -0.273226
991 1.03739 -0.249849
992 1.04326 -0.220949
993 1.03569 -0.193457
994 1.01756 -0.173271
995 0.993966 -0.163782
996 0.970525 -0.16537
997 0.951846 -0.175845
998 0.940605 -0.19149
999 0.937319 -0.20828
1000 0.940733 -0.222889
1001 0.948548 -0.233266
1002 0.958206 -0.238748
1003 0.967519 -0.239816
1004 0.975022 -0.237648
1005 0.980055 -0.233658
1006 0.982633 -0.229129
1007 0.983216 -0.224999
1008 0.98246 -0.221793
1009 0.981014 -0.219674
1010 0.979397 -0.218547
1011 0.977951 -0.218179
1012 0.976841 -0.218298
1013 0.976105 -0.218664
1014 0.975693 -0.219099
1015 0.975523 -0.219494
1016 0.975506 -0.219799
1017 0.975567 -0.220004
1018 0.975655 -0.220123
1019 0.97574 -0.220179
1020 0.975807 -0.220195
1021 0.975853 -0.22019
1022 0.975881 -0.220176
1023 0.975895 -0.220162
1024 0.9759 -0.22015
1025 0.9759 -0.220141
1026 0.975899 -0.220136
1027 0.975897 -0.220133
1028 0.975895 -0.220132
1029 0.975894 -0.220132
1030 0.975893 -0.220132
1031 0.975892 -0.220132
1032 0.975892 -0.220132
1033 0.975892 -0.220133
1034 0.975892 -0.220133
1035 0.975892 -0.220133
1036 0.975892 -0.220133
1037 0.975892 -0.220133
1038 0.975892 -0.220133
1039 0.975892 -0.220133
1040 0.975892 -0.220133
1041 0.975892 -0.220133
1042 0.975892 -0.220133
1043 0.975892 -0.220133
1044 0.975892 -0.220133
1045 0.975892 -0.220133
1046 0.975892 -0.220133
1047 0.975892 -0.220133
1048 0.975892 -0.220133
1049 0.975892 -0.220133
1050 0.975892 -0.220133
1051 0.975892 -0.220133
1052 0.975892 -0.220133
1053 0.975892 -0.220133
1054 0.975892 -0.220133
1055 0.975892 -0.220133
1056 0.975892 -0.220133
1057 0.975892 -0.220133
1058 0.975892 -0.220133
1059 0.975892 -0.220133
1060 0.975892 -0.220133
1061 0.975892 -0.220133
1062 0.975892 -0.220133
1063 0.975892 -0.220133
1064 0.975892 -0.220133
1065 0.975892 -0.220133
1066 0.975892 -0.220133
1067 0.975892 -0.220133
1068 0.975892 -0.220133
1069 0.975892 -0.220133
1070 0.975892 -0.220133
1071 0.975892 -0.220133
1072 0.975892 -0.220133
1073 0.975892 -0.220133
1074 0.975892 -0.220133
1075 0.975892 -0.220133
1076 0.975892 -0.220133
1077 0.975892 -0.220133
1078 0.975892 -0.220133
1079 0.975892 -0.220133
1080 0.975892 -0.220133
1081 0.975892 -0.220133
1082 0.975892 -0.220133
1083 0.975892 -0.220133
1084 0.975892 -0.220133
1085 0.975892 -0.220133
1086 0.975892 -0.220133
1087 0.975892 -0.220133
1088 0.975892 -0.220133
1089 0.975892 -0.220133
1090 0.975892 -0.220133
1091 0.975892 -0.220133
1092 0.975892 -0.220133
1093 0.975892 -0.220133
1094 0.975892 -0.220133
1095 0.975892 -0.220133
1096 0.975892 -0.220133
1097 0.975892 -0.220133
1098 0.975892 -0.220133
1099 0.975892 -0.220133
1100 0.975892 -0.220133
