0 0.00525968 -0.013309
1 0.00437784 -0.0136571
2 -0.00547 0.0113592
3 -0.0028749 0.0123757
4 0.00506218 -0.00802575
5 0.000914623 -0.00962503
6 -0.00416669 0.00369817
7 0.00123751 0.00573249
8 0.00295377 0.00110316
9 -0.00324742 -0.00115595
10 -0.0015938 -0.00578608
11 0.00476351 -0.00356566
12 0.000223589 0.00975992
13 -0.00547853 0.00787014
14 0.00107424 -0.0125144
15 0.00519204 -0.0112345
16 -0.00227455 0.0136934
17 -0.00386167 0.013237
18 0.00339494 -0.0131518
19 0.00163184 -0.0136133
20 -0.00446648 0.0109846
21 0.00116896 0.0123003
22 0.00549741 -0.00751934
23 -0.00406662 -0.00945821
24 -0.00644004 0.00327037
25 0.00651342 0.00546739
26 0.00717162 0.0011419
27 -0.00798417 -0.00089101
28 -0.00749858 -0.00509485
29 0.00808073 -0.00359466
30 0.00718844 0.00807291
31 -0.00662432 0.00729874
32 -0.00602727 -0.00976056
33 0.00371444 -0.00963087
34 0.00389255 0.0100984
35 0.000263035 0.0102147
36 -0.000824476 -0.00928681
37 -0.00468753 -0.00897691
38 -0.00292566 0.00773186
39 0.0088113 0.00618864
40 0.00689009 -0.00594166
41 -0.0119056 -0.002442
42 -0.0104358 0.00439444
43 0.0134153 -0.00144513
44 0.0128734 -0.00340996
45 -0.0130863 0.00458634
46 -0.0136079 0.00305936
47 0.0110303 -0.0062193
48 0.0123017 -0.00314243
49 -0.00770375 0.00589255
50 -0.00900573 0.00324623
51 0.00379899 -0.00359866
52 0.00421738 -0.00287676
53 -6.75417e-05 -0.000188599
54 0.00116725 0.00163195
55 -0.00287956 0.00459708
56 -0.00601509 0.000634213
57 0.00473787 -0.00855351
58 0.00920744 -0.00371155
59 -0.00558758 0.0110557
60 -0.0099259 0.00704133
61 0.00584984 -0.0114518
62 0.00789597 -0.0098466
63 -0.0061231 0.00964484
64 -0.00351045 0.0113609
65 0.00694225 -0.00615199
66 -0.00222175 -0.0110918
67 -0.00853759 0.00198251
68 0.00790965 0.00903274
69 0.0106829 0.00164811
70 -0.0121477 -0.0057372
71 -0.0127043 -0.003693
72 0.0139162 0.00220612
73 0.0136735 0.00362217
74 -0.0128873 0.000402815
75 -0.0127436 -0.00162172
76 0.0095278 -0.00116548
77 0.00951935 -0.00144182
78 -0.00494236 -0.000248482
79 -0.00432532 0.00430321
80 0.000493522 0.00338733
81 -0.00175696 -0.00574669
82 0.00268137 -0.00710017
83 0.00713752 0.00506653
84 -0.00408069 0.00990029
85 -0.0102056 -0.00236093
86 0.00400934 -0.0105069
87 0.00990274 -0.00147523
88 -0.00342116 0.00837451
89 -0.00616685 0.00508611
90 0.00347122 -0.00399188
91 4.97577e-05 -0.00721052
92 -0.0049469 -0.00120233
93 0.00658317 0.00723881
94 0.00782218 0.00530357
95 -0.0117 -0.00552281
96 -0.0111568 -0.00666916
97 0.0138654 0.00326871
98 0.0134327 0.00460614
99 -0.0128076 -0.00201279
100 -0.0132272 0.000285196
101 0.0095254 0.00287721
102 0.00994415 -0.0063
103 -0.0058469 -0.00593817
104 -0.00425351 0.0113157
105 0.00359872 0.0100329
106 -0.00202079 -0.013704
107 -0.00374547 -0.0131636
108 0.00659102 0.0130557
109 0.00591493 0.0133807
110 -0.00771292 -0.0103506
111 -0.00857704 -0.00976555
112 0.00504981 0.00744457
113 0.00983958 0.00302745
114 5.9745e-05 -0.00608246
115 -0.00849548 0.00464164
116 -0.0051372 0.0069201
117 0.00477863 -0.0104707
118 0.00771457 -0.00908997
119 -0.000378442 0.012389
120 -0.00656153 0.0106084
121 -0.00237909 -0.0100477
122 0.00234457 -0.00948538
123 0.00181464 0.0050169
124 0.00268793 0.0049766
125 0.0020427 1.90898e-05
126 -0.00590022 0.00174041
127 -0.0072638 -0.00269798
128 0.0057364 -0.00794184
129 0.0109198 0.00227718
130 -0.00263129 0.0106996
131 -0.010674 -2.48767e-05
132 -0.00121915 -0.00851164
133 0.00619506 -0.00159639
134 0.00317984 0.00227901
135 0.00047913 0.000543571
136 -0.00185937 0.00503092
137 -0.00595968 0.00335026
138 -0.00188649 -0.00996278
139 0.00741503 -0.00803707
140 0.00535047 0.0105354
141 -0.00426225 0.0103759
142 -0.00565473 -0.00739456
143 -0.00144513 -0.00813308
144 0.00173424 0.00336313
145 0.0062804 0.00161741
146 0.00468448 -0.00157054
147 -0.00764555 0.00619954
148 -0.00989189 0.00331212
149 0.0054956 -0.0113334
150 0.0104399 -0.00708454
151 -0.00236237 0.0112715
152 -0.00543235 0.00956462
153 0.00153065 -0.0066686
154 -0.00271817 -0.00799353
155 -0.00452979 0.00100441
156 0.0097335 0.00235492
157 0.00972681 0.00172167
158 -0.0122699 0.00428895
159 -0.0131866 0.000237261
160 0.0101655 -0.00774817
161 0.011394 -0.00511928
162 -0.00645483 0.0057141
163 -0.00397338 0.00894768
164 0.00499773 0.000348117
165 -0.00567044 -0.00856759
166 -0.00738266 -0.00598292
167 0.0124896 0.00419489
168 0.0114854 0.00685537
169 -0.0133213 0.000579583
170 -0.0129759 -0.0019828
171 0.00918402 -0.00155012
172 0.0088115 -0.00543362
173 -0.00444867 -0.00258698
174 -2.63078e-05 0.0104095
175 0.00334503 0.00880096
176 -0.0085779 -0.0100877
177 -0.00648603 -0.0117849
178 0.0118964 0.00603745
179 0.0103111 0.00812289
180 -0.0085412 -0.00290761
181 -0.0101225 0.000749672
182 0.00207717 0.00433881
183 0.00434477 -0.00940918
184 0.00179445 -0.00951158
185 0.00366174 0.0126934
186 2.69763e-05 0.0134628
187 -0.00808085 -0.00990307
188 -0.00539345 -0.0112348
189 0.00558222 0.0052706
190 0.00883093 0.002454
191 0.00153122 -0.00405755
192 -0.00657566 0.00780293
193 -0.00700218 0.00758623
194 0.000273067 -0.0129873
195 0.00598409 -0.0117758
196 0.0042438 0.0106418
197 0.000593456 0.0108419
198 -0.00232288 -0.00451317
199 -0.00681064 -0.00301949
200 -0.00483137 0.00101999
201 0.00727378 -0.00709536
202 0.0107992 -0.00312621
203 -0.00232663 0.0122011
204 -0.00973955 0.00743776
205 -0.0021831 -0.00889192
206 0.00204859 -0.00760615
207 0.000705441 0.000940973
208 0.00574858 0.00102205
209 0.00614873 0.00422182
210 -0.00717037 0.00784473
211 -0.0117311 -0.00272242
212 0.00215385 -0.0112353
213 0.00983345 -0.00199158
214 0.00290053 0.00569903
215 -0.00125 0.00292595
216 -0.00182651 0.00413885
217 -0.00650134 0.00270449
218 -0.00458395 -0.00989537
219 0.0065367 -0.00985491
220 0.00910578 0.0078087
221 0.000316116 0.0104622
222 -0.00580752 -0.00245642
223 -0.00636159 -0.0020832
224 -0.00303838 0.00152996
225 0.00532602 -0.00890611
226 0.00867181 -0.00697517
227 0.000700909 0.013544
228 -0.00496672 0.012295
229 -0.00359027 -0.0096574
230 -0.00476831 -0.00954827
231 -0.00133152 0.00402152
232 0.011175 -0.00133153
233 0.00920802 -0.00445848
234 -0.00913765 0.0116079
235 -0.0104545 0.0105143
236 0.0034205 -0.0129547
237 0.00163445 -0.0136559
238 -0.00277925 0.0066984
239 0.0100549 0.00737025
240 0.00900651 -0.00215402
241 -0.0144987 0.00440844
242 -0.014012 0.00545427
243 0.0100772 -0.011012
244 0.00917129 -0.0119569
245 -0.00515602 0.00724355
246 0.00374914 0.0118227
247 0.00738197 0.000408882
248 -0.0136626 -0.0025705
249 -0.0136368 -0.00163473
250 0.0127872 -0.00689391
251 0.0135618 -0.00487326
252 -0.00570062 0.0065781
253 -0.00302041 0.00971305
254 0.00320552 0.00219628
255 -0.00939213 -0.00500576
256 -0.00824427 -0.00818731
257 0.0119469 -0.00467021
258 0.0119654 0.00441194
259 -0.00410724 0.00729072
260 -0.00573827 0.00286551
261 -0.00293303 0.00122291
262 -0.00618718 -0.00258594
263 0.000873638 -0.011215
264 0.0107526 -0.00572709
265 0.00488626 0.0115308
266 -0.00268079 0.010406
267 -0.00316447 -0.00413626
268 -0.00826335 -0.00302407
269 -0.00650994 0.00115837
270 0.0098869 -0.00958183
271 0.0117512 -0.0076341
272 -0.0036055 0.0137429
273 -0.00373541 0.0136821
274 0.00164712 -0.00720714
275 -0.00992774 -0.0079692
276 -0.0087273 0.00187024
277 0.0146176 -0.00558864
278 0.0141721 -0.00640839
279 -0.00829444 0.012024
280 -0.00684692 0.0132278
281 0.00356471 -0.00569231
282 -0.00773955 -0.00933436
283 -0.00861514 -0.00204767
284 0.0136692 -0.00368204
285 0.01459 -0.000311877
286 -0.00660028 0.0102115
287 -0.00886492 0.0072685
288 -0.000367338 -0.00243382
289 -0.00470105 -0.00493218
290 -0.00357155 -0.00827436
291 0.00963014 -0.0065734
292 0.0106662 0.00813252
293 -0.000687753 0.011269
294 -0.00707713 -0.00132758
295 -0.0079872 -0.000606541
296 -0.00433161 0.00246911
297 0.00402815 -0.0129275
298 0.00686927 -0.0120652
299 0.00449771 0.0138596
300 0.00423492 0.0138894
301 -0.00247107 -0.00649498
302 -0.0133073 -0.000241227
303 -0.00726028 0.00651957
304 0.00794791 -0.0141627
305 0.00770632 -0.0142724
306 0.00160207 0.0133032
307 0.00433773 0.0133269
308 0.000851772 -0.0037644
309 -0.0116033 0.00167567
310 -0.0108163 0.00277094
311 0.0037142 -0.0132824
312 0.0105666 -0.00933261
313 0.00530492 0.00712564
314 0.000581924 0.00667444
315 0.000435545 0.00545701
316 -0.00417001 0.00706176
317 -0.0123065 -0.00616092
318 -0.0059793 -0.01228
319 0.0117265 -0.000569767
320 0.0117479 -0.000625797
321 -0.00192976 -0.00264565
322 -0.00070246 0.0140622
323 0.00198392 0.0132489
324 -0.0119453 -0.0113425
325 -0.012222 -0.0110911
326 0.00845437 0.00337528
327 0.0121635 -0.00572697
328 0.00158709 -0.00746285
329 0.00296239 0.0145779
330 0.000575358 0.0152851
331 -0.0112311 -0.00560196
332 -0.00842992 -0.00816817
333 0.000641 -0.00194563
334 0.00248675 -0.00666732
335 0.0103946 -0.00552629
336 0.0114123 0.00617414
337 -0.00625845 0.0119823
338 -0.00910429 0.00733098
339 0.00122034 -0.00290998
340 -0.00883336 -0.00916411
341 -0.00996299 -0.00578689
342 0.0165129 -0.00344147
343 0.0165719 -0.00304237
344 -0.00797896 0.0068403
345 -0.0030302 0.0137823
346 0.00519365 0.00429415
347 -0.0141329 -0.00567081
348 -0.0137438 -0.00727982
349 0.010755 -0.00733598
350 0.0116519 -0.00371116
351 0.00190278 0.00140865
352 0.00526927 0.00520618
353 0.000172848 0.0126075
354 -0.01034 0.00865258
355 -0.00808475 -0.0107211
356 -0.00475586 -0.0111522
357 0.000465771 0.00214495
358 0.0127118 -0.00660363
359 0.0104482 -0.00852419
360 -0.0020058 0.0168683
361 -0.00145011 0.0169853
362 -0.00245889 -0.00734196
363 -0.0130076 -0.0041796
364 -0.00909109 0.00232718
365 0.00662085 -0.0136291
366 0.0115624 -0.0107626
367 0.0062797 0.00811372
368 0.00163909 0.00802383
369 0.00136386 0.00687365
370 -0.00286388 0.00912799
371 -0.015124 -0.00414894
372 -0.011539 -0.00975796
373 0.00970019 -0.00291917
374 0.0100453 -0.00935723
375 -0.0011264 -0.00703271
376 0.00962089 0.0144116
377 0.0100916 0.0139947
378 -0.0134556 -0.00160493
379 -0.0144341 0.0013142
380 -0.000554504 0.0021621
381 -0.00346239 -0.0120264
382 0.00151718 -0.0145312
383 0.0134791 -0.00118369
384 0.00663218 0.00938889
385 0.00301143 0.00823487
386 0.00321603 0.00332574
387 -0.0141283 0.00731347
388 -0.015324 0.00509529
389 0.00439515 -0.0137791
390 0.000920627 -0.0158496
391 -0.00366884 0.000945079
392 0.0161372 0.000853356
393 0.0158022 -0.000325958
394 -0.00645024 0.0133067
395 -0.00892446 0.0110133
396 -0.00326783 -3.75565e-05
397 -0.00824785 -0.00103646
398 -0.00903884 -0.0111641
399 0.000636433 -0.0147464
400 0.0129768 0.00210768
401 0.0135336 0.00139113
402 0.00132692 -0.00350863
403 -0.000810484 0.0173657
404 0.000608115 0.0171099
405 -0.012267 -0.00890454
406 -0.0142146 -0.00712082
407 -0.000834662 0.00101953
408 0.00290614 -0.0128683
409 0.00812032 -0.0129784
410 0.0134721 0.00395688
411 0.00276085 0.011157
412 0.00134222 0.0099802
413 0.00321905 0.00560487
414 -0.0173197 0.00318673
415 -0.0176247 0.00142702
416 0.00695309 -0.0107847
417 0.00216964 -0.0159045
418 -0.00459055 -0.00432121
419 0.0167386 0.00081814
420 0.0169209 0.00406064
421 -0.00353724 0.0115173
422 -0.00624656 0.00790605
423 -0.00552345 0.00691894
424 -0.00995239 0.00536928
425 -0.00913449 -0.0149923
426 -0.00498535 -0.0160829
427 0.00671487 0.00278725
428 0.0148552 -0.00654974
429 0.00793928 -0.00961772
430 0.00473575 0.0175794
431 0.0030401 0.0178946
432 -0.00656073 -0.000296467
433 -0.00995174 0.00311369
434 -0.0128024 0.00163243
435 -0.0106499 -0.010536
436 0.00827439 -0.0130069
437 0.00923853 -0.0109349
438 -0.000900044 -0.0016406
439 0.0162987 0.00824287
440 0.0166286 0.00672146
441 -0.0122263 0.00947738
442 -0.0110912 0.0121268
443 -0.000944193 0.00331427
444 -0.0134577 -0.00426421
445 -0.0113948 -0.012971
446 0.00299978 -0.0141256
447 0.00846081 -0.000971313
448 0.0131862 -0.00501438
449 0.00984492 -0.00705388
450 0.00366488 0.0190783
451 0.00394696 0.0190544
452 -0.00537452 -0.00288676
453 -0.0146065 0.00520851
454 -0.0125513 0.0064181
455 -0.00813462 -0.0140782
456 0.00269608 -0.0152554
457 0.00562717 -0.00885699
458 0.00199626 -0.00546325
459 0.0184618 0.00345248
460 0.0181212 0.00540633
461 -0.00902029 0.00955925
462 -0.00545757 0.0164518
463 0.00245294 0.00825619
464 -0.0178284 -0.00131363
465 -0.0171334 -0.00742339
466 -0.000769903 -0.0109991
467 0.00182884 -0.00670601
468 0.0077116 -0.0137404
469 0.0110041 -0.0124797
470 0.0101001 0.014008
471 0.0130693 0.0130952
472 0.00296821 -0.000717141
473 -0.00892898 0.0164729
474 -0.0106076 0.0160072
475 -0.0120691 -0.00647272
476 -0.00787291 -0.00825319
477 -0.00856181 -0.00901002
478 -0.00648056 -0.012871
479 0.01688 -0.00920578
480 0.0169847 -0.00864302
481 -0.000421796 0.00142281
482 0.0136346 0.013391
483 0.0141691 0.0119852
484 -0.0111884 0.0114631
485 -0.0124623 0.00765714
486 -0.00887923 0.00483369
487 -0.0129344 0.00230132
488 -0.00853056 -0.0181374
489 -0.00565328 -0.018527
490 0.00426291 0.000418296
491 0.0153933 -0.0117673
492 0.012274 -0.0130529
493 0.011192 0.0133952
494 0.00771543 0.0145087
495 0.00317623 0.00867978
496 0.000577698 0.0128553
497 -0.0184763 0.00892585
498 -0.0190568 0.00510377
499 -3.07708e-05 -0.0054305
500 -0.0120026 -0.0157081
501 -0.0133471 -0.012057
502 0.0133203 -0.0121781
503 0.0145962 -0.00881628
504 0.00893875 -0.0038368
505 0.0132749 -0.00152833
506 0.0107411 0.0180713
507 0.00733822 0.0188785
508 -0.00473446 0.00104916
509 -0.0142287 0.0145622
510 -0.0112479 0.0153187
511 -0.0142795 -0.0106443
512 -0.0108521 -0.0124366
513 -0.00710236 -0.0091308
514 -0.00544803 -0.0135893
515 0.0163024 -0.0138671
516 0.0169604 -0.0122274
517 0.00197037 0.00177647
518 0.0186372 0.00980363
519 0.018705 0.00893067
520 -0.0046286 0.0160151
521 -0.0073417 0.0125753
522 -0.00751694 0.012875
523 -0.0117809 0.0122115
524 -0.0172095 -0.0119297
525 -0.0183474 -0.0111553
526 -0.00349642 -0.00108246
527 0.00103927 -0.0215651
528 0.00372688 -0.0220016
529 0.0141842 -0.0045846
530 0.0112114 -0.000669978
531 0.0193027 0.00155259
532 0.0196861 0.00489591
533 -0.00426274 0.0178952
534 0.000187097 0.0215645
535 0.00401733 0.00938806
536 -0.018393 0.0112045
537 -0.0217272 0.00459746
538 -0.0134371 -0.00492914
539 -0.00862913 -0.00329341
540 -0.00973346 -0.0213466
541 -0.00821763 -0.0220806
542 0.0118005 -0.00419841
543 0.0153208 -0.0142292
544 0.0111422 -0.0139995
545 0.0201671 0.00477059
546 0.0121234 0.0137864
547 0.0114222 0.0135435
548 0.0111515 0.00920873
549 -0.0127065 0.0210011
550 -0.0121531 0.0214808
551 -0.00574589 0.00186874
552 -0.0198972 0.00305326
553 -0.0232469 -0.00332412
554 -0.0145185 -0.013983
555 -0.000448937 -0.00987171
556 -0.00206519 -0.0234556
557 -0.00403883 -0.0223203
558 0.0192652 -0.00481197
559 0.0200633 -0.0080875
560 0.01318 -0.006926
561 0.0207078 0.00470995
562 0.0106424 0.0197865
563 0.00980732 0.0196347
564 0.00697232 0.00751523
565 -0.0133445 0.0226521
566 -0.0141859 0.0221714
567 -0.0119874 0.00166297
568 -0.0167816 0.00317948
569 -0.0243894 -0.00548789
570 -0.0212309 -0.012276
571 0.00123028 -0.0118329
572 -0.00425319 -0.0249141
573 -0.00704275 -0.0219574
574 0.0176164 -0.0132928
575 0.0179523 -0.0091745
576 0.0175673 -0.00896337
577 0.0209287 -0.00641786
578 0.0151184 0.0188306
579 0.0188438 0.0180884
580 0.0104916 0.00639843
581 -0.000788486 0.0258368
582 -0.00841852 0.0250689
583 -0.0118709 0.0148595
584 -0.0082369 0.0114511
585 -0.0286272 0.00308748
586 -0.0286472 0.00258543
587 -0.00735586 -0.00822401
588 -0.0179081 -0.0165868
589 -0.0167747 -0.0212505
590 -0.00209627 -0.0241382
591 0.00650693 -0.012284
592 0.0134154 -0.0246769
593 0.0114411 -0.0248216
594 0.0215982 0.00191479
595 0.0243285 -0.000897649
596 0.0227954 -0.00142709
597 0.0241027 0.0108084
598 0.00600627 0.0218118
599 0.0114159 0.0253847
600 0.0126536 0.0167282
601 -0.0137648 0.0249171
602 -0.0158689 0.0226316
603 -0.01293 0.0153223
604 -0.0176735 0.0156218
605 -0.0292091 -0.00503536
606 -0.0301041 -0.00376647
607 -0.0139417 -0.00105427
608 -0.0201529 -0.0224339
609 -0.0149676 -0.0270993
610 -0.00448033 -0.0228215
611 -0.00416004 -0.0178592
612 0.015776 -0.0291982
613 0.0158549 -0.0291443
614 0.0126407 -0.00721271
615 0.0261658 -0.0115442
616 0.0321974 -0.00527805
617 0.0284453 0.00509218
618 0.013985 0.00670512
619 0.0249263 0.0237652
620 0.0251393 0.0234102
621 0.000713685 0.0214671
622 0.00253119 0.0259835
623 -0.0039397 0.0332831
624 -0.0112241 0.031334
625 -0.0157388 0.00943881
626 -0.0285947 0.0196046
627 -0.0275147 0.0201065
628 -0.02826 -0.0027721
629 -0.023965 -0.00512476
630 -0.0331451 -0.0114075
631 -0.032827 -0.0138465
632 -0.00716861 -0.0229714
633 -0.0153344 -0.0306824
634 -0.0154476 -0.0302938
635 0.00193448 -0.0336509
636 0.0108336 -0.0223252
637 0.016121 -0.0338954
638 0.0141194 -0.0337983
639 0.0283123 -0.0093816
640 0.0305953 -0.0129811
641 0.033582 -0.0127259
642 0.0375204 -0.00329844
643 0.0231244 0.0140322
644 0.0361522 0.0168128
645 0.0352074 0.0134458
646 0.0172051 0.0305006
647 0.0127496 0.0289912
648 0.0141327 0.0375552
649 0.0119414 0.0392136
650 -0.0129482 0.0276703
651 -0.0123354 0.0387167
652 -0.0120919 0.0385687
653 -0.0269944 0.0297747
654 -0.026405 0.0152301
655 -0.0394966 0.0216039
656 -0.0382566 0.0224951
657 -0.0348194 -0.00429558
658 -0.0391418 -0.00262437
659 -0.044957 -0.00756582
660 -0.0433259 -0.0153779
661 -0.0219376 -0.0218459
662 -0.0342845 -0.0339784
663 -0.0341806 -0.0343464
664 -0.0144433 -0.0389118
665 -0.0110384 -0.035113
666 -0.00527067 -0.0516521
667 -0.00423923 -0.0518291
668 0.0107789 -0.0331195
669 0.0160753 -0.0461172
670 0.0252266 -0.0472348
671 0.0306141 -0.0398612
672 0.0247847 -0.027127
673 0.0488688 -0.0291108
674 0.0495125 -0.0281591
675 0.0420272 -0.0131491
676 0.0470977 -0.0134127
677 0.0585909 0.00461846
678 0.0589621 0.00391708
679 0.0432065 0.0044027
680 0.055012 0.0236836
681 0.0503079 0.0322583
682 0.0476283 0.0323088
683 0.0455351 0.028821
684 0.0313761 0.0542793
685 0.0342288 0.0542332
686 0.0310352 0.0489165
687 0.0248864 0.0600629
688 0.00316057 0.0605564
689 0.00860394 0.0694235
690 0.0108754 0.0651787
691 -0.0143317 0.0661519
692 -0.016903 0.0621363
693 -0.0219537 0.0720983
694 -0.0240254 0.0722307
695 -0.0386982 0.0506881
696 -0.0443339 0.0627304
697 -0.0514154 0.0634302
698 -0.057609 0.0550371
699 -0.0521462 0.0419982
700 -0.0762395 0.0454579
701 -0.0771166 0.04438
702 -0.0721421 0.0305933
703 -0.0770057 0.0315603
704 -0.0931525 0.0138719
705 -0.0941891 0.0173939
706 -0.083004 0.0144247
707 -0.0988435 -0.000766795
708 -0.096114 -0.0131685
709 -0.102622 -0.0109225
710 -0.100613 -0.0092697
711 -0.0967004 -0.0375757
712 -0.100776 -0.0357809
713 -0.106937 -0.0400203
714 -0.106592 -0.0471469
715 -0.087633 -0.0576784
716 -0.105181 -0.06743
717 -0.105413 -0.0720389
718 -0.0954371 -0.0789976
719 -0.0909958 -0.0771098
720 -0.0952712 -0.103779
721 -0.096721 -0.102505
722 -0.0868466 -0.099593
723 -0.0905312 -0.112532
724 -0.0762882 -0.128509
725 -0.0865401 -0.130181
726 -0.0849112 -0.12639
727 -0.0714453 -0.146227
728 -0.0664408 -0.146093
729 -0.0749671 -0.160183
730 -0.0746015 -0.160931
731 -0.052731 -0.163533
732 -0.0621353 -0.174867
733 -0.0576378 -0.189261
734 -0.0572155 -0.189379
735 -0.0495083 -0.182625
736 -0.0456107 -0.210104
737 -0.0419989 -0.211799
738 -0.0457077 -0.214078
739 -0.0457973 -0.216945
740 -0.0237255 -0.23252
741 -0.0358443 -0.237247
742 -0.0374397 -0.244601
743 -0.0313526 -0.250872
744 -0.0182007 -0.248444
745 -0.0287421 -0.272939
746 -0.0272758 -0.275206
747 -0.0221174 -0.275294
748 -0.0244258 -0.2786
749 -0.0144415 -0.304522
750 -0.0247021 -0.30215
751 -0.0258561 -0.303221
752 -0.0237943 -0.316811
753 -0.0107158 -0.323093
754 -0.0316707 -0.33519
755 -0.0318021 -0.336892
756 -0.0233363 -0.343723
757 -0.027705 -0.345021
758 -0.0361113 -0.370788
759 -0.041403 -0.363827
760 -0.0396651 -0.363752
761 -0.0482306 -0.377283
762 -0.0425161 -0.390895
763 -0.0646401 -0.386117
764 -0.0655641 -0.386972
765 -0.0638289 -0.399831
766 -0.0679995 -0.397661
767 -0.0917904 -0.40993
768 -0.0906291 -0.401694
769 -0.0890107 -0.403225
770 -0.104849 -0.406347
771 -0.110938 -0.419793
772 -0.12244 -0.399909
773 -0.123864 -0.39977
774 -0.131572 -0.408533
775 -0.132588 -0.404084
776 -0.157707 -0.39342
777 -0.149654 -0.388571
778 -0.14964 -0.388415
779 -0.1603 -0.379136
780 -0.1744 -0.382341
781 -0.164444 -0.359354
782 -0.16556 -0.357444
783 -0.172229 -0.356733
784 -0.169505 -0.353764
785 -0.174802 -0.326404
786 -0.164274 -0.331456
787 -0.159473 -0.328934
788 -0.158009 -0.319722
789 -0.16715 -0.310312
790 -0.139925 -0.306831
791 -0.138214 -0.303826
792 -0.137292 -0.305965
793 -0.134562 -0.306635
794 -0.114138 -0.290081
795 -0.1137 -0.304186
796 -0.103161 -0.311718
797 -0.102229 -0.311432
798 -0.0989305 -0.302576
799 -0.0845472 -0.325572
800 -0.0798438 -0.326034
801 -0.0899227 -0.336728
802 -0.0898247 -0.337353
803 -0.0729674 -0.346672
804 -0.0864165 -0.352418
805 -0.0916324 -0.372061
806 -0.0978536 -0.363818
807 -0.0954713 -0.363865
808 -0.108064 -0.379221
809 -0.106975 -0.384202
810 -0.130657 -0.372621
811 -0.128562 -0.371622
812 -0.12955 -0.375876
813 -0.136018 -0.367685
814 -0.158436 -0.367524
815 -0.14548 -0.351635
816 -0.146968 -0.344602
817 -0.149703 -0.343209
818 -0.152824 -0.344597
819 -0.145288 -0.316709
820 -0.142487 -0.320606
821 -0.127059 -0.321567
822 -0.126858 -0.321351
823 -0.128635 -0.308155
824 -0.110422 -0.319462
825 -0.0968091 -0.314886
826 -0.103374 -0.331912
827 -0.103088 -0.332426
828 -0.0895525 -0.334975
829 -0.0930615 -0.337859
830 -0.09334 -0.365652
831 -0.102044 -0.358178
832 -0.108534 -0.359228
833 -0.111941 -0.364886
834 -0.108286 -0.375739
835 -0.134074 -0.365425
836 -0.13814 -0.36756
837 -0.134867 -0.353244
838 -0.135055 -0.352989
839 -0.151645 -0.351743
840 -0.141778 -0.341921
841 -0.14331 -0.319714
842 -0.130447 -0.329428
843 -0.127312 -0.328771
844 -0.122618 -0.320418
845 -0.123978 -0.316557
846 -0.0965089 -0.327633
847 -0.100629 -0.329696
848 -0.104346 -0.343633
849 -0.104219 -0.343825
850 -0.0920254 -0.345595
851 -0.107792 -0.358799
852 -0.108293 -0.373583
853 -0.12425 -0.358219
854 -0.126096 -0.358349
855 -0.129384 -0.362537
856 -0.129957 -0.359161
857 -0.152405 -0.344739
858 -0.138421 -0.34103
859 -0.130855 -0.326598
860 -0.12888 -0.332108
861 -0.1326 -0.330531
862 -0.114166 -0.322237
863 -0.112556 -0.317471
864 -0.0990324 -0.342532
865 -0.102434 -0.341638
866 -0.107686 -0.344934
867 -0.108536 -0.349239
868 -0.0988565 -0.362819
869 -0.120842 -0.359739
870 -0.132032 -0.368631
871 -0.130271 -0.34919
872 -0.131143 -0.348191
873 -0.138538 -0.347834
874 -0.135945 -0.345391
875 -0.135602 -0.31869
876 -0.125255 -0.32899
877 -0.10783 -0.328718
878 -0.113486 -0.334691
879 -0.113557 -0.33277
880 -0.101453 -0.343824
881 -0.0968035 -0.343584
882 -0.116641 -0.36579
883 -0.116905 -0.361333
884 -0.127918 -0.351572
885 -0.126909 -0.351511
886 -0.133043 -0.358387
887 -0.133982 -0.340575
888 -0.14479 -0.330728
889 -0.117898 -0.329691
890 -0.115312 -0.326952
891 -0.115141 -0.336963
892 -0.114673 -0.337428
893 -0.0989528 -0.337612
894 -0.10842 -0.346546
895 -0.109517 -0.36934
896 -0.123242 -0.353575
897 -0.132767 -0.352696
898 -0.127547 -0.348573
899 -0.127705 -0.349666
900 -0.138326 -0.334572
901 -0.133765 -0.33551
902 -0.109866 -0.320858
903 -0.113467 -0.333871
904 -0.106773 -0.346763
905 -0.112055 -0.344865
906 -0.109457 -0.343767
907 -0.116277 -0.358717
908 -0.114886 -0.363017
909 -0.140716 -0.348258
910 -0.13596 -0.347206
911 -0.124345 -0.330882
912 -0.123727 -0.336268
913 -0.124577 -0.335513
914 -0.114245 -0.335488
915 -0.105625 -0.327792
916 -0.108802 -0.354634
917 -0.105885 -0.358859
918 -0.13058 -0.352642
919 -0.127915 -0.351284
920 -0.125715 -0.34584
921 -0.12663 -0.343162
922 -0.137604 -0.336726
923 -0.118829 -0.333338
924 -0.109545 -0.321988
925 -0.109028 -0.349493
926 -0.10618 -0.352734
927 -0.122769 -0.350227
928 -0.121832 -0.349656
929 -0.12334 -0.354085
930 -0.126104 -0.346846
931 -0.141952 -0.337864
932 -0.120267 -0.334086
933 -0.110538 -0.322827
934 -0.111277 -0.348001
935 -0.109136 -0.35081
936 -0.120095 -0.348116
937 -0.119959 -0.348054
938 -0.123983 -0.356123
939 -0.125925 -0.346933
940 -0.141007 -0.334377
941 -0.118545 -0.335019
942 -0.106639 -0.326255
943 -0.11339 -0.350111
944 -0.11208 -0.35337
945 -0.122298 -0.347334
946 -0.121905 -0.347287
947 -0.126953 -0.352169
948 -0.12569 -0.344094
949 -0.134126 -0.328239
950 -0.114659 -0.337414
951 -0.100002 -0.334472
952 -0.11817 -0.354488
953 -0.11862 -0.358788
954 -0.128017 -0.342585
955 -0.126285 -0.343355
956 -0.12426 -0.342933
957 -0.122021 -0.340503
958 -0.120592 -0.329291
959 -0.112845 -0.343889
960 -0.101019 -0.349919
961 -0.128343 -0.353679
962 -0.132163 -0.357179
963 -0.12584 -0.329843
964 -0.124314 -0.333765
965 -0.109842 -0.343765
966 -0.11583 -0.343687
967 -0.118733 -0.345568
968 -0.119693 -0.347768
969 -0.118809 -0.352926
970 -0.12969 -0.341177
971 -0.133474 -0.34021
972 -0.108268 -0.331864
973 -0.111461 -0.335772
974 -0.114913 -0.363707
975 -0.121084 -0.350433
976 -0.138465 -0.339007
977 -0.120269 -0.339582
978 -0.111844 -0.334824
979 -0.118411 -0.34642
980 -0.118378 -0.3479
981 -0.11978 -0.345636
982 -0.120264 -0.345378
983 -0.128455 -0.345662
984 -0.12257 -0.342029
985 -0.115778 -0.329721
986 -0.115707 -0.346707
987 -0.109574 -0.357736
988 -0.131415 -0.343878
989 -0.136446 -0.343511
990 -0.10913 -0.331508
991 -0.112384 -0.335567
992 -0.1179 -0.362724
993 -0.121686 -0.348978
994 -0.135574 -0.333515
995 -0.117502 -0.340784
996 -0.105781 -0.33999
997 -0.123334 -0.349833
998 -0.125286 -0.352549
999 -0.122 -0.335759
1000 -0.121407 -0.338296
1001 -0.114063 -0.348046
1002 -0.118892 -0.345305
1003 -0.126026 -0.344487
1004 -0.120279 -0.342826
1005 -0.117762 -0.340831
1006 -0.120185 -0.345087
1007 -0.120286 -0.345804
1008 -0.121042 -0.342598
1009 -0.120791 -0.342966
1010 -0.119272 -0.344025
1011 -0.119996 -0.343841
1012 -0.120845 -0.343932
1013 -0.120281 -0.343652
1014 -0.120075 -0.343434
1015 -0.120235 -0.343805
1016 -0.120238 -0.343858
1017 -0.1203 -0.343653
1018 -0.120285 -0.343674
1019 -0.120205 -0.343726
1020 -0.120238 -0.343718
1021 -0.120273 -0.343722
1022 -0.120252 -0.343712
1023 -0.120245 -0.343705
1024 -0.12025 -0.343716
1025 -0.120251 -0.343717
1026 -0.120252 -0.343712
1027 -0.120252 -0.343713
1028 -0.12025 -0.343714
1029 -0.120251 -0.343714
1030 -0.120251 -0.343714
1031 -0.120251 -0.343714
1032 -0.120251 -0.343713
1033 -0.120251 -0.343714
1034 -0.120251 -0.343714
1035 -0.120251 -0.343714
1036 -0.120251 -0.343714
1037 -0.120251 -0.343714
1038 -0.120251 -0.343714
1039 -0.120251 -0.343714
1040 -0.120251 -0.343714
1041 -0.120251 -0.343714
1042 -0.120251 -0.343714
1043 -0.120251 -0.343714
1044 -0.120251 -0.343714
1045 -0.120251 -0.343714
1046 -0.120251 -0.343714
1047 -0.120251 -0.343714
1048 -0.120251 -0.343714
1049 -0.120251 -0.343714
1050 -0.120251 -0.343714
1051 -0.120251 -0.343714
1052 -0.120251 -0.343714
1053 -0.120251 -0.343714
1054 -0.120251 -0.343714
1055 -0.120251 -0.343714
1056 -0.120251 -0.343714
1057 -0.120251 -0.343714
1058 -0.120251 -0.343714
1059 -0.120251 -0.343714
1060 -0.120251 -0.343714
1061 -0.120251 -0.343714
1062 -0.120251 -0.343714
1063 -0.120251 -0.343714
1064 -0.120251 -0.343714
1065 -0.120251 -0.343714
1066 -0.120251 -0.343714
1067 -0.120251 -0.343714
1068 -0.120251 -0.343714
1069 -0.120251 -0.343714
1070 -0.120251 -0.343714
1071 -0.120251 -0.343714
1072 -0.120251 -0.343714
1073 -0.120251 -0.343714
1074 -0.120251 -0.343714
1075 -0.120251 -0.343714
1076 -0.120251 -0.343714
1077 -0.120251 -0.343714
1078 -0.120251 -0.343714
1079 -0.120251 -0.343714
1080 -0.120251 -0.343714
1081 -0.120251 -0.343714
1082 -0.120251 -0.343714
1083 -0.120251 -0.343714
1084 -0.120251 -0.343714
1085 -0.120251 -0.343714
1086 -0.120251 -0.343714
1087 -0.120251 -0.343714
1088 -0.120251 -0.343714
1089 -0.120251 -0.343714
1090 -0.120251 -0.343714
1091 -0.120251 -0.343714
1092 -0.120251 -0.343714
1093 -0.120251 -0.343714
1094 -0.120251 -0.343714
1095 -0.120251 -0.343714
1096 -0.120251 -0.343714
1097 -0.120251 -0.343714
1098 -0.120251 -0.343714
1099 -0.120251 -0.343714
1100 -0.120251 -0.343714
