0 0.245936 6.93889e-18
1 0.245936 0.0703404
2 0.403306 0.0703404
3 0.403306 0.106421
4 0.0479813 0.106421
5 0.0479813 0.574544
6 0.0713762 0.574544
7 0.0713762 0.708479
8 -0.125068 0.708479
9 -0.125068 1.18071
10 0.289904 1.18071
11 0.289904 0.981504
12 0.250739 0.981504
13 0.250739 0.963599
14 0.231392 0.963599
15 0.231392 0.972614
16 0.233927 0.972614
17 0.233927 0.972302
18 0.234021 0.972302
19 0.234021 0.972232
20 0.233998 0.972232
21 0.233998 0.972237
22 0.233998 0.972237
23 0.233998 0.972237
24 0.233998 0.972237
25 0.233998 0.972237
26 0.233998 0.972237
27 0.233998 0.972237
28 0.233998 0.972237
29 0.233998 0.972237
30 0.233998 0.972237
31 0.233998 0.972237
32 0.233998 0.972237
33 0.233998 0.972237
34 0.233998 0.972237
35 0.233998 0.972237
36 0.233998 0.972237
37 0.233998 0.972237
38 0.233998 0.972237
39 0.233998 0.972237
40 0.233998 0.972237
41 0.233998 0.972237
42 0.233998 0.972237
43 0.233998 0.972237
44 0.233998 0.972237
45 0.233998 0.972237
46 0.233998 0.972237
47 0.233998 0.972237
48 0.233998 0.972237
49 0.233998 0.972237
50 0.233998 0.972237
