0 0.245936 6.93889e-18
1 0.245936 -0.081702
2 0.636052 -0.081702
3 0.636052 -0.0233227
4 0.712319 -0.0233227
5 0.712319 -0.104611
6 0.726778 -0.104611
7 0.726778 -0.436632
8 1.32415 -0.436632
9 1.32415 0.14708
10 0.934202 0.14708
11 0.934202 -0.0415459
12 0.997572 -0.0415459
13 0.997572 -0.031484
14 1.00173 -0.031484
15 1.00173 -0.026976
16 0.999325 -0.026976
17 0.999325 -0.0279263
18 0.99963 -0.0279263
19 0.99963 -0.0278452
20 0.999612 -0.0278452
21 0.999612 -0.0278481
22 0.999612 -0.0278481
23 0.999612 -0.0278482
24 0.999612 -0.0278482
25 0.999612 -0.0278482
26 0.999612 -0.0278482
27 0.999612 -0.0278482
28 0.999612 -0.0278482
29 0.999612 -0.0278482
30 0.999612 -0.0278482
31 0.999612 -0.0278482
32 0.999612 -0.0278482
33 0.999612 -0.0278482
34 0.999612 -0.0278482
35 0.999612 -0.0278482
36 0.999612 -0.0278482
37 0.999612 -0.0278482
38 0.999612 -0.0278482
39 0.999612 -0.0278482
40 0.999612 -0.0278482
41 0.999612 -0.0278482
42 0.999612 -0.0278482
43 0.999612 -0.0278482
44 0.999612 -0.0278482
45 0.999612 -0.0278482
46 0.999612 -0.0278482
47 0.999612 -0.0278482
48 0.999612 -0.0278482
49 0.999612 -0.0278482
50 0.999612 -0.0278482
