0 0.0569007 0.130176
1 0.0647549 0.126428
2 -0.0772858 -0.107867
3 -0.0522942 -0.129472
4 0.100018 -0.0208287
5 0.0412026 0.164604
6 0.0487547 0.163964
7 -0.0598111 -0.00819028
8 -0.0814947 0.0385526
9 -0.320338 0.0987408
10 -0.342874 0.0857262
11 -0.317484 0.145936
12 -0.319263 0.158049
13 -0.316303 0.154028
14 -0.315379 0.153578
15 -0.315489 0.153572
16 -0.315513 0.153556
17 -0.315513 0.153557
18 -0.315513 0.153557
19 -0.315513 0.153557
20 -0.315513 0.153557
21 -0.315513 0.153557
22 -0.315513 0.153557
23 -0.315513 0.153557
24 -0.315513 0.153557
25 -0.315513 0.153557
26 -0.315513 0.153557
27 -0.315513 0.153557
28 -0.315513 0.153557
29 -0.315513 0.153557
30 -0.315513 0.153557
31 -0.315513 0.153557
32 -0.315513 0.153557
33 -0.315513 0.153557
34 -0.315513 0.153557
35 -0.315513 0.153557
36 -0.315513 0.153557
37 -0.315513 0.153557
38 -0.315513 0.153557
39 -0.315513 0.153557
40 -0.315513 0.153557
41 -0.315513 0.153557
42 -0.315513 0.153557
43 -0.315513 0.153557
44 -0.315513 0.153557
45 -0.315513 0.153557
46 -0.315513 0.153557
47 -0.315513 0.153557
48 -0.315513 0.153557
49 -0.315513 0.153557
50 -0.315513 0.153557
