0 -0.0199859 -8.67362e-19
1 -0.0199859 -0.124824
2 -0.0332914 -0.124824
3 -0.0332914 -0.0776776
4 0.00894873 -0.0776776
5 0.00894873 0.0707139
6 0.0631939 0.0707139
7 0.0631939 0.114083
8 0.0364024 0.114083
9 0.0364024 0.0117638
10 -0.0730619 0.0117638
11 -0.0730619 -0.0728437
12 -0.113998 -0.0728437
13 -0.113998 -0.0503512
14 0.00848455 -0.0503512
15 0.00848455 -0.019955
16 0.138344 -0.019955
17 0.138344 -0.0264347
18 0.0909455 -0.0264347
19 0.0909455 0.0352026
20 -0.0334894 0.0352026
21 -0.0334894 0.137108
22 -0.0555937 0.137108
23 -0.0555937 0.0884576
24 -0.0563132 0.0884576
25 -0.0563132 -0.0685509
26 -0.120544 -0.0685509
27 -0.120544 -0.104312
28 -0.0766993 -0.104312
29 -0.0766993 -0.0749697
30 0.086221 -0.0749697
31 0.086221 -0.124711
32 0.124786 -0.124711
33 0.124786 -0.0810296
34 0.0992979 -0.0810296
35 0.0992979 0.08175
36 0.165993 0.08175
37 0.165993 0.113709
38 0.116868 0.113709
39 0.116868 0.127784
40 -0.0285354 0.127784
41 -0.0285354 0.235965
42 -0.0395838 0.235965
43 -0.0395838 0.185363
44 -0.12459 0.185363
45 -0.12459 0.114075
46 -0.261502 0.114075
47 -0.261502 0.140158
48 -0.233725 0.140158
49 -0.233725 0.00205789
50 -0.311121 0.00205789
51 -0.311121 -0.0734271
52 -0.364447 -0.0734271
53 -0.364447 -0.100054
54 -0.298729 -0.100054
55 -0.298729 -0.27395
56 -0.387765 -0.27395
57 -0.387765 -0.289597
58 -0.335918 -0.289597
59 -0.335918 -0.406085
60 -0.338045 -0.406085
61 -0.338045 -0.520509
62 -0.392023 -0.520509
63 -0.392023 -0.543736
64 -0.327326 -0.543736
65 -0.327326 -0.721263
66 -0.449337 -0.721263
67 -0.449337 -0.714604
68 -0.411656 -0.714604
69 -0.411656 -0.866203
70 -0.548309 -0.866203
71 -0.548309 -0.863024
72 -0.588814 -0.863024
73 -0.588814 -0.922565
74 -0.710354 -0.922565
75 -0.710354 -0.892897
76 -0.795892 -0.892897
77 -0.795892 -0.834067
78 -0.853818 -0.834067
79 -0.853818 -0.751509
80 -0.880036 -0.751509
81 -0.880036 -0.635014
82 -0.816053 -0.635014
83 -0.816053 -0.574578
84 -0.720913 -0.574578
85 -0.720913 -0.576569
86 -0.628512 -0.576569
87 -0.628512 -0.63789
88 -0.557108 -0.63789
89 -0.557108 -0.806363
90 -0.696713 -0.806363
91 -0.696713 -0.771539
92 -0.715644 -0.771539
93 -0.715644 -0.819675
94 -0.900479 -0.819675
95 -0.900479 -0.545924
96 -0.664523 -0.545924
97 -0.664523 -0.634375
98 -0.583056 -0.634375
99 -0.583056 -0.820844
100 -0.775789 -0.820844
101 -0.775789 -0.695463
102 -0.738607 -0.695463
103 -0.738607 -0.667503
104 -0.685156 -0.667503
105 -0.685156 -0.714444
106 -0.711456 -0.714444
107 -0.711456 -0.707653
108 -0.715943 -0.707653
109 -0.715943 -0.700059
110 -0.709999 -0.700059
