0 0.0569007 0.130176
1 0.0795159 0.119385
2 0.00393769 -0.00528056
3 0.0539208 -0.048492
4 -0.045494 -0.119404
5 -0.0838831 0.00162829
6 -0.0989874 0.0029088
7 -0.0412207 0.0945099
8 0.0212147 -0.0400807
9 0.260058 -0.100269
10 0.324948 -0.0627948
11 0.311439 -0.094832
12 0.314996 -0.119058
13 0.316928 -0.121683
14 0.316325 -0.121389
15 0.316103 -0.121401
16 0.316091 -0.12141
17 0.316092 -0.121408
18 0.316091 -0.121408
19 0.316091 -0.121408
20 0.316091 -0.121408
21 0.316091 -0.121408
22 0.316091 -0.121408
23 0.316091 -0.121408
24 0.316091 -0.121408
25 0.316091 -0.121408
