0 0.00525968 -0.013309
1 0.00018136 -0.015314
2 0.0106612 -0.0419358
3 0.00547101 -0.0439689
4 0.0158321 -0.0706012
5 0.0104179 -0.0726889
6 0.0205805 -0.0993353
7 0.0148295 -0.1015
8 0.024713 -0.128159
9 0.0185118 -0.130419
10 0.0280346 -0.157082
11 0.0212693 -0.159445
12 0.0303492 -0.186096
13 0.0229056 -0.188563
14 0.0314596 -0.215174
15 0.023224 -0.217733
16 0.0311698 -0.244261
17 0.0220299 -0.246889
18 0.0292865 -0.273278
19 0.0191333 -0.275936
20 0.025623 -0.302113
21 0.0143521 -0.304744
22 0.0200025 -0.330617
23 0.00751752 -0.333148
24 0.0122643 -0.358605
25 -0.00152044 -0.360943
26 0.00226995 -0.385852
27 -0.0128858 -0.387885
28 -0.0100894 -0.412094
29 -0.0266686 -0.413691
30 -0.024884 -0.437026
31 -0.0429153 -0.438036
32 -0.0421359 -0.460306
33 -0.0616193 -0.460565
34 -0.0618088 -0.481561
35 -0.0827104 -0.480891
36 -0.0837979 -0.500392
37 -0.106044 -0.498608
38 -0.107919 -0.516389
39 -0.131393 -0.513302
40 -0.133901 -0.529137
41 -0.158437 -0.524569
42 -0.161377 -0.538242
43 -0.186758 -0.532027
44 -0.189879 -0.543342
45 -0.215839 -0.535346
46 -0.218843 -0.54414
47 -0.245062 -0.534265
48 -0.247605 -0.540419
49 -0.27372 -0.528625
50 -0.27542 -0.532079
51 -0.301029 -0.51839
52 -0.301475 -0.519158
53 -0.326151 -0.503677
54 -0.324916 -0.501857
55 -0.34822 -0.484781
56 -0.344884 -0.480564
57 -0.36639 -0.462189
58 -0.360555 -0.455868
59 -0.379869 -0.436591
60 -0.371192 -0.428562
61 -0.38798 -0.408882
62 -0.376197 -0.399638
63 -0.390216 -0.380146
64 -0.37517 -0.370264
65 -0.386294 -0.351627
66 -0.367966 -0.341748
67 -0.376211 -0.32468
68 -0.35474 -0.315477
69 -0.360287 -0.300708
70 -0.335991 -0.292848
71 -0.339196 -0.281076
72 -0.312575 -0.275177
73 -0.313972 -0.267022
74 -0.285707 -0.263596
75 -0.285995 -0.259547
76 -0.256921 -0.258952
77 -0.256932 -0.259313
78 -0.228009 -0.261699
79 -0.228666 -0.266543
80 -0.200915 -0.271817
81 -0.203165 -0.280951
82 -0.177606 -0.288746
83 -0.182348 -0.301693
84 -0.159912 -0.311361
85 -0.167907 -0.327367
86 -0.149351 -0.338001
87 -0.161138 -0.356064
88 -0.146959 -0.366546
89 -0.162771 -0.385483
90 -0.153133 -0.394561
91 -0.172836 -0.413096
92 -0.167519 -0.41949
93 -0.190579 -0.436372
94 -0.188961 -0.438899
95 -0.214446 -0.453032
96 -0.215532 -0.450739
97 -0.24216 -0.461315
98 -0.244652 -0.453613
99 -0.270892 -0.460232
100 -0.273309 -0.446998
101 -0.297522 -0.449756
102 -0.298359 -0.431402
103 -0.318973 -0.43093
104 -0.316893 -0.408406
105 -0.332597 -0.405841
106 -0.326617 -0.38058
107 -0.336549 -0.377468
108 -0.326213 -0.351249
109 -0.330106 -0.349377
110 -0.315604 -0.324123
111 -0.313875 -0.325293
112 -0.296087 -0.302827
113 -0.289834 -0.308593
114 -0.270275 -0.290373
115 -0.26117 -0.301786
116 -0.241831 -0.288664
117 -0.231915 -0.306055
118 -0.215007 -0.298104
119 -0.206395 -0.320961
120 -0.194029 -0.3174
121 -0.188569 -0.344365
122 -0.182403 -0.343631
123 -0.181343 -0.372635
124 -0.182272 -0.372592
125 -0.185988 -0.401141
126 -0.193931 -0.39942
127 -0.201783 -0.42498
128 -0.215618 -0.419399
129 -0.225985 -0.439837
130 -0.243674 -0.428843
131 -0.254173 -0.442842
132 -0.273083 -0.425869
133 -0.280973 -0.433228
134 -0.298337 -0.41091
135 -0.301038 -0.412646
136 -0.314505 -0.386804
137 -0.310141 -0.385016
138 -0.318288 -0.35839
139 -0.306145 -0.355876
140 -0.30884 -0.331631
141 -0.289615 -0.331312
142 -0.288133 -0.312401
143 -0.263891 -0.316654
144 -0.260712 -0.305158
145 -0.234531 -0.315211
146 -0.232833 -0.311819
147 -0.208173 -0.327359
148 -0.211105 -0.331128
149 -0.191018 -0.350246
150 -0.200907 -0.358744
151 -0.187283 -0.378278
152 -0.204962 -0.388108
153 -0.197999 -0.404341
154 -0.222467 -0.411971
155 -0.220539 -0.421546
156 -0.249066 -0.424247
157 -0.249075 -0.425074
158 -0.277789 -0.421723
159 -0.275956 -0.413619
160 -0.300807 -0.405122
161 -0.293732 -0.389982
162 -0.311581 -0.379149
163 -0.297291 -0.360528
164 -0.306838 -0.351376
165 -0.285501 -0.333545
166 -0.287737 -0.330171
167 -0.261795 -0.316884
168 -0.259787 -0.322205
169 -0.233388 -0.315527
170 -0.231399 -0.330283
171 -0.209239 -0.32985
172 -0.211384 -0.352215
173 -0.197273 -0.355244
174 -0.206118 -0.381237
175 -0.201717 -0.383337
176 -0.217281 -0.407994
177 -0.221465 -0.4046
178 -0.241027 -0.423566
179 -0.250157 -0.411556
180 -0.269009 -0.422587
181 -0.278115 -0.401525
182 -0.291098 -0.405345
183 -0.295633 -0.377849
184 -0.298962 -0.377982
185 -0.296525 -0.348996
186 -0.289255 -0.350535
187 -0.280627 -0.325669
188 -0.265151 -0.333338
189 -0.254175 -0.316833
190 -0.235467 -0.333053
191 -0.227699 -0.326124
192 -0.211485 -0.349845
193 -0.212042 -0.350127
194 -0.202544 -0.376984
195 -0.213966 -0.379407
196 -0.212115 -0.403263
197 -0.233136 -0.402111
198 -0.236052 -0.417466
199 -0.261896 -0.408864
200 -0.264003 -0.413163
201 -0.288213 -0.396932
202 -0.283611 -0.391751
203 -0.300745 -0.371743
204 -0.285919 -0.362216
205 -0.293961 -0.344838
206 -0.269592 -0.337434
207 -0.270935 -0.328887
208 -0.241892 -0.32842
209 -0.242318 -0.331825
210 -0.21568 -0.339071
211 -0.221634 -0.352865
212 -0.203508 -0.363978
213 -0.218867 -0.382465
214 -0.211489 -0.39065
215 -0.235391 -0.406619
216 -0.235968 -0.405406
217 -0.262889 -0.413666
218 -0.26493 -0.400258
219 -0.287171 -0.400339
220 -0.283817 -0.377281
221 -0.295291 -0.373817
222 -0.283044 -0.347979
223 -0.282454 -0.348376
224 -0.263317 -0.327569
225 -0.254952 -0.338005
226 -0.235685 -0.326885
227 -0.227202 -0.348721
228 -0.215867 -0.346223
229 -0.21407 -0.37488
230 -0.215608 -0.374738
231 -0.222482 -0.401877
232 -0.235791 -0.396181
233 -0.247118 -0.414188
234 -0.265464 -0.398122
235 -0.273047 -0.40442
236 -0.287812 -0.379445
237 -0.28424 -0.378042
238 -0.290002 -0.351472
239 -0.273248 -0.350595
240 -0.271151 -0.331546
241 -0.246138 -0.33853
242 -0.243335 -0.332507
243 -0.219246 -0.348973
244 -0.224462 -0.354415
245 -0.209216 -0.374847
246 -0.227026 -0.384006
247 -0.222283 -0.398905
248 -0.249755 -0.402795
249 -0.249807 -0.404666
250 -0.277927 -0.399069
251 -0.273466 -0.387433
252 -0.292728 -0.375982
253 -0.277294 -0.357928
254 -0.283919 -0.349929
255 -0.258724 -0.335525
256 -0.257225 -0.339678
257 -0.230868 -0.335087
258 -0.230905 -0.353251
259 -0.2138 -0.356315
260 -0.223193 -0.381798
261 -0.220388 -0.383441
262 -0.239128 -0.405375
263 -0.246642 -0.396192
264 -0.2664 -0.407168
265 -0.274058 -0.38464
266 -0.283936 -0.386108
267 -0.282968 -0.357023
268 -0.277542 -0.358207
269 -0.267445 -0.334121
270 -0.251048 -0.344861
271 -0.240312 -0.333645
272 -0.223969 -0.356394
273 -0.22371 -0.356272
274 -0.216683 -0.383541
275 -0.231793 -0.384536
276 -0.234194 -0.404215
277 -0.259037 -0.396277
278 -0.261603 -0.400998
279 -0.284069 -0.382566
280 -0.275733 -0.375633
281 -0.286813 -0.355499
282 -0.264205 -0.348215
283 -0.265348 -0.338702
284 -0.236258 -0.340836
285 -0.238099 -0.347576
286 -0.215549 -0.358775
287 -0.228591 -0.375723
288 -0.220093 -0.385426
289 -0.24505 -0.399813
290 -0.246252 -0.396256
291 -0.272655 -0.399658
292 -0.271303 -0.380461
293 -0.286124 -0.376367
294 -0.273346 -0.351174
295 -0.272377 -0.351941
296 -0.251325 -0.334229
297 -0.242966 -0.349626
298 -0.226604 -0.34466
299 -0.22408 -0.372248
300 -0.223555 -0.372308
301 -0.232309 -0.398918
302 -0.246455 -0.390754
303 -0.258549 -0.404276
304 -0.274733 -0.382266
305 -0.276124 -0.382898
306 -0.282229 -0.355322
307 -0.266475 -0.355185
308 -0.262765 -0.336997
309 -0.237855 -0.347877
310 -0.236827 -0.346448
311 -0.217859 -0.367404
312 -0.231564 -0.375303
313 -0.225964 -0.392818
314 -0.253163 -0.395416
315 -0.253309 -0.396634
316 -0.279832 -0.387392
317 -0.271173 -0.373321
318 -0.283827 -0.361083
319 -0.260714 -0.345796
320 -0.260686 -0.345869
321 -0.233331 -0.341829
322 -0.234637 -0.35961
323 -0.219167 -0.364293
324 -0.233096 -0.388885
325 -0.234689 -0.387437
326 -0.256692 -0.402832
327 -0.264111 -0.384628
328 -0.277917 -0.386894
329 -0.276122 -0.358122
330 -0.271348 -0.359536
331 -0.258783 -0.337308
332 -0.242652 -0.352087
333 -0.233581 -0.345864
334 -0.222952 -0.373055
335 -0.231367 -0.37427
336 -0.233403 -0.39767
337 -0.25647 -0.390088
338 -0.260185 -0.39616
339 -0.280835 -0.375678
340 -0.270136 -0.369023
341 -0.276641 -0.349574
342 -0.250165 -0.347229
343 -0.249825 -0.34493
344 -0.223699 -0.355447
345 -0.233596 -0.369331
346 -0.222861 -0.381717
347 -0.24809 -0.394726
348 -0.248868 -0.391508
349 -0.274939 -0.391448
350 -0.269774 -0.370573
351 -0.279523 -0.365454
352 -0.260136 -0.343585
353 -0.254713 -0.351461
354 -0.233687 -0.343551
355 -0.230743 -0.368842
356 -0.226398 -0.369404
357 -0.236841 -0.395999
358 -0.249873 -0.386689
359 -0.262908 -0.397749
360 -0.275362 -0.372356
361 -0.272162 -0.371682
362 -0.271089 -0.345793
363 -0.249991 -0.352118
364 -0.244879 -0.343624
365 -0.224368 -0.364454
366 -0.234251 -0.370187
367 -0.22863 -0.390274
368 -0.255354 -0.390792
369 -0.255629 -0.391942
370 -0.279976 -0.37896
371 -0.266929 -0.364831
372 -0.274099 -0.353613
373 -0.246373 -0.344686
374 -0.245923 -0.35309
375 -0.223579 -0.357739
376 -0.235016 -0.380559
377 -0.232305 -0.38296
378 -0.255853 -0.39856
379 -0.261488 -0.381749
380 -0.276258 -0.382651
381 -0.270442 -0.354274
382 -0.263942 -0.357544
383 -0.248327 -0.34012
384 -0.234633 -0.361265
385 -0.23078 -0.360037
386 -0.229601 -0.388308
387 -0.246946 -0.38432
388 -0.253831 -0.397094
389 -0.274816 -0.377008
390 -0.267867 -0.372867
391 -0.273858 -0.350943
392 -0.248003 -0.351063
393 -0.247333 -0.348705
394 -0.223652 -0.363212
395 -0.237901 -0.37642
396 -0.232244 -0.38747
397 -0.260923 -0.393223
398 -0.260081 -0.382445
399 -0.279432 -0.375281
400 -0.263323 -0.353279
401 -0.262596 -0.354215
402 -0.238182 -0.344415
403 -0.235908 -0.366629
404 -0.227738 -0.368102
405 -0.240614 -0.394117
406 -0.251829 -0.383845
407 -0.266068 -0.392507
408 -0.273549 -0.364732
409 -0.266743 -0.364875
410 -0.259756 -0.342768
411 -0.238334 -0.357168
412 -0.236824 -0.355916
413 -0.226016 -0.381112
414 -0.246555 -0.383531
415 -0.248311 -0.393664
416 -0.274466 -0.380669
417 -0.264899 -0.370429
418 -0.273724 -0.355308
419 -0.245881 -0.348599
420 -0.246245 -0.355084
421 -0.224474 -0.36302
422 -0.240076 -0.383816
423 -0.239353 -0.384803
424 -0.264858 -0.393727
425 -0.265729 -0.372059
426 -0.274027 -0.369878
427 -0.258754 -0.345244
428 -0.248127 -0.357433
429 -0.234295 -0.351297
430 -0.230886 -0.38024
431 -0.240651 -0.378424
432 -0.250252 -0.396615
433 -0.26978 -0.376977
434 -0.266746 -0.375401
435 -0.271051 -0.351064
436 -0.246347 -0.354289
437 -0.245089 -0.351585
438 -0.224812 -0.370173
439 -0.243114 -0.380691
440 -0.241214 -0.389452
441 -0.270069 -0.386697
442 -0.263532 -0.371439
443 -0.27433 -0.362061
444 -0.249303 -0.346904
445 -0.24661 -0.35827
446 -0.227819 -0.359777
447 -0.238741 -0.386086
448 -0.24377 -0.381783
449 -0.263011 -0.393528
450 -0.269191 -0.367396
451 -0.267567 -0.367533
452 -0.257647 -0.344184
453 -0.239183 -0.360375
454 -0.236501 -0.358796
455 -0.230735 -0.385552
456 -0.252396 -0.383197
457 -0.255516 -0.390006
458 -0.276425 -0.370462
459 -0.25996 -0.361547
460 -0.261921 -0.350295
461 -0.233038 -0.354714
462 -0.240163 -0.368499
463 -0.229837 -0.379198
464 -0.256312 -0.391691
465 -0.257702 -0.379471
466 -0.275116 -0.375666
467 -0.26015 -0.350943
468 -0.254268 -0.357977
469 -0.235307 -0.350717
470 -0.234345 -0.378905
471 -0.240284 -0.377079
472 -0.25347 -0.39511
473 -0.269 -0.37267
474 -0.265643 -0.371738
475 -0.264088 -0.347816
476 -0.239923 -0.358069
477 -0.240612 -0.358826
478 -0.228626 -0.381061
479 -0.253486 -0.384961
480 -0.253695 -0.386087
481 -0.276418 -0.372947
482 -0.258069 -0.357323
483 -0.259138 -0.354512
484 -0.232153 -0.353956
485 -0.239489 -0.375874
486 -0.235906 -0.378697
487 -0.259259 -0.393281
488 -0.263946 -0.37153
489 -0.2697 -0.370751
490 -0.256756 -0.34602
491 -0.242226 -0.361927
492 -0.235987 -0.359356
493 -0.234836 -0.387501
494 -0.254857 -0.381089
495 -0.259396 -0.386918
496 -0.27436 -0.362872
497 -0.254084 -0.35869
498 -0.252923 -0.351046
499 -0.228086 -0.364797
500 -0.243714 -0.378214
501 -0.241025 -0.385516
502 -0.269404 -0.385387
503 -0.262056 -0.366027
504 -0.267714 -0.361048
505 -0.242743 -0.347754
506 -0.240047 -0.368611
507 -0.233241 -0.370226
508 -0.249001 -0.3935
509 -0.261394 -0.37586
510 -0.267356 -0.377373
511 -0.26413 -0.349744
512 -0.244393 -0.360065
513 -0.240643 -0.35676
514 -0.231116 -0.382435
515 -0.254262 -0.38214
516 -0.255579 -0.385419
517 -0.275147 -0.367138
518 -0.25339 -0.35666
519 -0.253525 -0.354914
520 -0.228694 -0.362453
521 -0.244318 -0.382262
522 -0.244493 -0.381962
523 -0.269049 -0.385783
524 -0.263271 -0.360093
525 -0.260996 -0.361642
526 -0.241609 -0.348492
527 -0.235688 -0.375231
528 -0.241064 -0.374358
529 -0.252192 -0.392893
530 -0.269312 -0.370349
531 -0.26122 -0.368127
532 -0.259012 -0.348873
533 -0.233526 -0.362707
534 -0.242426 -0.370045
535 -0.237426 -0.38594
536 -0.266681 -0.383569
537 -0.260012 -0.370355
538 -0.268834 -0.360217
539 -0.241146 -0.350797
540 -0.242251 -0.368851
541 -0.233521 -0.373078
542 -0.254824 -0.392108
543 -0.261865 -0.372046
544 -0.26732 -0.371746
545 -0.255539 -0.347244
546 -0.239451 -0.365275
547 -0.238705 -0.365017
548 -0.240263 -0.389979
549 -0.264122 -0.378187
550 -0.260935 -0.375424
551 -0.267753 -0.354554
552 -0.23945 -0.356923
553 -0.243823 -0.365248
554 -0.232429 -0.379162
555 -0.260568 -0.387384
556 -0.258848 -0.372929
557 -0.270214 -0.366391
558 -0.24691 -0.348882
559 -0.242313 -0.367746
560 -0.234988 -0.368982
561 -0.250044 -0.392253
562 -0.263183 -0.372572
563 -0.264273 -0.372771
564 -0.258603 -0.348532
565 -0.236983 -0.36464
566 -0.241828 -0.367409
567 -0.23963 -0.387917
568 -0.267239 -0.379184
569 -0.259143 -0.36996
570 -0.26546 -0.356384
571 -0.236139 -0.355806
572 -0.243297 -0.372882
573 -0.237718 -0.378795
574 -0.263959 -0.388016
575 -0.262025 -0.3643
576 -0.26241 -0.364089
577 -0.243052 -0.34943
578 -0.236869 -0.376299
579 -0.24432 -0.374814
580 -0.255223 -0.390074
581 -0.269948 -0.364699
582 -0.254688 -0.363164
583 -0.251014 -0.352299
584 -0.230086 -0.371927
585 -0.250476 -0.380291
586 -0.250592 -0.383182
587 -0.273249 -0.371679
588 -0.252145 -0.354953
589 -0.250665 -0.361041
590 -0.231504 -0.364811
591 -0.24871 -0.388519
592 -0.256062 -0.375331
593 -0.267431 -0.376165
594 -0.257274 -0.349429
595 -0.241551 -0.365625
596 -0.23992 -0.365061
597 -0.242534 -0.389532
598 -0.266157 -0.375168
599 -0.259096 -0.370504
600 -0.261571 -0.353191
601 -0.233457 -0.361906
602 -0.245574 -0.375067
603 -0.242635 -0.382376
604 -0.269951 -0.380652
605 -0.257676 -0.358669
606 -0.255885 -0.361207
607 -0.234787 -0.357666
608 -0.242895 -0.385576
609 -0.253266 -0.376245
610 -0.264426 -0.380797
611 -0.262582 -0.352221
612 -0.242646 -0.36356
613 -0.242191 -0.363249
614 -0.238771 -0.386588
615 -0.265821 -0.377925
616 -0.257948 -0.369745
617 -0.262846 -0.356208
618 -0.233925 -0.359434
619 -0.245569 -0.377589
620 -0.244342 -0.379633
621 -0.268767 -0.381576
622 -0.258301 -0.355567
623 -0.251415 -0.363335
624 -0.236846 -0.359437
625 -0.242739 -0.388019
626 -0.259522 -0.374749
627 -0.261682 -0.375752
628 -0.260888 -0.351406
629 -0.236154 -0.364954
630 -0.245334 -0.371237
631 -0.243502 -0.385282
632 -0.270807 -0.375572
633 -0.254476 -0.36015
634 -0.254624 -0.359642
635 -0.231933 -0.364025
636 -0.249731 -0.386676
637 -0.255358 -0.374363
638 -0.266885 -0.373804
639 -0.252692 -0.349387
640 -0.239544 -0.370116
641 -0.242723 -0.370388
642 -0.2506 -0.389243
643 -0.269392 -0.366619
644 -0.252386 -0.362989
645 -0.250496 -0.356255
646 -0.231338 -0.374404
647 -0.256997 -0.383097
648 -0.255614 -0.374533
649 -0.268233 -0.364982
650 -0.241746 -0.352698
651 -0.242972 -0.374791
652 -0.242654 -0.374984
653 -0.262108 -0.386464
654 -0.263286 -0.357375
655 -0.249355 -0.364158
656 -0.242213 -0.359025
657 -0.238776 -0.385816
658 -0.263668 -0.376192
659 -0.25748 -0.370933
660 -0.260742 -0.355309
661 -0.232821 -0.363753
662 -0.248939 -0.379591
663 -0.249147 -0.378855
664 -0.270151 -0.373996
665 -0.250543 -0.35212
666 -0.244775 -0.368659
667 -0.238835 -0.369678
668 -0.254817 -0.389589
669 -0.26541 -0.363593
670 -0.253464 -0.365052
671 -0.246431 -0.355427
672 -0.234772 -0.380895
673 -0.260401 -0.378784
674 -0.256695 -0.373303
675 -0.26418 -0.358293
676 -0.23498 -0.359811
677 -0.247211 -0.378999
678 -0.247953 -0.377597
679 -0.268521 -0.376963
680 -0.25311 -0.351793
681 -0.243702 -0.368943
682 -0.24085 -0.368996
683 -0.252905 -0.389082
684 -0.267064 -0.363624
685 -0.250636 -0.363889
686 -0.247237 -0.358231
687 -0.23494 -0.380524
688 -0.263301 -0.37988
689 -0.256195 -0.368304
690 -0.260738 -0.359815
691 -0.233913 -0.36085
692 -0.248721 -0.383975
693 -0.253771 -0.374013
694 -0.265702 -0.373251
695 -0.250087 -0.350326
696 -0.238816 -0.37441
697 -0.24806 -0.373497
698 -0.256145 -0.384453
699 -0.267071 -0.358375
700 -0.241431 -0.362057
701 -0.246482 -0.368264
702 -0.241508 -0.382051
703 -0.269516 -0.376482
704 -0.252333 -0.357659
705 -0.25026 -0.364703
706 -0.235659 -0.368579
707 -0.256336 -0.38841
708 -0.261795 -0.363606
709 -0.254869 -0.365996
710 -0.243301 -0.356478
711 -0.239388 -0.384784
712 -0.262858 -0.374448
713 -0.256302 -0.369937
714 -0.256992 -0.355684
715 -0.232244 -0.369432
716 -0.255151 -0.382161
717 -0.254686 -0.372944
718 -0.265302 -0.365538
719 -0.239726 -0.354667
720 -0.244001 -0.381336
721 -0.25235 -0.373999
722 -0.262858 -0.377098
723 -0.255489 -0.351219
724 -0.236896 -0.372075
725 -0.250279 -0.374258
726 -0.253537 -0.381841
727 -0.267867 -0.360731
728 -0.239047 -0.359963
729 -0.247574 -0.374052
730 -0.245468 -0.378359
731 -0.268742 -0.37559
732 -0.249934 -0.352923
733 -0.244063 -0.371713
734 -0.243512 -0.371867
735 -0.258926 -0.385376
736 -0.263074 -0.356134
737 -0.242275 -0.365899
738 -0.245983 -0.368177
739 -0.2465 -0.384692
740 -0.269988 -0.368117
741 -0.24575 -0.358664
742 -0.247833 -0.368263
743 -0.239887 -0.376451
744 -0.266191 -0.381308
745 -0.254973 -0.35524
746 -0.246528 -0.368292
747 -0.24137 -0.36838
748 -0.254664 -0.38742
749 -0.265289 -0.359835
750 -0.244768 -0.364578
751 -0.246274 -0.365975
752 -0.243583 -0.383716
753 -0.26974 -0.371153
754 -0.24744 -0.358279
755 -0.248197 -0.368078
756 -0.239731 -0.374909
757 -0.264889 -0.382385
758 -0.255943 -0.354965
759 -0.24536 -0.368886
760 -0.243091 -0.368787
761 -0.254273 -0.386452
762 -0.265702 -0.359229
763 -0.242158 -0.364313
764 -0.247479 -0.369238
765 -0.245744 -0.382097
766 -0.269762 -0.369604
767 -0.244444 -0.356547
768 -0.246767 -0.373019
769 -0.244654 -0.375017
770 -0.265329 -0.379092
771 -0.25315 -0.352201
772 -0.24091 -0.37336
773 -0.249112 -0.372555
774 -0.25682 -0.381318
775 -0.262671 -0.355702
776 -0.23594 -0.36705
777 -0.252046 -0.37675
778 -0.252029 -0.376546
779 -0.265944 -0.364434
780 -0.237744 -0.358022
781 -0.248339 -0.382485
782 -0.254761 -0.371487
783 -0.261431 -0.370776
784 -0.245745 -0.353675
785 -0.240109 -0.38279
786 -0.261165 -0.372688
787 -0.254898 -0.369396
788 -0.252987 -0.35737
789 -0.234707 -0.37619
790 -0.263678 -0.379894
791 -0.25382 -0.362588
792 -0.252899 -0.364727
793 -0.237174 -0.368589
794 -0.258909 -0.386205
795 -0.259784 -0.357994
796 -0.246025 -0.367826
797 -0.244808 -0.367453
798 -0.251405 -0.385166
799 -0.266711 -0.360694
800 -0.239625 -0.363351
801 -0.249704 -0.374045
802 -0.24914 -0.377642
803 -0.267079 -0.367725
804 -0.240181 -0.356232
805 -0.24699 -0.381874
806 -0.255111 -0.371114
807 -0.259876 -0.371022
808 -0.246475 -0.35468
809 -0.240204 -0.383361
810 -0.263887 -0.37178
811 -0.251819 -0.366032
812 -0.250768 -0.361505
813 -0.237832 -0.377888
814 -0.267097 -0.377679
815 -0.250184 -0.356936
816 -0.247209 -0.371001
817 -0.244298 -0.372484
818 -0.262274 -0.38048
819 -0.254737 -0.352591
820 -0.238611 -0.375035
821 -0.25503 -0.374012
822 -0.255433 -0.374446
823 -0.257752 -0.35722
824 -0.233977 -0.371981
825 -0.261203 -0.381133
826 -0.254217 -0.363014
827 -0.252566 -0.365973
828 -0.239031 -0.368522
829 -0.259238 -0.385133
830 -0.258942 -0.355557
831 -0.241534 -0.370505
832 -0.250007 -0.371875
833 -0.254455 -0.379261
834 -0.261766 -0.357553
835 -0.234323 -0.368529
836 -0.25774 -0.380825
837 -0.254467 -0.366509
838 -0.255553 -0.36504
839 -0.237899 -0.366365
840 -0.257632 -0.386009
841 -0.259632 -0.357019
842 -0.242842 -0.369701
843 -0.249112 -0.371015
844 -0.254107 -0.379904
845 -0.261936 -0.357667
846 -0.234467 -0.368743
847 -0.258193 -0.380622
848 -0.254237 -0.36579
849 -0.254491 -0.365406
850 -0.238572 -0.367717
851 -0.259154 -0.384953
852 -0.258152 -0.355384
853 -0.241171 -0.371735
854 -0.251803 -0.372482
855 -0.255091 -0.37667
856 -0.258386 -0.35723
857 -0.234496 -0.372577
858 -0.262466 -0.379996
859 -0.252589 -0.361156
860 -0.25001 -0.368349
861 -0.24257 -0.371504
862 -0.262187 -0.38033
863 -0.252916 -0.352885
864 -0.239392 -0.377946
865 -0.258981 -0.372799
866 -0.253392 -0.369292
867 -0.251693 -0.360681
868 -0.239058 -0.378408
869 -0.267757 -0.374387
870 -0.245377 -0.356603
871 -0.247251 -0.377291
872 -0.25227 -0.371534
873 -0.259665 -0.371177
874 -0.244735 -0.357108
875 -0.245101 -0.385523
876 -0.265794 -0.364922
877 -0.243047 -0.364567
878 -0.25043 -0.372364
879 -0.250287 -0.376206
880 -0.263168 -0.364442
881 -0.23639 -0.363058
882 -0.256228 -0.385264
883 -0.257747 -0.359595
884 -0.246027 -0.369983
885 -0.248045 -0.370103
886 -0.256052 -0.379079
887 -0.257277 -0.355826
888 -0.23566 -0.375521
889 -0.264279 -0.376624
890 -0.249387 -0.36085
891 -0.249215 -0.370861
892 -0.246521 -0.373537
893 -0.263249 -0.37334
894 -0.244315 -0.355472
895 -0.245747 -0.385228
896 -0.263663 -0.364647
897 -0.244614 -0.366405
898 -0.250168 -0.370793
899 -0.251078 -0.377088
900 -0.261698 -0.361994
901 -0.235436 -0.367396
902 -0.260869 -0.382988
903 -0.253667 -0.356962
904 -0.244929 -0.373791
905 -0.251824 -0.371313
906 -0.25702 -0.373509
907 -0.249762 -0.3576
908 -0.241751 -0.382365
909 -0.267581 -0.367606
910 -0.240194 -0.361549
911 -0.252555 -0.378921
912 -0.253791 -0.368149
913 -0.2549 -0.367164
914 -0.241413 -0.367131
915 -0.258654 -0.382522
916 -0.255273 -0.353958
917 -0.238476 -0.378287
918 -0.263171 -0.37207
919 -0.247823 -0.364252
920 -0.250164 -0.370045
921 -0.248334 -0.375402
922 -0.26266 -0.367001
923 -0.238151 -0.362578
924 -0.256719 -0.385278
925 -0.257269 -0.356008
926 -0.240869 -0.374672
927 -0.257458 -0.372164
928 -0.252063 -0.368875
929 -0.250458 -0.364162
930 -0.244931 -0.378639
931 -0.265619 -0.366914
932 -0.237311 -0.361982
933 -0.256768 -0.3845
934 -0.255981 -0.35771
935 -0.24365 -0.373882
936 -0.254609 -0.371189
937 -0.253829 -0.370827
938 -0.249547 -0.36224
939 -0.245663 -0.380618
940 -0.265351 -0.364228
941 -0.23603 -0.365065
942 -0.259843 -0.382594
943 -0.252659 -0.357207
944 -0.245117 -0.375977
945 -0.255335 -0.369941
946 -0.253073 -0.369671
947 -0.247701 -0.364476
948 -0.250228 -0.380626
949 -0.261241 -0.359929
950 -0.235829 -0.371906
951 -0.265142 -0.37779
952 -0.245809 -0.356489
953 -0.248399 -0.381249
954 -0.257797 -0.365046
955 -0.247824 -0.36948
956 -0.24998 -0.369929
957 -0.254457 -0.374789
958 -0.252592 -0.360153
959 -0.24248 -0.37921
960 -0.266133 -0.36715
961 -0.237056 -0.363149
962 -0.259054 -0.383306
963 -0.252731 -0.355971
964 -0.243944 -0.378554
965 -0.259344 -0.367911
966 -0.247369 -0.368068
967 -0.251159 -0.370524
968 -0.252411 -0.373396
969 -0.254179 -0.363079
970 -0.242599 -0.375582
971 -0.264392 -0.370015
972 -0.239186 -0.361669
973 -0.257571 -0.384172
974 -0.253898 -0.354444
975 -0.241555 -0.380993
976 -0.264244 -0.366078
977 -0.240491 -0.366829
978 -0.257342 -0.376346
979 -0.250354 -0.364006
980 -0.250168 -0.372531
981 -0.25157 -0.370267
982 -0.254361 -0.368784
983 -0.245645 -0.368482
984 -0.257415 -0.375748
985 -0.248549 -0.359681
986 -0.248456 -0.381854
987 -0.260722 -0.359795
988 -0.237478 -0.374542
989 -0.266448 -0.372427
990 -0.239132 -0.360424
991 -0.257868 -0.383802
992 -0.251998 -0.354902
993 -0.244425 -0.382395
994 -0.262554 -0.362209
995 -0.238963 -0.371698
996 -0.262403 -0.373286
997 -0.243725 -0.362811
998 -0.254966 -0.378456
999 -0.25168 -0.361666
1000 -0.248266 -0.376275
1001 -0.256081 -0.365898
1002 -0.246423 -0.371381
1003 -0.255736 -0.370313
1004 -0.248232 -0.368145
1005 -0.253265 -0.372135
1006 -0.250687 -0.367606
1007 -0.25127 -0.371737
1008 -0.252026 -0.368531
1009 -0.25058 -0.37065
1010 -0.252197 -0.369523
1011 -0.25075 -0.369891
1012 -0.251859 -0.37001
1013 -0.251123 -0.369644
1014 -0.251534 -0.370079
1015 -0.251364 -0.369684
1016 -0.251381 -0.369989
1017 -0.251443 -0.369784
1018 -0.251354 -0.369903
1019 -0.251439 -0.369847
1020 -0.251372 -0.369863
1021 -0.251418 -0.369868
1022 -0.25139 -0.369855
1023 -0.251404 -0.369869
1024 -0.251399 -0.369857
1025 -0.2514 -0.369866
1026 -0.251401 -0.36986
1027 -0.251399 -0.369863
1028 -0.251401 -0.369862
1029 -0.2514 -0.369862
1030 -0.2514 -0.369862
1031 -0.2514 -0.369862
1032 -0.2514 -0.369862
1033 -0.2514 -0.369862
1034 -0.2514 -0.369862
1035 -0.2514 -0.369862
1036 -0.2514 -0.369862
1037 -0.2514 -0.369862
1038 -0.2514 -0.369862
1039 -0.2514 -0.369862
1040 -0.2514 -0.369862
1041 -0.2514 -0.369862
1042 -0.2514 -0.369862
1043 -0.2514 -0.369862
1044 -0.2514 -0.369862
1045 -0.2514 -0.369862
1046 -0.2514 -0.369862
1047 -0.2514 -0.369862
1048 -0.2514 -0.369862
1049 -0.2514 -0.369862
1050 -0.2514 -0.369862
1051 -0.2514 -0.369862
1052 -0.2514 -0.369862
1053 -0.2514 -0.369862
1054 -0.2514 -0.369862
1055 -0.2514 -0.369862
1056 -0.2514 -0.369862
1057 -0.2514 -0.369862
1058 -0.2514 -0.369862
1059 -0.2514 -0.369862
1060 -0.2514 -0.369862
1061 -0.2514 -0.369862
1062 -0.2514 -0.369862
1063 -0.2514 -0.369862
1064 -0.2514 -0.369862
1065 -0.2514 -0.369862
1066 -0.2514 -0.369862
1067 -0.2514 -0.369862
1068 -0.2514 -0.369862
1069 -0.2514 -0.369862
1070 -0.2514 -0.369862
1071 -0.2514 -0.369862
1072 -0.2514 -0.369862
1073 -0.2514 -0.369862
1074 -0.2514 -0.369862
1075 -0.2514 -0.369862
1076 -0.2514 -0.369862
1077 -0.2514 -0.369862
1078 -0.2514 -0.369862
1079 -0.2514 -0.369862
1080 -0.2514 -0.369862
1081 -0.2514 -0.369862
1082 -0.2514 -0.369862
1083 -0.2514 -0.369862
1084 -0.2514 -0.369862
1085 -0.2514 -0.369862
1086 -0.2514 -0.369862
1087 -0.2514 -0.369862
1088 -0.2514 -0.369862
1089 -0.2514 -0.369862
1090 -0.2514 -0.369862
1091 -0.2514 -0.369862
1092 -0.2514 -0.369862
1093 -0.2514 -0.369862
1094 -0.2514 -0.369862
1095 -0.2514 -0.369862
1096 -0.2514 -0.369862
1097 -0.2514 -0.369862
1098 -0.2514 -0.369862
1099 -0.2514 -0.369862
1100 -0.2514 -0.369862
