0 -0.0199859 -8.67362e-19
1 -0.0199859 0.0476784
2 0.0148484 0.0476784
3 0.0148484 -0.075752
4 -0.00128587 -0.075752
5 -0.00128587 0.0726395
6 -0.0220057 0.0726395
7 -0.0220057 -0.0409023
8 0.0481354 -0.0409023
9 0.0481354 -0.00181984
10 -0.061329 -0.00181984
11 -0.061329 0.0304974
12 0.0458432 0.0304974
13 0.0458432 -0.0283888
14 -0.000940994 -0.0283888
15 -0.000940994 0.0020074
16 -0.0505431 0.0020074
17 -0.0505431 0.0189715
18 0.0735491 0.0189715
19 0.0735491 -0.00457184
20 -0.0508859 -0.00457184
21 -0.0508859 -0.0434962
22 0.0069839 -0.0434962
23 0.0069839 0.0838718
24 0.00725872 0.0838718
25 0.00725872 -0.0731368
26 0.0317927 -0.0731368
27 0.0317927 0.0204858
28 -0.0829943 0.0204858
29 -0.0829943 0.00927819
30 0.079926 0.00927819
31 0.079926 0.0282777
32 -0.0210397 0.0282777
33 -0.0210397 -0.0860816
34 -0.0113039 -0.0860816
35 -0.0113039 0.076698
36 -0.0367794 0.076698
37 -0.0367794 -0.00697271
38 0.0918325 -0.00697271
39 0.0918325 -0.0123486
40 -0.053571 -0.0123486
41 -0.053571 -0.0536702
42 -0.0246459 -0.0536702
43 -0.0246459 0.0788083
44 0.00782369 0.0788083
45 0.00782369 0.00752067
46 0.0601194 0.00752067
47 0.0601194 -0.0607655
48 -0.0126036 -0.0607655
49 -0.0126036 -0.00801588
50 -0.0900003 -0.00801588
51 -0.0900003 0.0208168
52 0.0496097 0.0208168
53 0.0496097 0.0905262
54 0.0245076 0.0905262
55 0.0245076 -0.0833699
56 0.0585161 -0.0833699
57 0.0585161 -0.0424045
58 -0.0772197 -0.0424045
59 -0.0772197 0.00209
60 -0.079346 0.00209
61 -0.079346 0.045796
62 0.0619713 0.045796
63 0.0619713 0.106606
64 0.0372592 0.106606
65 0.0372592 -0.070921
66 0.0838634 -0.070921
67 0.0838634 -0.088354
68 -0.0147877 -0.088354
69 -0.0147877 -0.0304485
70 -0.151441 -0.0304485
71 -0.151441 -0.0316625
72 -0.0453994 -0.0316625
73 -0.0453994 0.124216
74 0.001025 0.124216
75 0.001025 0.153884
76 0.0336976 0.153884
77 0.0336976 -0.000135627
78 0.18535 -0.000135627
79 0.18535 -0.0316699
80 0.159132 -0.0316699
81 0.159132 -0.0761671
82 -0.00837944 -0.0761671
83 -0.00837944 -0.23439
84 -0.0447195 -0.23439
85 -0.0447195 -0.236382
86 -0.0800135 -0.236382
87 -0.0800135 -0.0758416
88 -0.266953 -0.0758416
89 -0.266953 -0.0114906
90 -0.406558 -0.0114906
91 -0.406558 -0.024792
92 -0.356994 -0.024792
93 -0.356994 0.101229
94 -0.286394 0.101229
95 -0.286394 0.374979
96 -0.376521 0.374979
97 -0.376521 0.606546
98 -0.589804 0.606546
99 -0.589804 0.67777
100 -0.782537 0.67777
101 -0.782537 0.629879
102 -0.879881 0.629879
103 -0.879881 0.556678
104 -0.900298 0.556678
105 -0.900298 0.509736
106 -0.890252 0.509736
107 -0.890252 0.491958
108 -0.878506 0.491958
109 -0.878506 0.489057
110 -0.872562 0.489057
