0 0.0569007 0.130176
1 0.102131 0.108595
2 0.253288 0.357926
3 0.203305 0.401138
4 0.402134 0.542962
5 0.325356 0.785027
6 0.310252 0.786307
7 0.425785 0.96951
8 0.300914 1.23869
9 0.0620711 1.29888
10 -0.0677102 1.22393
11 -0.0947295 1.15986
12 -0.0911723 1.13563
13 -0.0873084 1.13038
14 -0.0861021 1.12979
15 -0.0858807 1.12981
16 -0.0858556 1.12982
17 -0.0858543 1.12983
18 -0.0858543 1.12983
19 -0.0858544 1.12983
20 -0.0858544 1.12983
21 -0.0858544 1.12983
22 -0.0858544 1.12983
23 -0.0858544 1.12983
24 -0.0858544 1.12983
25 -0.0858544 1.12983
