0 0.00525968 -0.013309
1 0.00914989 -0.0117731
2 0.0109697 -0.0163959
3 0.0083746 -0.0174125
4 -0.00136167 0.00761364
5 -0.00644939 0.00565184
6 -0.0115307 0.018975
7 -0.010532 0.019351
8 -0.00296084 -0.00107121
9 0.00324035 0.0011879
10 0.0105353 -0.0192378
11 0.0117101 -0.0188275
12 0.00717014 -0.0055019
13 0.000175462 -0.00782005
14 -0.00786269 0.0171853
15 -0.0119805 0.0159054
16 -0.0106007 0.0112989
17 -0.0035992 0.0133124
18 0.00365741 -0.0130764
19 0.0114353 -0.0110404
20 0.0125622 -0.0155859
21 0.00692676 -0.0169016
22 0.00161713 0.00741074
23 -0.0101149 0.00503236
24 -0.0124883 0.0177609
25 -0.0100946 0.0181669
26 -0.007191 -0.00091489
27 0.00796478 0.00111802
28 0.010107 -0.0174271
29 0.0129859 -0.0171499
30 0.0120936 -0.00548233
31 -0.00485024 -0.006432
32 -0.00558263 0.0144943
33 -0.0153243 0.0143646
34 -0.0153573 0.0107188
35 0.000654263 0.0102057
36 -0.000433248 -0.00929579
37 0.0166085 -0.0106629
38 0.0162829 -0.0137505
39 0.00454595 -0.0122073
40 0.00690267 0.0026727
41 -0.0161536 0.00696566
42 -0.0146839 0.0138021
43 -0.0102764 0.012723
44 -0.0126671 0.00405521
45 0.0132926 -0.00394109
46 0.0109917 -0.0106773
47 0.0155447 -0.0123919
48 0.0168161 -0.00931507
49 -0.00772427 0.00176798
50 -0.00612715 0.00501417
51 -0.0189319 0.0118591
52 -0.0190092 0.0117257
53 -0.000106356 -0.000133107
54 0.00112844 0.00168744
55 0.0189809 -0.0113931
56 0.0195603 -0.0106608
57 0.00880733 -0.00147311
58 0.00332459 -0.00741264
59 -0.0148242 0.0107021
60 -0.0191625 0.00668771
61 -0.0162473 0.00327031
62 -0.00722083 0.0103517
63 0.00679824 -0.00913972
64 0.0183239 -0.00156953
65 0.0202555 -0.00480577
66 0.0110915 -0.00974559
67 0.00334395 0.00629243
68 -0.0168316 -0.00235596
69 -0.0196048 0.00502867
70 -0.0153859 0.00639342
71 -0.0129308 -0.00262453
72 0.0136896 0.00327458
73 0.0147599 -0.00297232
74 0.0196681 -0.00237741
75 0.0195244 -0.000352876
76 -0.00779547 -0.000912542
77 -0.00780584 -0.00125153
78 -0.0222675 -5.8191e-05
79 -0.0221535 0.000782928
80 -0.000895345 -0.00325746
81 0.00135514 0.00587656
82 0.0209348 -9.42853e-05
83 0.0217582 0.00215403
84 0.01054 0.00698779
85 0.0030267 -0.00805282
86 -0.0144105 0.00193975
87 -0.0203039 -0.00709197
88 -0.0178417 -0.00891213
89 -0.00572917 0.00559457
90 0.0039089 -0.00348342
91 0.0190026 0.0107155
92 0.0199259 0.00960526
93 0.00839588 0.00116413
94 0.00687601 0.00353805
95 -0.0170715 -0.00974247
96 -0.0165282 -0.0108888
97 -0.0119043 -0.00905238
98 -0.0138132 -0.00315237
99 0.0124271 0.00346656
100 0.0105761 0.0136041
101 0.0147806 0.014083
102 0.0151994 0.00490583
103 -0.00417123 0.00534967
104 -0.0061258 -0.0158153
105 -0.013978 -0.0145325
106 -0.0129396 -0.0101461
107 -0.00533123 -0.0125302
108 0.00500526 0.0136892
109 0.00798784 0.0122556
110 0.0105062 0.0166409
111 0.0113703 0.0160559
112 -0.00534552 -0.00505548
113 0.000529999 -0.0104739
114 -0.00924984 -0.0195838
115 -0.0108308 -0.0176021
116 0.00398419 -0.00755069
117 -0.00593164 0.00984015
118 0.00702017 0.0159314
119 0.00552464 0.0199005
120 -0.000658445 0.0181199
121 0.00447208 -0.00721855
122 -0.00132235 -0.00790836
123 -0.000792419 -0.0224106
124 -0.000953797 -0.0224032
125 0.00189262 -0.000533264
126 -0.00605031 0.00118805
127 -3.49114e-05 0.0207679
128 -0.00243725 0.0217369
129 -0.00762066 0.0115179
130 0.00900222 0.00118625
131 -0.000863588 -0.0119693
132 0.00859123 -0.020456
133 0.00996132 -0.0191782
134 -0.00334024 -0.00208193
135 -0.000639536 -0.000346487
136 -0.0109558 0.0194493
137 -0.0117135 0.0191387
138 -0.00764029 0.0058257
139 0.00376971 0.00818794
140 0.00630228 -0.0145946
141 0.015915 -0.0144351
142 0.0161723 -0.0111512
143 -0.00239827 -0.00789328
144 0.000781101 0.00360293
145 -0.0192742 0.0113041
146 -0.0189792 0.0118932
147 -0.00664921 0.00412315
148 -0.00389367 0.0076651
149 0.0149819 -0.0103002
150 0.0199262 -0.00605142
151 0.0175604 -0.00265936
152 0.00401728 -0.0101894
153 -0.00294571 0.00604383
154 -0.0216893 0.000198933
155 -0.0220241 0.00186168
156 -0.00776078 0.0032122
157 -0.00776898 0.0024354
158 0.019214 -0.000713847
159 0.0201307 0.00333784
160 0.0158154 0.00481349
161 0.0103958 -0.00678378
162 -0.00745311 0.0040496
163 -0.0184 -0.0102152
164 -0.0200577 -0.0086261
165 -0.00938958 0.00028961
166 -0.00728922 -0.00288095
167 0.0170877 0.00960398
168 0.0160835 0.0122645
169 0.0114994 0.0111047
170 0.0130232 -0.000199146
171 -0.0091367 -0.000631826
172 -0.0107801 -0.0177638
173 -0.0132304 -0.0172378
174 -0.00880809 -0.00424127
175 -0.00467254 -0.00621445
176 0.0099531 0.0169559
177 0.00786123 0.0186531
178 0.00446429 0.0153597
179 0.0114581 0.00615982
180 -0.00739418 -0.00487067
181 -0.000418242 -0.0210047
182 -0.00267265 -0.0216679
183 -0.00494026 -0.00791991
184 -0.00181183 -0.0077943
185 0.000478735 0.0194441
186 -0.00315603 0.0202135
187 -0.00465429 0.0158957
188 0.00720114 0.0100209
189 -0.00377453 -0.00648452
190 0.0105571 -0.0189099
191 0.00920816 -0.0201132
192 0.00110128 -0.00825267
193 0.000578073 -0.0085185
194 -0.00834634 0.0167186
195 -0.0140574 0.0155072
196 -0.0137358 0.0113646
197 0.00236761 0.0104818
198 -0.000548723 -0.00487331
199 0.0192489 -0.0114627
200 0.0188832 -0.0122091
201 0.00677802 -0.00409379
202 0.00245347 -0.00896268
203 -0.0136477 0.00983902
204 -0.0210607 0.0050757
205 -0.0196643 0.0020581
206 -0.000996305 0.00773026
207 0.000346842 -0.000816866
208 0.0225945 -0.000459208
209 0.0226685 0.000132085
210 0.00934937 0.003755
211 0.00375478 -0.00920753
212 -0.0132777 0.00123506
213 -0.0209573 -0.00800866
214 -0.0196761 -0.00942982
215 -0.00136616 0.00280354
216 -0.00194267 0.00401643
217 0.0186803 0.010344
218 0.0183259 0.0126724
219 0.00720528 0.0126319
220 0.00405384 -0.00903569
221 -0.00672827 -0.00578065
222 -0.0128519 -0.0186993
223 -0.0129543 -0.0186303
224 0.00170597 -0.00269099
225 -0.00665843 0.00774509
226 0.00810143 0.0162634
227 0.00662847 0.0200552
228 0.00096084 0.0188061
229 0.00264931 -0.00812246
230 0.00409439 -0.00825632
231 0.000657601 -0.0218261
232 -0.00165351 -0.0208369
233 0.00702369 -0.00704247
234 -0.011322 0.00902391
235 -0.00551289 0.0138485
236 -0.00807688 0.0181854
237 -0.00629083 0.0188865
238 -0.000876618 -0.00608167
239 0.0148668 -0.00525751
240 0.0138184 -0.0147818
241 0.00947481 -0.0135691
242 0.011622 -0.00895548
243 -0.0124672 0.00751078
244 -0.0164634 0.00334245
245 -0.019111 0.00689055
246 -0.0102058 0.0114697
247 -0.0057495 -0.00253142
248 0.0200655 0.00112333
249 0.0200397 0.000187556
250 0.0151567 0.00115941
251 0.0117396 -0.00775463
252 -0.00752278 0.00369673
253 -0.0193465 -0.010133
254 -0.020497 -0.008744
255 -0.00789931 -0.00154196
256 -0.00930738 0.00236078
257 0.0154608 0.00667514
258 0.0154793 0.0157573
259 0.0125092 0.0162893
260 0.00531393 -0.00323246
261 0.00250869 -0.00158986
262 -0.0118469 -0.0183925
263 -0.0105421 -0.0199871
264 -0.000663156 -0.0144991
265 -0.00785927 0.00667081
266 0.00142309 0.00805056
267 0.00190676 0.0225928
268 0.002849 0.0223873
269 -0.00488615 0.00393656
270 0.0115107 -0.00680364
271 0.00328632 -0.015396
272 0.00612413 -0.0193463
273 0.00625403 -0.0192855
274 -0.000348613 0.0063389
275 -0.0145473 0.00540409
276 -0.0133468 0.0152435
277 -0.00903287 0.0138652
278 -0.0109982 0.0102489
279 0.0114683 -0.00818352
280 0.017854 -0.00287283
281 0.019778 -0.00636913
282 0.00847376 -0.0100112
283 0.00739968 -0.00107274
284 -0.0199361 0.0009321
285 -0.0208569 -0.00243806
286 -0.0169411 -0.0043827
287 -0.00695066 0.00860038
288 0.00154692 -0.00110194
289 0.020665 0.00991949
290 0.0204563 0.0105371
291 0.00725457 0.00883614
292 0.00598364 -0.00920334
293 -0.00794405 -0.00535592
294 -0.0143334 -0.0179525
295 -0.0145016 -0.0178192
296 0.00162494 -0.00425107
297 -0.00673482 0.0111455
298 0.00579869 0.0149497
299 0.00536044 0.0197404
300 0.00509766 0.0197702
301 -0.00312847 -0.00523493
302 0.0101642 -0.0129063
303 0.00411713 -0.0196671
304 0.00130677 -0.0158452
305 0.00237252 -0.0153612
306 -0.00373173 0.0122144
307 -0.0158 0.0121096
308 -0.0151558 0.015268
309 -0.00270074 0.0098279
310 -0.00366624 0.00848436
311 0.014158 -0.011208
312 0.0210104 -0.00725818
313 0.0200381 -0.00421682
314 -0.000797298 -0.00620726
315 -0.00065092 -0.00498982
316 -0.0209682 0.00208949
317 -0.0224718 -0.000353961
318 -0.0161446 -0.00647306
319 0.00557475 0.0078917
320 0.00554842 0.00796043
321 0.0192261 0.00998028
322 0.0189993 0.00689279
323 0.00714844 0.0104808
324 -0.00678082 -0.0141107
325 -0.00556031 -0.0152195
326 -0.00938115 -0.0178927
327 -0.0130903 -0.00879049
328 -0.000116409 -0.00666112
329 0.00157065 0.0203759
330 -0.000816388 0.0210831
331 -0.00299814 0.0172233
332 0.00935931 0.00590254
333 0.00028839 -0.000320004
334 0.00843085 -0.0211496
335 0.00989216 -0.0209388
336 0.0109099 -0.00923835
337 -0.0107665 -0.00211364
338 -0.00727557 0.00359199
339 -0.0176002 0.0138329
340 -0.0157424 0.0149887
341 -0.010759 9.01772e-05
342 0.0157169 0.0024356
343 0.0154565 0.000674973
344 0.0199933 -0.00115127
345 0.0150446 -0.0080933
346 0.00495653 0.00354567
347 -0.018751 -0.00867817
348 -0.0183619 -0.0102872
349 -0.0138347 -0.0102975
350 -0.00987802 0.00569323
351 -0.00012886 0.000573416
352 0.0147223 0.0173261
353 0.0137806 0.0186938
354 0.00326774 0.0147389
355 0.00603418 -0.0090264
356 0.0019507 -0.00849758
357 -0.00327093 -0.0217947
358 -0.0055339 -0.020178
359 0.00445196 -0.0117055
360 -0.00800199 0.013687
361 -0.0104534 0.0131705
362 -0.010267 0.017666
363 0.000281705 0.0145037
364 -0.00452255 0.00652193
365 0.014751 -0.0130514
366 0.0196926 -0.0101848
367 0.0187163 -0.00669662
368 -0.00175555 -0.00709316
369 -0.00148031 -0.00594297
370 -0.0201308 0.00400196
371 -0.0223964 0.00154849
372 -0.0188113 -0.00406053
373 0.00724233 0.00432848
374 0.006819 0.0122259
375 0.0179907 0.00990141
376 0.0160047 0.00593867
377 0.013928 0.00777766
378 -0.00961925 -0.00782198
379 -0.00530266 -0.0206996
380 -0.0078675 -0.0208563
381 -0.00495962 -0.0066678
382 -0.011068 -0.00359524
383 0.00360547 0.0127779
384 -0.00324142 0.0233505
385 -0.00391051 0.0231372
386 -0.00300792 0.00148078
387 0.0143364 -0.00250695
388 0.00906186 -0.0122924
389 0.0127058 -0.0157802
390 0.00923128 -0.0178506
391 0.00360147 0.00275103
392 -0.0206942 0.00286355
393 -0.0203592 0.00404286
394 -0.0162472 0.00152365
395 -0.00533218 0.0116411
396 0.000324457 0.000590247
397 0.0222937 0.0049969
398 0.0224399 0.00686842
399 0.0127646 0.0104507
400 -0.00237307 -0.0102239
401 -0.00169 -0.0111029
402 -0.0138967 -0.0160026
403 -0.0142917 -0.0121452
404 -0.00803357 -0.0132736
405 0.00484159 0.0127409
406 -0.00374995 0.0206097
407 -0.00127744 0.022114
408 0.00246336 0.00822616
409 0.0088595 0.00809115
410 0.00229456 -0.012683
411 0.0130058 -0.0198831
412 0.013268 -0.0196656
413 0.0049884 -0.000363963
414 -0.0155504 -0.0027821
415 -0.0142051 0.00498079
416 -0.0187469 0.00723742
417 -0.0139635 0.0123573
418 -0.00567088 -0.00185178
419 0.0204932 0.00445257
420 0.0206755 0.00769507
421 0.016895 0.00907301
422 0.00494291 -0.00685808
423 0.0042198 -0.00587097
424 -0.0153184 -0.0127073
425 -0.0151672 -0.0164699
426 -0.0110181 -0.0175606
427 0.00333434 0.00558711
428 -0.00665125 0.0170406
429 0.000264672 0.0201086
430 0.00085666 0.0150828
431 0.00833699 0.0136922
432 -0.00126384 -0.00449889
433 0.0136955 -0.0195427
434 0.0142223 -0.019269
435 0.0120698 -0.00710052
436 -0.0111443 -0.00406954
437 -0.00996161 -0.00152785
438 -0.0201002 0.00776644
439 -0.016922 0.00959284
440 -0.0154664 0.00288118
441 0.0133886 0.000125258
442 0.0183962 0.0118131
443 0.0202713 0.0101846
444 0.00775773 0.00260616
445 0.0102883 -0.00807429
446 -0.00736934 -0.00665796
447 -0.0128304 -0.0198122
448 -0.0137036 -0.0190651
449 0.00103626 -0.0100679
450 -0.00514378 0.0160642
451 -0.00638814 0.0161695
452 -0.0046656 0.020224
453 0.00456637 0.0121288
454 0.00204534 0.010645
455 0.00746323 -0.0144975
456 0.0182939 -0.0156747
457 0.0188356 -0.0144923
458 0.00281791 0.000479104
459 -0.0136477 -0.00843663
460 -0.0151505 0.000182718
461 -0.020166 0.000950147
462 -0.0166033 0.00784271
463 -0.00689963 -0.00221071
464 0.0179791 0.00952841
465 0.0172841 0.0156382
466 0.0142603 0.0162989
467 0.00279596 -0.0026399
468 0.00867871 -0.00967431
469 -0.0058459 -0.015236
470 -0.00567885 -0.0201308
471 -0.00864802 -0.0192179
472 0.00374275 -0.00227457
473 -0.0108513 0.0188122
474 -0.0125299 0.0183465
475 -0.0128 0.0141923
476 0.00571136 0.00633784
477 0.00640026 0.00709467
478 0.0155817 -0.0099381
479 0.0198985 -0.00926079
480 0.0200032 -0.00869803
481 -0.00134901 0.00364954
482 -0.0185917 -0.0110316
483 -0.0191262 -0.00962582
484 -0.0144404 -0.00952935
485 -0.00882045 0.00726068
486 -0.00523739 0.00443722
487 0.012652 0.0156087
488 0.0118382 0.0193856
489 0.00896091 0.0197752
490 -0.0032031 -0.00346459
491 0.0104503 -0.0184125
492 0.00733105 -0.0196981
493 0.00713111 -0.0148107
494 -0.00820581 -0.00989833
495 -0.00366661 -0.0040694
496 -0.01513 0.0143508
497 -0.018651 0.0136247
498 -0.0192315 0.00980262
499 0.0041074 -0.00311957
500 0.0187931 0.00948772
501 0.0201376 0.00583664
502 0.0152096 0.00585901
503 0.00958105 -0.00897143
504 0.00392362 -0.00399195
505 -0.0152051 -0.0141757
506 -0.0147369 -0.0177976
507 -0.011334 -0.0186048
508 0.00347535 0.00326612
509 -0.00817111 0.0198423
510 -0.00519025 0.0205988
511 -0.00575046 0.015801
512 0.00936911 0.00789439
513 0.00561932 0.00458864
514 0.0129174 -0.01508
515 0.0169367 -0.0151313
516 0.0175947 -0.0134917
517 -0.000793297 0.00368665
518 -0.0212382 -0.00616011
519 -0.021306 -0.00528716
520 -0.0169941 -0.00659632
521 -0.00502532 0.00857862
522 -0.00520056 0.00887834
523 0.0136097 0.0118053
524 0.0146129 0.0162664
525 0.0157507 0.015492
526 -0.00246664 0.00313579
527 0.0030972 -0.0219899
528 0.00578481 -0.0224264
529 0.00771724 -0.0192078
530 -0.00539719 -0.00193857
531 -0.0134885 -0.00416113
532 -0.011797 0.0105878
533 -0.0162225 0.01299
534 -0.0117727 0.0166593
535 -0.00707423 0.00172269
536 0.0204161 -0.000505469
537 0.0237503 0.00610154
538 0.0222183 0.00786199
539 0.00100816 0.000645981
540 -9.6172e-05 -0.0174072
541 -0.00678319 -0.014169
542 -0.0104824 -0.0174735
543 -0.0140028 -0.00744272
544 -0.00887684 -0.00772443
545 0.00219391 0.0153005
546 -0.00584983 0.0243163
547 -0.00597941 0.0242714
548 -0.00717331 0.00514894
549 0.0166848 -0.00664343
550 0.0191261 -0.00452719
551 0.0203101 -0.00815136
552 0.00615882 -0.00696684
553 0.00204976 -0.0147899
554 -0.00865726 -0.00171483
555 -0.0227268 -0.0058261
556 -0.0224281 -0.0033159
557 -0.0137215 -0.0083243
558 0.00958253 0.00918402
559 0.00606145 0.0236339
560 0.00733343 0.0234193
561 -0.000194275 0.0117833
562 0.0121527 -0.0067108
563 0.0111283 -0.00689707
564 0.00829332 -0.0190165
565 0.00453893 -0.0162193
566 0.000826884 -0.0183401
567 -0.00137164 0.00216827
568 -0.0225213 0.00885829
569 -0.0239272 0.00725663
570 -0.0207687 0.000468566
571 0.00678405 0.00101208
572 0.0135105 0.0170585
573 0.0163001 0.0141018
574 0.0117433 0.0125007
575 0.0102611 -0.00566695
576 0.00987605 -0.00545582
577 -0.00495271 -0.0166853
578 -0.00387901 -0.021351
579 -0.00760438 -0.0206088
580 0.00264115 -0.00626892
581 -0.0111959 0.0175758
582 -0.0188259 0.0168079
583 -0.0194639 0.0149213
584 -0.00343243 -0.000114841
585 0.0169579 0.0082488
586 0.0168696 0.00603399
587 0.0208041 0.00403649
588 0.0102518 -0.00432628
589 0.0116422 -0.0100472
590 -0.00636362 -0.00650493
591 -0.0149668 -0.0183591
592 -0.0162435 -0.016069
593 -0.00753398 -0.0154304
594 0.0026231 0.011306
595 -0.00942165 0.023713
596 -0.00913835 0.0238109
597 -0.0104456 0.0115754
598 0.0117529 -0.00192226
599 0.0183888 0.00246061
600 0.0196266 -0.00619594
601 0.0147446 -0.00468268
602 0.00546264 -0.0147651
603 0.0025238 -0.00745578
604 -0.0184018 -0.00613478
605 -0.0205335 -0.00995206
606 -0.0214285 -0.00868318
607 -0.00160235 -0.00535617
608 0.00601688 0.0208698
609 0.000831506 0.0255352
610 -0.00110646 0.0247447
611 -0.00251943 0.00285383
612 0.0174166 -0.00848518
613 0.0170688 -0.00872316
614 0.0176628 -0.0127759
615 0.00413764 -0.0084444
616 -0.00326119 -0.016131
617 -0.00786381 -0.00341006
618 -0.0223241 -0.00179712
619 -0.0203022 0.00135547
620 -0.0193625 -0.000210659
621 0.00506307 0.0017325
622 0.0130809 0.0216567
623 0.0118852 0.0230056
624 0.00460077 0.0210565
625 -0.000937364 -0.00580191
626 0.0148327 -0.0182721
627 0.0137527 -0.018774
628 0.0138904 -0.0145462
629 -0.00505697 -0.00416753
630 -0.0142371 -0.0104503
631 -0.0156407 0.000309296
632 -0.0203822 0.00199551
633 -0.0122164 0.00970658
634 -0.0120775 0.00922986
635 0.00924477 0.00511184
636 0.0181438 0.0164375
637 0.0191209 0.0142994
638 0.0102909 0.0147277
639 -0.00390191 -0.00968901
640 0.00616948 -0.0255681
641 0.00672141 -0.0255209
642 0.0106598 -0.0160935
643 -0.00699955 0.00516575
644 -0.0229805 0.00175483
645 -0.0220357 0.00512189
646 -0.0187091 0.00197028
647 0.000946453 0.00862896
648 0.00232955 0.017193
649 0.0119964 0.00987704
650 0.0165958 0.0120102
651 0.0159831 0.000963681
652 0.0156843 0.00114526
653 -0.00259643 -0.00964218
654 -0.00200698 -0.0241868
655 -0.00442622 -0.023009
656 0.00104424 -0.0190775
657 -0.00239297 0.00771314
658 -0.0214613 0.0150856
659 -0.0225359 0.0141725
660 -0.0209048 0.00636041
661 0.00533184 -0.0015737
662 0.0204775 0.0133091
663 0.0203736 0.0136771
664 0.0167263 0.0145207
665 0.0017056 -0.00223738
666 0.00747335 -0.0187765
667 0.00292318 -0.0179958
668 0.000147934 -0.0214532
669 -0.00514842 -0.0084555
670 -0.0163741 -0.00708449
671 -0.00976523 0.00196059
672 -0.0155947 0.0146948
673 -0.0111441 0.0143282
674 -0.00830446 0.0185266
675 -0.000819198 0.00351662
676 0.0215491 0.00235394
677 0.023673 0.00568596
678 0.0240442 0.00498457
679 0.004717 0.00558027
680 -0.00976463 -0.0180712
681 -0.00506054 -0.0266459
682 -0.00456538 -0.0266553
683 0.00466887 -0.011269
684 -0.00949014 0.0141892
685 -0.0220746 0.0143926
686 -0.0214844 0.0153751
687 -0.0153356 0.00422866
688 0.0113151 0.00362325
689 0.0179924 0.0145004
690 0.0202638 0.0102556
691 0.0156057 0.0104354
692 0.00426218 -0.00727929
693 0.00931283 -0.0172413
694 0.000173743 -0.0166571
695 -0.0025377 -0.020638
696 -0.0081733 -0.00859577
697 -0.0168601 -0.00773741
698 -0.00926245 0.00255815
699 -0.0147252 0.015597
700 -0.010273 0.0149577
701 -0.00640382 0.0197127
702 -0.00142935 0.00592602
703 0.0200264 0.00166014
704 0.0230102 0.00492882
705 0.0240469 0.00140687
706 0.0103262 0.00504916
707 -0.00910392 -0.0135859
708 -0.0063744 -0.0259876
709 -0.00757703 -0.0255726
710 0.00128505 -0.0182812
711 -0.00262773 0.0100248
712 -0.0206073 0.0179425
713 -0.0217457 0.0171591
714 -0.0214007 0.0100325
715 0.00185545 -0.00288638
716 0.0233808 0.00907567
717 0.0236132 0.0136846
718 0.0217697 0.0149705
719 0.00217717 0.00664238
720 -0.00209816 -0.0200268
721 0.0042977 -0.0256471
722 0.00247299 -0.0261852
723 0.0061575 -0.0132459
724 -0.0113141 0.00635216
725 -0.0238898 0.00430073
726 -0.0222609 0.00809191
727 -0.0197726 0.00442625
728 0.00230461 0.00501484
729 0.0108309 0.0191047
730 0.0124435 0.0158054
731 0.016485 0.0153246
732 0.00708077 0.00399088
733 0.0125978 -0.013666
734 0.0120797 -0.0135206
735 0.00437253 -0.0202751
736 0.00365227 -0.0151972
737 -0.0122807 -0.00771688
738 -0.0159894 -0.00999519
739 -0.0155941 0.00265558
740 -0.0196728 0.00553365
741 -0.00755401 0.0102606
742 -0.00559686 0.0192815
743 0.00187007 0.011588
744 0.015022 0.0140168
745 0.013074 0.00949018
746 0.0195428 -0.000507892
747 0.0143844 -0.000419977
748 0.00420086 -0.0150057
749 0.00604589 -0.0197958
750 -0.00421471 -0.0174243
751 -0.00563038 -0.0187371
752 -0.00815963 -0.00206566
753 -0.0212381 0.0042156
754 -0.0173658 0.00645115
755 -0.016786 0.0139577
756 -0.00832021 0.00712675
757 0.0109522 0.0128537
758 0.0125056 0.0176152
759 0.0177973 0.0106548
760 0.0156655 0.0105621
761 0.00515825 -0.00603697
762 0.0108728 -0.0196483
763 0.00678443 -0.0187654
764 0.00270793 -0.0225382
765 0.000972698 -0.0096797
766 -0.0174257 -0.000109327
767 -0.0218221 -0.00237658
768 -0.0206608 0.00585919
769 -0.0186756 0.00398172
770 0.000752502 0.00781137
771 0.00684183 0.0212569
772 0.00896729 0.0175827
773 0.0152501 0.0169657
774 0.00754183 0.00820271
775 0.0120237 -0.0114202
776 0.0166655 -0.0133909
777 0.00861223 -0.0182406
778 0.00859564 -0.018432
779 -0.00448058 -0.00704994
780 -0.0185807 -0.0102555
781 -0.0167409 -0.00600764
782 -0.0216608 0.00241722
783 -0.014991 0.00170603
784 -0.00297502 0.0148059
785 -0.00395372 0.0198617
786 0.00657417 0.0148103
787 0.0124634 0.0179032
788 0.0106682 0.00660242
789 0.0198083 -0.0028075
790 0.0147775 -0.00345073
791 0.0072255 -0.016708
792 0.00814673 -0.0188466
793 -0.00389903 -0.0158883
794 -0.00767327 -0.0189475
795 -0.00811043 -0.00484199
796 -0.0210391 0.00439702
797 -0.0198957 0.00474766
798 -0.0165975 0.0136043
799 -0.0139395 0.00935462
800 0.00680954 0.00731943
801 0.0168885 0.0180136
802 0.017321 0.015258
803 0.0204361 0.013536
804 0.00698696 0.00778961
805 0.000588742 -0.0163057
806 0.00822022 -0.0264162
807 0.00583784 -0.0263698
808 0.0081648 -0.0235321
809 0.00336084 -0.00156102
810 -0.020322 0.01002
811 -0.0295663 0.0056164
812 -0.0293837 0.00640236
813 -0.0229157 -0.00178874
814 0.00458436 -0.00198515
815 0.0204774 0.0175063
816 0.0189898 0.0245389
817 0.0184844 0.0247964
818 0.00471432 0.0186714
819 -0.00282202 -0.00921719
820 0.0095311 -0.0264105
821 0.0123821 -0.0265882
822 0.0125835 -0.0263715
823 0.0104037 -0.0101842
824 -0.0119376 0.00368658
825 -0.0255506 -0.000889452
826 -0.0243374 0.00225677
827 -0.0256022 0.00452318
828 -0.0120672 0.0019741
829 0.00341255 0.014699
830 0.00346401 0.0198349
831 0.0121676 0.0123612
832 0.020129 0.0136487
833 0.0159491 0.00670822
834 0.0196045 -0.00414539
835 0.0148391 -0.00223942
836 -0.00309907 -0.0116587
837 -0.006372 -0.0259749
838 -0.00720366 -0.0248492
839 -0.0102692 -0.0246189
840 -0.000402369 -0.0147971
841 -0.00228179 0.0124441
842 -0.01806 0.0243604
843 -0.0211951 0.023703
844 -0.0220625 0.0221595
845 -0.0160654 0.00512494
846 0.0114032 -0.00595099
847 0.0295782 0.00314911
848 0.0302651 0.00572469
849 0.0301384 0.00591649
850 0.0151802 0.00808798
851 -0.00416042 -0.00810848
852 -0.00466158 -0.0228929
853 -0.00761029 -0.0200536
854 -0.0157549 -0.0206259
855 -0.0124667 -0.0164377
856 -0.0149905 -0.00154603
857 -0.0191388 0.00111899
858 -0.0051541 0.00482824
859 0.00412647 0.0225319
860 0.00170305 0.0292911
861 0.00542317 0.0277136
862 0.00201681 0.0261809
863 -0.0050849 0.00515673
864 0.00843909 -0.0199044
865 0.0234453 -0.0238478
866 0.0244159 -0.0232388
867 0.0252652 -0.0189334
868 0.0133918 -0.00227529
869 -0.0135771 0.00150331
870 -0.0247671 -0.0073889
871 -0.0244417 -0.0037964
872 -0.0282862 0.000613594
873 -0.0208906 0.000256908
874 -0.00945356 0.0110345
875 -0.00939007 0.0159687
876 0.000956383 0.0056682
877 0.0223317 0.00600149
878 0.0292695 0.0133278
879 0.0293409 0.0114065
880 0.0271042 0.0134494
881 0.0065914 0.0123888
882 -0.0132459 -0.00981735
883 -0.0120817 -0.0294808
884 -0.0100465 -0.0312846
885 -0.0110555 -0.0313447
886 -0.00353126 -0.0229103
887 -0.0046827 -0.00106045
888 -0.0154912 0.00878663
889 -0.0105216 0.00897827
890 0.000886396 0.0210618
891 0.00071516 0.0310729
892 0.00277944 0.0290235
893 0.00568435 0.0289893
894 -0.00378295 0.0200554
895 -0.00512873 -0.00790581
896 0.0117073 -0.0272454
897 0.0212322 -0.0281242
898 0.0202677 -0.0288861
899 0.0209647 -0.024064
900 0.0103443 -0.00897037
901 -0.00977386 -0.00483244
902 -0.0141903 -0.00754002
903 -0.0105893 0.00547308
904 -0.0188007 0.0212872
905 -0.02528 0.0236156
906 -0.0226821 0.0247137
907 -0.0239424 0.0219511
908 -0.0178056 0.00298
909 0.00802428 -0.0117789
910 0.0290043 -0.00713894
911 0.0311508 -0.00412223
912 0.0317686 -0.00950825
913 0.0307256 -0.00858228
914 0.0180515 -0.00861304
915 0.00943093 -0.0163087
916 0.010018 -0.0113485
917 -0.00284934 0.00728898
918 -0.0275446 0.013506
919 -0.0393021 0.00751693
920 -0.0397086 0.00651099
921 -0.0387934 0.00383253
922 -0.0253315 -0.00406216
923 -0.00230077 9.36257e-05
924 0.00698302 0.0114435
925 0.00707863 0.00636075
926 0.0196421 -0.00793654
927 0.0362312 -0.0104441
928 0.0403641 -0.00792439
929 0.0400855 -0.00874282
930 0.0373217 -0.0015043
931 0.0178807 0.00951332
932 -0.00872097 0.00487847
933 -0.0184497 -0.00638056
934 -0.0183131 -0.0017285
935 -0.0277598 0.0106604
936 -0.0387188 0.0133537
937 -0.039316 0.0130762
938 -0.0385725 0.0145674
939 -0.0366305 0.00537804
940 -0.0181297 -0.0100242
941 0.00942341 -0.0108113
942 0.02133 -0.00204687
943 0.0200824 -0.00645532
944 0.0258598 -0.0208339
945 0.0360773 -0.0268698
946 0.0378095 -0.0266629
947 0.0368767 -0.0275649
948 0.0381401 -0.0194901
949 0.0277918 -4.15525e-05
950 0.00391224 0.0112129
951 -0.0107445 0.00827054
952 -0.0073873 0.0119695
953 -0.0054029 0.0309367
954 -0.0148007 0.0471397
955 -0.0224406 0.0505364
956 -0.0228149 0.0504584
957 -0.0250539 0.0480284
958 -0.0268067 0.0342747
959 -0.0173045 0.0163671
960 -0.00547779 0.0103373
961 -0.010527 0.00964241
962 -0.0273787 -0.00579939
963 -0.0337015 -0.0331354
964 -0.0269699 -0.050435
965 -0.0242957 -0.052283
966 -0.0302834 -0.0522045
967 -0.0338449 -0.0545125
968 -0.0326682 -0.0518142
969 -0.0335523 -0.0466557
970 -0.0315414 -0.0488269
971 -0.0148473 -0.0530915
972 0.0103589 -0.0447455
973 0.0244429 -0.0275074
974 0.0250808 -0.0223451
975 0.0312524 -0.0356199
976 0.0525731 -0.0496354
977 0.0748935 -0.0503411
978 0.0833188 -0.0455826
979 0.0821054 -0.0477254
980 0.0822474 -0.0542563
981 0.0836489 -0.0565204
982 0.0815107 -0.0553838
983 0.0799971 -0.0554362
984 0.0858825 -0.051803
985 0.0942138 -0.036705
986 0.0941262 -0.015869
987 0.0879934 -0.00483955
988 0.0920296 -0.00740038
989 0.114221 -0.00902063
990 0.141537 0.00298228
991 0.15589 0.0208901
992 0.156909 0.0259085
993 0.160696 0.0121622
994 0.177731 -0.00680624
995 0.199899 -0.0157231
996 0.21162 -0.014929
997 0.208376 -0.0167479
998 0.199765 -0.0287327
999 0.196479 -0.0455233
1000 0.199094 -0.0567144
1001 0.200451 -0.0585162
1002 0.195622 -0.0557749
1003 0.186871 -0.0547714
1004 0.17982 -0.0568088
1005 0.177304 -0.0588038
1006 0.177751 -0.0580174
1007 0.178198 -0.0548533
1008 0.177442 -0.0516475
1009 0.176334 -0.0500244
1010 0.176054 -0.0498288
1011 0.176777 -0.0500129
1012 0.177819 -0.0499008
1013 0.178512 -0.0495568
1014 0.178717 -0.0493393
1015 0.178688 -0.0494079
1016 0.178674 -0.0496414
1017 0.178736 -0.0498464
1018 0.178803 -0.0499375
1019 0.178818 -0.0499473
1020 0.178785 -0.0499392
1021 0.178742 -0.0499441
1022 0.178716 -0.0499569
1023 0.178709 -0.0499642
1024 0.17871 -0.0499621
1025 0.17871 -0.0499556
1026 0.178709 -0.0499504
1027 0.178707 -0.0499483
1028 0.178707 -0.0499481
1029 0.178707 -0.0499483
1030 0.178708 -0.0499482
1031 0.178709 -0.049948
1032 0.178709 -0.0499479
1033 0.178709 -0.0499479
1034 0.178709 -0.049948
1035 0.178709 -0.049948
1036 0.178709 -0.0499481
1037 0.178709 -0.0499481
1038 0.178709 -0.0499481
1039 0.178709 -0.0499481
1040 0.178709 -0.0499481
1041 0.178709 -0.0499481
1042 0.178709 -0.0499481
1043 0.178709 -0.0499481
1044 0.178709 -0.0499481
1045 0.178709 -0.0499481
1046 0.178709 -0.0499481
1047 0.178709 -0.0499481
1048 0.178709 -0.0499481
1049 0.178709 -0.0499481
1050 0.178709 -0.0499481
1051 0.178709 -0.0499481
1052 0.178709 -0.0499481
1053 0.178709 -0.0499481
1054 0.178709 -0.0499481
1055 0.178709 -0.0499481
1056 0.178709 -0.0499481
1057 0.178709 -0.0499481
1058 0.178709 -0.0499481
1059 0.178709 -0.0499481
1060 0.178709 -0.0499481
1061 0.178709 -0.0499481
1062 0.178709 -0.0499481
1063 0.178709 -0.0499481
1064 0.178709 -0.0499481
1065 0.178709 -0.0499481
1066 0.178709 -0.0499481
1067 0.178709 -0.0499481
1068 0.178709 -0.0499481
1069 0.178709 -0.0499481
1070 0.178709 -0.0499481
1071 0.178709 -0.0499481
1072 0.178709 -0.0499481
1073 0.178709 -0.0499481
1074 0.178709 -0.0499481
1075 0.178709 -0.0499481
1076 0.178709 -0.0499481
1077 0.178709 -0.0499481
1078 0.178709 -0.0499481
1079 0.178709 -0.0499481
1080 0.178709 -0.0499481
1081 0.178709 -0.0499481
1082 0.178709 -0.0499481
1083 0.178709 -0.0499481
1084 0.178709 -0.0499481
1085 0.178709 -0.0499481
1086 0.178709 -0.0499481
1087 0.178709 -0.0499481
1088 0.178709 -0.0499481
1089 0.178709 -0.0499481
1090 0.178709 -0.0499481
1091 0.178709 -0.0499481
1092 0.178709 -0.0499481
1093 0.178709 -0.0499481
1094 0.178709 -0.0499481
1095 0.178709 -0.0499481
1096 0.178709 -0.0499481
1097 0.178709 -0.0499481
1098 0.178709 -0.0499481
1099 0.178709 -0.0499481
1100 0.178709 -0.0499481
