0 -0.00563 0.0100722
1 -0.0788321 -0.0305256
2 -0.0879004 -0.0137818
3 -0.126965 -0.0341041
4 -0.129271 -0.0294069
5 -0.115733 -0.0232579
6 -0.108386 -0.0411486
7 -0.0500623 -0.0201042
8 -0.0363514 -0.0650288
9 0.0344569 -0.0477415
10 0.0448316 -0.106082
11 0.0907023 -0.10121
12 0.0918039 -0.139313
13 0.0990628 -0.139711
14 0.101248 -0.124758
15 0.0927729 -0.122663
16 0.116725 -0.056267
17 0.126868 -0.0612536
18 0.174638 0.0125464
19 0.206025 -0.0138281
20 0.246271 0.0229766
21 0.266677 -0.0066794
22 0.27304 -0.00354493
23 0.268344 0.0113251
24 0.268594 0.0113622
25 0.269871 0.0797997
26 0.311503 0.0717336
27 0.335328 0.132956
28 0.399454 0.0929402
29 0.410196 0.10443
30 0.436882 0.0669
31 0.431355 0.0644976
32 0.428991 0.0764802
33 0.468744 0.0753807
34 0.472194 0.088491
35 0.547697 0.0478014
36 0.516633 0.0136831
37 0.546413 -0.0317116
38 0.481996 -0.0531693
39 0.48173 -0.0483369
40 0.468046 -0.0452922
41 0.461873 -0.0565786
42 0.468831 -0.063595
43 0.407615 -0.0958093
44 0.397895 -0.0423703
45 0.359119 -0.0372095
46 0.397164 0.0410691
47 0.422244 0.0162401
48 0.444224 0.0269803
49 0.445999 0.0109913
50 0.453061 0.00925253
51 0.467304 0.0299993
52 0.507482 -0.028636
53 0.465174 -0.0382746
54 0.458213 -0.0810964
55 0.384294 -0.0352876
56 0.420836 -0.00954165
57 0.418141 0.00355684
58 0.43311 0.000260276
59 0.440989 0.0107265
60 0.441249 0.0102365
61 0.497479 0.0125646
62 0.463304 -0.065121
63 0.438647 -0.0353197
64 0.401066 -0.0435899
65 0.419384 0.0232238
66 0.44704 -0.00314168
67 0.445241 -0.00370874
68 0.447436 0.00667005
69 0.482127 -0.0245285
70 0.4327 -0.0400314
71 0.433133 -0.038269
72 0.3884 0.00749481
73 0.474285 0.0255594
74 0.454235 -0.0260492
75 0.450174 -0.0202499
76 0.441483 -0.0203376
77 0.432689 -0.0331169
78 0.41803 0.00792087
79 0.452476 -0.00252235
80 0.461574 0.00405796
81 0.459159 -0.060813
82 0.393637 -0.00402451
83 0.45868 0.00686516
84 0.445563 -0.0150546
85 0.445517 -0.0149136
86 0.453145 -0.0183538
87 0.415148 -0.0342394
88 0.441362 0.0330149
89 0.472871 -0.0386337
90 0.422275 -0.0179273
91 0.436752 -0.0124648
92 0.444837 0.00304773
93 0.45122 -0.0244185
94 0.440203 -0.0159455
95 0.424166 -0.0160748
96 0.461746 0.0123247
97 0.441171 -0.0517615
98 0.421747 0.0171429
99 0.467512 -0.0246094
100 0.423942 -0.0151785
101 0.449142 -0.00785388
102 0.440607 -0.0157933
103 0.441574 -0.0133886
104 0.441523 -0.0118305
105 0.442579 -0.0141335
106 0.441083 -0.012721
107 0.442253 -0.0131878
108 0.441621 -0.0131842
109 0.441869 -0.0130887
110 0.441801 -0.013151
111 0.441811 -0.013129
112 0.441811 -0.0131323
113 0.441812 -0.0131335
114 0.441811 -0.0131325
115 0.441811 -0.0131328
116 0.441811 -0.0131328
117 0.441811 -0.0131328
118 0.441811 -0.0131328
119 0.441811 -0.0131328
120 0.441811 -0.0131328
