0 0.0569007 0.130176
1 0.0647549 0.126428
2 -0.0772858 -0.107867
3 -0.0522942 -0.129472
4 0.100018 -0.0208287
5 0.0412026 0.164604
6 0.0487547 0.163964
7 -0.0598111 -0.00819028
8 -0.0814947 0.0385526
9 -0.320338 0.0987408
10 -0.342874 0.0857262
11 -0.317484 0.145936
12 -0.319263 0.158049
13 -0.316303 0.154028
14 -0.315379 0.153578
15 -0.315489 0.153572
16 -0.315513 0.153556
17 -0.315513 0.153557
18 -0.315513 0.153557
19 -0.315513 0.153557
20 -0.315513 0.153557
21 -0.315513 0.153557
22 -0.315513 0.153557
23 -0.315513 0.153557
24 -0.315513 0.153557
25 -0.315513 0.153557
