0 -0.0199859 -8.67362e-19
1 -0.0199859 0.128288
2 -0.0364632 0.128288
3 -0.0364632 0.0985234
4 0.000455942 0.0985234
5 0.000455942 -0.0470168
6 0.0624028 -0.0470168
7 0.0624028 -0.124988
8 0.0624028 -0.124988
9 0.0624028 -0.0547236
10 -0.0387291 -0.0547236
11 -0.0387291 0.0478476
12 -0.132401 0.0478476
13 -0.132401 0.0620477
14 -0.074464 0.0620477
15 -0.074464 0.0367742
16 0.0860517 0.0367742
17 0.0860517 0.0542091
18 0.14475 0.0542091
19 0.14475 0.0393456
20 0.0567613 0.0393456
21 0.0567613 -0.0841959
22 -0.00932466 -0.0841959
23 -0.00932466 -0.171662
24 -0.00932466 -0.171662
25 -0.00932466 -0.0844331
26 -0.0826748 -0.0844331
27 -0.0826748 0.0290672
28 -0.183002 0.0290672
29 -0.183002 0.0361428
30 -0.120655 0.0361428
31 -0.120655 0.0872646
32 0.00414502 0.0872646
33 0.00414502 0.204798
34 0.0162017 0.204798
35 0.0162017 0.173041
36 0.0744957 0.173041
37 0.0744957 0.0716055
38 0.221368 0.0716055
39 0.221368 0.0812706
40 0.221368 0.0812706
41 0.221368 0.00698
42 0.188336 0.00698
43 0.188336 -0.153626
44 0.262634 -0.153626
45 0.262634 -0.167534
46 0.197872 -0.167534
47 0.197872 -0.237715
48 0.107981 -0.237715
49 0.107981 -0.379648
50 0.137599 -0.379648
51 0.137599 -0.361445
52 0.0155758 -0.361445
53 0.0155758 -0.445955
54 -0.0594728 -0.445955
55 -0.0594728 -0.542566
56 -0.0594728 -0.542566
57 -0.0594728 -0.514434
58 -0.21448 -0.514434
59 -0.21448 -0.655655
60 -0.212977 -0.655655
61 -0.212977 -0.683248
62 -0.279823 -0.683248
63 -0.279823 -0.745745
64 -0.359793 -0.745745
65 -0.359793 -0.893353
66 -0.302079 -0.893353
67 -0.302079 -0.897557
68 -0.388303 -0.897557
69 -0.388303 -1.08134
70 -0.262052 -1.08134
71 -0.262052 -1.07916
72 -0.262052 -1.07916
73 -0.262052 -1.18621
74 -0.123255 -1.18621
75 -0.123255 -1.15711
76 -0.048492 -1.15711
77 -0.048492 -1.11997
78 0.023243 -1.11997
79 0.023243 -1.03512
80 0.0494609 -1.03512
81 0.0494609 -0.915389
82 -0.0297757 -0.915389
83 -0.0297757 -0.877234
84 -0.112931 -0.877234
85 -0.112931 -0.879187
86 -0.21845 -0.879187
87 -0.21845 -0.989434
88 -0.21845 -0.989434
89 -0.21845 -1.10513
90 -0.0894723 -1.10513
91 -0.0894723 -1.06291
92 -0.0461522 -1.06291
93 -0.0461522 -1.03252
94 0.0412788 -1.03252
95 0.0412788 -0.804906
96 -0.250379 -0.804906
97 -0.250379 -1.0429
98 -0.149491 -1.0429
99 -0.149491 -1.08787
100 -0.0132078 -1.08787
101 -0.0132078 -0.935865
102 -0.124373 -0.935865
103 -0.124373 -0.986134
104 -0.124373 -0.986134
105 -0.124373 -1.01221
106 -0.0943392 -1.01221
107 -0.0943392 -0.99066
108 -0.104606 -0.99066
109 -0.104606 -0.992491
110 -0.106881 -0.992491
111 -0.106881 -0.995559
112 -0.104634 -0.995559
113 -0.104634 -0.994442
114 -0.104936 -0.994442
115 -0.104936 -0.994353
116 -0.105119 -0.994353
117 -0.105119 -0.994495
118 -0.105045 -0.994495
119 -0.105045 -0.994471
120 -0.105045 -0.994471
