0 -0.00563 0.0100722
1 0.03332 0.0316738
2 0.039239 0.0207451
3 -0.0388894 -0.0198994
4 -0.0322497 -0.0334244
5 0.00673113 -0.0157191
6 -0.00796266 0.0200624
7 0.0301053 0.0337981
8 0.0374007 0.00989427
9 -0.0334076 -0.00739297
10 -0.0278874 -0.0384353
11 0.00205266 -0.0352555
12 -0.000150462 0.0409497
13 0.0207507 0.0398044
14 0.0144578 -0.00325091
15 -0.002493 0.000938302
16 -0.0181266 -0.0423986
17 -0.0235234 -0.0397453
18 0.0242464 0.0340547
19 0.00754536 0.0480882
20 -0.0187229 0.0240657
21 0.0220906 -0.0352463
22 0.00377081 -0.0442716
23 -0.00975091 -0.00145518
24 -0.0102522 -0.00152945
25 -0.00941919 0.04314
26 0.012733 0.0388481
27 -0.0110916 -0.0223745
28 0.0230294 -0.0436665
29 0.0300405 -0.0361668
30 -0.0233327 0.0388942
31 -0.039247 0.0319766
32 -0.0324398 -0.00252597
33 0.0470654 -0.0047248
34 0.0448135 -0.0132819
35 0.00463924 0.00836858
36 -0.0264245 -0.0257497
37 -0.0422698 -0.00159566
38 -0.000224816 0.0124098
39 -0.000757468 0.0220746
40 0.0386444 0.0133079
41 0.0208712 -0.01919
42 0.00695566 -0.00515724
43 -0.033 -0.0261836
44 -0.0381722 0.00225065
45 0.000602928 -0.00291018
46 0.0208459 0.038741
47 0.0372161 0.022535
48 -0.00674316 0.00105445
49 -0.00163096 -0.0449841
50 -0.0219632 -0.0399775
51 0.00652311 0.001516
52 -0.0197016 0.0397875
53 0.0028102 0.0449161
54 -0.00415107 0.00209432
55 0.0351802 -0.02228
56 0.0113295 -0.0390845
57 0.00594012 -0.0128875
58 -0.0371618 -0.00339544
59 -0.0144749 0.0267407
60 -0.014995 0.0277206
61 0.0217062 0.0292402
62 0.00352212 -0.0120955
63 0.0281793 -0.0418968
64 0.00818323 -0.0462973
65 0.020139 -0.00268773
66 -0.0351731 0.0500433
67 -0.040351 0.0484105
68 -0.0466701 0.018526
69 0.0227129 -0.0438711
70 0.0549745 -0.0337523
71 0.0547439 -0.0346901
72 0.0100112 0.0110738
73 -0.035687 0.00146179
74 -0.0226006 0.0351469
75 -0.0307242 0.0467456
76 -0.00570129 0.0469981
77 -0.0310221 0.0102016
78 -0.00170269 -0.0718739
79 0.0207807 -0.0786902
80 0.0256216 -0.0751889
81 0.0280369 -0.0103179
82 -0.00682686 0.0198986
83 0.035627 0.0270064
84 0.0618613 0.070846
85 0.0617306 0.071252
86 0.039766 0.0811574
87 -0.0362284 0.0493862
88 -0.0533382 0.00548903
89 -0.0701036 0.0436124
90 -0.120699 0.0643188
91 -0.128403 0.0614123
92 -0.13368 0.0512872
93 -0.120915 -0.00364524
94 -0.0891939 -0.0280422
95 -0.135371 -0.0284144
96 -0.210532 -0.0852135
97 -0.223961 -0.127043
98 -0.234296 -0.0903795
99 -0.280061 -0.0486272
100 -0.303244 -0.0436091
101 -0.286796 -0.0388283
102 -0.269724 -0.0229494
103 -0.266937 -0.0160251
104 -0.26679 -0.0205114
105 -0.264679 -0.0251176
106 -0.263702 -0.0260395
107 -0.264325 -0.0257912
108 -0.264957 -0.0257876
109 -0.265088 -0.0258385
110 -0.265044 -0.0257978
