0 -0.00563 0.0100722
1 -0.0835301 -0.033131
2 -0.0953679 -0.0112736
3 -0.173496 -0.0519182
4 -0.186776 -0.0248682
5 -0.264737 -0.060279
6 -0.279431 -0.0244976
7 -0.355567 -0.0519691
8 -0.370158 -0.00416137
9 -0.440966 -0.0214486
10 -0.452007 0.0406359
11 -0.511887 0.0342763
12 -0.51409 0.110481
13 -0.555892 0.112772
14 -0.543306 0.198883
15 -0.560257 0.203072
16 -0.52899 0.289746
17 -0.518196 0.284439
18 -0.470426 0.358239
19 -0.437024 0.330172
20 -0.384488 0.378217
21 -0.343674 0.318905
22 -0.307034 0.336956
23 -0.279991 0.251323
24 -0.280492 0.251248
25 -0.282158 0.16191
26 -0.326462 0.170493
27 -0.350287 0.109271
28 -0.418529 0.151855
29 -0.432551 0.136855
30 -0.485924 0.211916
31 -0.454096 0.225752
32 -0.46771 0.294757
33 -0.388205 0.292558
34 -0.383701 0.309672
35 -0.303352 0.266371
36 -0.334416 0.232253
37 -0.302726 0.183945
38 -0.386815 0.155934
39 -0.387348 0.165599
40 -0.466152 0.183132
41 -0.430605 0.248128
42 -0.444521 0.262161
43 -0.364609 0.304213
44 -0.354265 0.247345
45 -0.31549 0.242184
46 -0.355976 0.158882
47 -0.388716 0.191294
48 -0.432676 0.169813
49 -0.4429 0.26189
50 -0.402235 0.251877
51 -0.373749 0.293371
52 -0.3213 0.216828
53 -0.366323 0.20657
54 -0.373285 0.163749
55 -0.451947 0.212497
56 -0.404246 0.246106
57 -0.409635 0.272303
58 -0.323432 0.253319
59 -0.368805 0.193047
60 -0.369325 0.194027
61 -0.442728 0.190987
62 -0.40636 0.273659
63 -0.381702 0.243857
64 -0.34171 0.252658
65 -0.365622 0.165439
66 -0.420934 0.21817
67 -0.410578 0.221436
68 -0.39794 0.281205
69 -0.328557 0.218808
70 -0.39308 0.19857
71 -0.392619 0.200446
72 -0.437352 0.24621
73 -0.345955 0.265434
74 -0.372128 0.198063
75 -0.380252 0.209662
76 -0.430298 0.209157
77 -0.379656 0.28275
78 -0.350337 0.200675
79 -0.395304 0.214307
80 -0.404985 0.207305
81 -0.40257 0.272176
82 -0.332843 0.211742
83 -0.41775 0.197527
84 -0.391516 0.241367
85 -0.391255 0.240555
86 -0.347326 0.220744
87 -0.42332 0.188973
88 -0.3891 0.276767
89 -0.35557 0.20052
90 -0.406165 0.221226
91 -0.390759 0.227039
92 -0.380204 0.24729
93 -0.36744 0.192357
94 -0.430883 0.241151
95 -0.338529 0.241895
96 -0.413689 0.185096
97 -0.386831 0.268755
98 -0.36616 0.195429
99 -0.411925 0.237181
100 -0.365558 0.227145
101 -0.398456 0.217583
102 -0.381384 0.233462
103 -0.386958 0.219613
104 -0.387252 0.228586
105 -0.385141 0.22398
106 -0.387094 0.225824
107 -0.385849 0.225327
108 -0.386481 0.225331
109 -0.386217 0.225432
110 -0.386306 0.225351
