0 -0.0199859 -8.67362e-19
1 -0.0199859 -0.119268
2 -0.028386 -0.119268
3 -0.028386 -0.0473481
4 0.0198513 -0.0473481
5 0.0198513 0.0946537
6 0.0571027 0.0946537
7 0.0571027 0.0808975
8 -0.00420283 0.0808975
9 -0.00420283 -0.0449671
10 -0.0952191 -0.0449671
11 -0.0952191 -0.0753252
12 -0.0445242 -0.0753252
13 -0.0445242 -0.0111325
14 0.103964 -0.0111325
15 0.103964 0.00815066
16 0.103964 0.00815066
17 0.103964 0.0214531
18 -0.0464755 0.0214531
19 -0.0464755 0.0886448
20 -0.0940947 0.0886448
21 -0.0940947 0.05208
22 -0.0346189 0.05208
23 -0.0346189 -0.104597
24 -0.0352477 -0.104597
25 -0.0352477 -0.119987
26 0.008861 -0.119987
27 0.008861 -0.00924602
28 0.139945 -0.00924602
29 0.139945 0.00785085
30 0.108161 0.00785085
31 0.108161 0.0553783
32 -0.0166394 0.0553783
33 -0.0166394 0.164648
34 -0.0227858 0.164648
35 -0.0227858 0.0879141
36 -0.0989506 0.0879141
37 -0.0989506 -0.0110552
38 -0.187271 -0.0110552
39 -0.187271 -0.0127604
40 -0.0844555 -0.0127604
41 -0.0844555 -0.145836
42 -0.0547276 -0.145836
43 -0.0547276 -0.193371
44 -0.0145176 -0.193371
45 -0.0145176 -0.130501
46 0.151463 -0.130501
47 0.151463 -0.184048
48 0.151463 -0.184048
49 0.151463 -0.0757559
50 0.227373 -0.0757559
51 0.227373 0.00653142
52 0.293411 0.00653142
53 0.293411 0.0315439
54 0.225869 0.0315439
55 0.225869 0.204603
56 0.303689 0.204603
57 0.303689 0.209566
58 0.210476 0.209566
59 0.210476 0.347353
60 0.212441 0.347353
61 0.212441 0.414025
62 0.178363 0.414025
63 0.178363 0.472129
64 0.0983926 0.472129
65 0.0983926 0.609358
66 0.127815 0.609358
67 0.127815 0.619516
68 0.0151577 0.619516
69 0.0151577 0.798834
70 0.0910783 0.798834
71 0.0910783 0.799219
72 -0.00160562 0.799219
73 -0.00160562 0.990967
74 0.123308 0.990967
75 0.123308 0.982355
76 0.0828469 0.982355
77 0.0828469 1.15025
78 0.266697 1.15025
79 0.266697 1.08552
80 0.266697 1.08552
81 0.266697 1.17687
82 0.469774 1.17687
83 0.469774 1.00438
84 0.424771 1.00438
85 0.424771 1.00381
86 0.519736 1.00381
87 0.519736 0.806323
88 0.356345 0.806323
89 0.356345 0.826735
90 0.278785 0.826735
91 0.278785 0.867926
92 0.222184 0.867926
93 0.222184 0.941355
94 0.177612 0.941355
95 0.177612 1.15297
96 0.46927 1.15297
97 0.46927 0.931707
98 0.417838 0.931707
99 0.417838 0.823056
100 0.239775 0.823056
101 0.239775 0.971361
102 0.306624 0.971361
103 0.306624 0.98023
104 0.353342 0.98023
105 0.353342 0.933515
106 0.326312 0.933515
107 0.326312 0.939894
108 0.320756 0.939894
109 0.320756 0.948172
110 0.326585 0.948172
111 0.326585 0.945832
112 0.326585 0.945832
113 0.326585 0.94498
114 0.325812 0.94498
115 0.325812 0.945381
116 0.325911 0.945381
117 0.325911 0.945423
118 0.325977 0.945423
119 0.325977 0.94538
120 0.32596 0.94538
