0 0.00525968 -0.013309
1 0.00048762 -0.0151931
2 0.00851565 -0.0355865
3 0.00592055 -0.0366031
4 0.00771974 -0.0412278
5 0.00865991 -0.0408652
6 0.00357861 -0.027542
7 0.00798415 -0.0258836
8 -0.00130331 -0.000832127
9 0.00489788 0.00142698
10 -0.00405068 0.0264828
11 0.00113184 0.0282929
12 -0.00340807 0.0416185
13 -0.00211551 0.0420469
14 -0.000630119 0.0374261
15 -0.00474792 0.0361462
16 0.0013389 0.0158248
17 -0.00724975 0.0133549
18 6.85595e-06 -0.0130339
19 -0.00953411 -0.0155314
20 -0.00456272 -0.0355839
21 -0.0101982 -0.0368995
22 -0.00921697 -0.0413922
23 -0.00704898 -0.0409527
24 -0.00942239 -0.0282242
25 0.00113737 -0.0264331
26 -0.00242444 -0.0030258
27 0.0127313 -0.000992894
28 0.0101036 0.0217561
29 0.022804 0.0229791
30 0.0219117 0.0346466
31 0.0250428 0.0348221
32 0.0251781 0.0309551
33 0.0154364 0.0308254
34 0.0152912 0.014742
35 -0.00434984 0.0153714
36 -0.00543735 -0.00413017
37 -0.0263421 -0.00245318
38 -0.0277784 -0.0160743
39 -0.0395154 -0.0145311
40 -0.0399509 -0.0172808
41 -0.0356903 -0.0180741
42 -0.0342205 -0.0112377
43 -0.0147769 -0.0159981
44 -0.0118443 -0.00536551
45 0.0141154 -0.0133618
46 0.016938 -0.0050986
47 0.0370232 -0.0126626
48 0.0382947 -0.00958577
49 0.0428296 -0.0116338
50 0.0425344 -0.0122337
51 0.0297297 -0.00538882
52 0.0293886 -0.00597732
53 0.00620086 0.00856961
54 0.00743566 0.0103902
55 -0.0144636 0.0264359
56 -0.0119075 0.0296664
57 -0.0226604 0.0388541
58 -0.0216473 0.0399517
59 -0.0182935 0.0366043
60 -0.0226318 0.0325899
61 -0.00977134 0.0175141
62 -0.0208439 0.00882746
63 -0.00682484 -0.010664
64 -0.0209631 -0.0199502
65 -0.012442 -0.0342268
66 -0.021606 -0.0391666
67 -0.0201743 -0.0421303
68 -0.016446 -0.0405322
69 -0.0192193 -0.0331475
70 -0.000607585 -0.027127
71 -0.0036192 -0.0160648
72 0.0230012 -0.0101657
73 0.0216883 -0.00250273
74 0.0433409 0.000121714
75 0.0431972 0.00214625
76 0.0482457 0.00224967
77 0.0482476 0.00231231
78 0.0337859 0.00350565
79 0.0342889 0.00721623
80 0.0082119 0.0121725
81 0.0104624 0.0213065
82 -0.0135556 0.0286308
83 -0.00992287 0.0385492
84 -0.0211411 0.043383
85 -0.0197527 0.0461624
86 -0.0165304 0.0443158
87 -0.0224238 0.0352841
88 -0.0115621 0.0272545
89 -0.0264203 0.00945944
90 -0.0167822 0.00038146
91 -0.0352974 -0.0170361
92 -0.0312241 -0.021934
93 -0.0427542 -0.0303752
94 -0.0424733 -0.0308139
95 -0.038048 -0.0283597
96 -0.0375048 -0.0295061
97 -0.0171065 -0.0214046
98 -0.0147649 -0.0286421
99 0.0114753 -0.0220231
100 0.0137459 -0.0344586
101 0.032294 -0.0323456
102 0.0327127 -0.0415228
103 0.0362923 -0.0416048
104 0.0366535 -0.0376937
105 0.0288012 -0.0364109
106 0.0333823 -0.0170604
107 0.0240492 -0.0141359
108 0.0343857 0.0120835
109 0.0307271 0.0138421
110 0.0418366 0.033188
111 0.0427007 0.032603
112 0.0457897 0.0365042
113 0.0447039 0.0375055
114 0.0349241 0.0283956
115 0.0279498 0.0371379
116 0.00977655 0.0248081
117 -0.000139287 0.0421989
118 -0.016027 0.0347269
119 -0.0226245 0.0522368
120 -0.0288076 0.0504561
121 -0.0297557 0.0551385
122 -0.0286849 0.055266
123 -0.028155 0.0407637
124 -0.0288669 0.0407965
125 -0.0323585 0.0139691
126 -0.0403015 0.0156904
127 -0.0476804 -0.00832778
128 -0.0582783 -0.00405294
129 -0.0634617 -0.014272
130 -0.0665335 -0.0123628
131 -0.0647104 -0.00993172
132 -0.0552556 -0.0184185
133 -0.0492114 -0.0127811
134 -0.0328947 -0.0337528
135 -0.030194 -0.0320173
136 -0.0175392 -0.0563005
137 -0.0208818 -0.0576705
138 -0.0168086 -0.0709836
139 -0.0189171 -0.0714201
140 -0.0193851 -0.0672101
141 -0.00977239 -0.0670506
142 -0.00863723 -0.0525639
143 0.014143 -0.0565604
144 0.0173223 -0.0450642
145 0.0419238 -0.0545111
146 0.0432248 -0.0519123
147 0.0555548 -0.0596824
148 0.0550456 -0.0603369
149 0.0515575 -0.057017
150 0.0565018 -0.0527682
151 0.0460653 -0.0378042
152 0.0626784 -0.0285673
153 0.0557154 -0.012334
154 0.0787078 -0.00516421
155 0.077231 0.00217097
156 0.0914943 0.00352149
157 0.0914958 0.00366504
158 0.0865095 0.004247
159 0.0874262 0.00829869
160 0.0683894 0.0148085
161 0.0750376 0.0290346
162 0.0571887 0.039868
163 0.070617 0.0573664
164 0.0633037 0.0643768
165 0.0739718 0.0732925
166 0.0735837 0.0738784
167 0.069079 0.0715713
168 0.0680749 0.0742318
169 0.0478522 0.0691157
170 0.045983 0.082982
171 0.0238231 0.0825493
172 0.0258389 0.103565
173 0.0150292 0.105885
174 0.0194515 0.118882
175 0.0186873 0.119247
176 0.0159846 0.114965
177 0.0138927 0.116662
178 -0.00109281 0.102133
179 -0.00967196 0.113418
180 -0.0285242 0.102388
181 -0.0370815 0.122179
182 -0.0470268 0.119253
183 -0.0492944 0.133001
184 -0.0498725 0.132978
185 -0.0502958 0.127945
186 -0.0539305 0.128714
187 -0.0605401 0.109666
188 -0.0750829 0.116873
189 -0.0860586 0.100367
190 -0.103639 0.115609
191 -0.10959 0.110301
192 -0.117697 0.122161
193 -0.1176 0.12221
194 -0.115951 0.117547
195 -0.121662 0.116335
196 -0.120243 0.0980604
197 -0.139997 0.0991433
198 -0.142913 0.0837882
199 -0.167198 0.0918712
200 -0.168812 0.0885782
201 -0.180917 0.0966936
202 -0.180118 0.0975933
203 -0.177143 0.0941189
204 -0.184556 0.0893556
205 -0.178395 0.0760435
206 -0.201295 0.0690856
207 -0.199952 0.0605384
208 -0.227243 0.0600997
209 -0.226917 0.0627082
210 -0.240236 0.0663311
211 -0.239202 0.0687265
212 -0.236054 0.0667968
213 -0.243734 0.0575531
214 -0.238082 0.0512836
215 -0.260543 0.0362772
216 -0.261119 0.0374901
217 -0.286417 0.0297281
218 -0.28798 0.0399996
219 -0.299101 0.0399592
220 -0.298518 0.0439632
221 -0.296526 0.0433617
222 -0.30265 0.030443
223 -0.303101 0.0307473
224 -0.321085 0.0111948
225 -0.329449 0.0216308
226 -0.347555 0.0111816
227 -0.354053 0.027909
228 -0.35972 0.02666
229 -0.360032 0.0316362
230 -0.360299 0.0316609
231 -0.363736 0.0180911
232 -0.373932 0.022455
233 -0.384576 0.00553357
234 -0.402921 0.0216
235 -0.410047 0.0156817
236 -0.421358 0.0348138
237 -0.419572 0.035515
238 -0.420573 0.0401289
239 -0.423482 0.0399766
240 -0.42453 0.0304523
241 -0.443692 0.0358021
242 -0.446326 0.0301427
243 -0.470415 0.0466089
244 -0.465513 0.0517221
245 -0.477193 0.0673744
246 -0.468287 0.0719536
247 -0.469111 0.0745409
248 -0.473881 0.0738655
249 -0.473907 0.0729297
250 -0.495448 0.0772171
251 -0.491257 0.0881518
252 -0.510519 0.0996031
253 -0.496015 0.116568
254 -0.50109 0.122696
255 -0.488493 0.129898
256 -0.488233 0.129176
257 -0.49281 0.128379
258 -0.492791 0.137461
259 -0.505894 0.139808
260 -0.497067 0.163755
261 -0.499873 0.165398
262 -0.482263 0.186009
263 -0.476507 0.178975
264 -0.466628 0.184463
265 -0.465298 0.180551
266 -0.467013 0.180296
267 -0.46653 0.194838
268 -0.462373 0.193931
269 -0.452885 0.216564
270 -0.436488 0.205824
271 -0.426399 0.216364
272 -0.41388 0.198938
273 -0.41375 0.198998
274 -0.41253 0.194263
275 -0.409906 0.194436
276 -0.408706 0.204275
277 -0.389675 0.198195
278 -0.387264 0.202631
279 -0.364797 0.184199
280 -0.372631 0.177684
281 -0.364143 0.16226
282 -0.375447 0.158618
283 -0.375249 0.156966
284 -0.370197 0.156596
285 -0.371118 0.153226
286 -0.353844 0.144647
287 -0.366099 0.128721
288 -0.357601 0.119019
289 -0.381053 0.105499
290 -0.381974 0.108223
291 -0.395175 0.106522
292 -0.394941 0.109856
293 -0.392367 0.109145
294 -0.398756 0.0965485
295 -0.399498 0.0971363
296 -0.41928 0.0804925
297 -0.42764 0.0958891
298 -0.443015 0.0912226
299 -0.444948 0.112357
300 -0.445211 0.112386
301 -0.443691 0.117007
302 -0.446147 0.118425
303 -0.452194 0.111664
304 -0.464592 0.128524
305 -0.465899 0.127931
306 -0.472003 0.155506
307 -0.4572 0.155635
308 -0.454358 0.169568
309 -0.441903 0.164128
310 -0.441724 0.164376
311 -0.445018 0.168015
312 -0.438166 0.171965
313 -0.442455 0.185382
314 -0.416897 0.187823
315 -0.41675 0.189041
316 -0.391827 0.180357
317 -0.39846 0.169577
318 -0.392133 0.163458
319 -0.396147 0.160804
320 -0.396142 0.160791
321 -0.382464 0.162811
322 -0.383465 0.149191
323 -0.368927 0.144789
324 -0.382857 0.120198
325 -0.384354 0.121558
326 -0.401209 0.109765
327 -0.404918 0.118867
328 -0.407316 0.118474
329 -0.407628 0.113477
330 -0.410015 0.114185
331 -0.419639 0.0971572
332 -0.434798 0.111044
333 -0.443869 0.104822
334 -0.453857 0.130373
335 -0.447411 0.131303
336 -0.446393 0.143004
337 -0.442387 0.141687
338 -0.443032 0.140633
339 -0.453357 0.150874
340 -0.445161 0.155972
341 -0.451274 0.174248
342 -0.424798 0.176593
343 -0.424479 0.178753
344 -0.404465 0.170696
345 -0.409414 0.163754
346 -0.407549 0.161604
347 -0.403168 0.163863
348 -0.402779 0.162254
349 -0.382808 0.162208
350 -0.387661 0.142592
351 -0.377912 0.137472
352 -0.39613 0.116922
353 -0.400285 0.122956
354 -0.410797 0.119001
355 -0.411309 0.123392
356 -0.410554 0.123295
357 -0.415776 0.109998
358 -0.425759 0.11713
359 -0.438008 0.106736
360 -0.450462 0.132129
361 -0.447455 0.132762
362 -0.446633 0.152594
363 -0.436084 0.149432
364 -0.435196 0.150907
365 -0.438758 0.154524
366 -0.433816 0.15739
367 -0.438123 0.172778
368 -0.41301 0.173265
369 -0.412735 0.174415
370 -0.389857 0.162216
371 -0.399851 0.151392
372 -0.396266 0.145783
373 -0.401081 0.144233
374 -0.401003 0.142774
375 -0.389831 0.140449
376 -0.398592 0.122968
377 -0.396045 0.120712
378 -0.419592 0.105112
379 -0.424887 0.120909
380 -0.436202 0.120218
381 -0.433294 0.134406
382 -0.432165 0.133838
383 -0.434877 0.130813
384 -0.441723 0.141385
385 -0.444675 0.140445
386 -0.445782 0.16701
387 -0.428438 0.163023
388 -0.421968 0.175026
389 -0.405893 0.15964
390 -0.409367 0.157569
391 -0.408327 0.153762
392 -0.403837 0.153741
393 -0.403502 0.154921
394 -0.385362 0.143807
395 -0.398751 0.131396
396 -0.393094 0.120345
397 -0.420044 0.11494
398 -0.419399 0.123196
399 -0.429074 0.126778
400 -0.426277 0.130599
401 -0.426403 0.130761
402 -0.43861 0.125861
403 -0.440352 0.142878
404 -0.448029 0.144263
405 -0.435154 0.170277
406 -0.424615 0.160624
407 -0.413707 0.16726
408 -0.409966 0.153373
409 -0.411148 0.153398
410 -0.409935 0.157237
411 -0.399224 0.150036
412 -0.398067 0.150996
413 -0.387911 0.127319
414 -0.40845 0.124901
415 -0.4101 0.115378
416 -0.430136 0.125333
417 -0.425352 0.130453
418 -0.426885 0.133079
419 -0.43172 0.131914
420 -0.431538 0.135156
421 -0.448215 0.141235
422 -0.433554 0.160777
423 -0.434277 0.161764
424 -0.41031 0.17015
425 -0.409643 0.153551
426 -0.405494 0.152461
427 -0.408146 0.148183
428 -0.406301 0.146067
429 -0.399385 0.149135
430 -0.396773 0.126963
431 -0.405949 0.128669
432 -0.41555 0.110478
433 -0.433901 0.128932
434 -0.431577 0.13014
435 -0.433729 0.142308
436 -0.429439 0.141748
437 -0.429658 0.141278
438 -0.439796 0.150573
439 -0.425776 0.15863
440 -0.427562 0.166863
441 -0.398707 0.164107
442 -0.404849 0.149769
443 -0.396577 0.142585
444 -0.409091 0.135007
445 -0.409559 0.136981
446 -0.406296 0.136719
447 -0.411757 0.123565
448 -0.415609 0.126861
449 -0.43369 0.115824
450 -0.43987 0.141956
451 -0.438344 0.141827
452 -0.430745 0.159714
453 -0.421513 0.151618
454 -0.421047 0.151892
455 -0.422048 0.156539
456 -0.411217 0.155361
457 -0.408828 0.160577
458 -0.389179 0.142212
459 -0.405645 0.133297
460 -0.403801 0.122723
461 -0.425927 0.126109
462 -0.422365 0.133001
463 -0.424158 0.134859
464 -0.428755 0.13269
465 -0.42945 0.1388
466 -0.44279 0.141715
467 -0.428727 0.164947
468 -0.422844 0.157912
469 -0.405027 0.164735
470 -0.40429 0.143142
471 -0.407259 0.144054
472 -0.409549 0.140923
473 -0.406852 0.137027
474 -0.408531 0.136561
475 -0.409722 0.118235
476 -0.43243 0.12787
477 -0.431741 0.128627
478 -0.443003 0.149521
479 -0.42396 0.152509
480 -0.423855 0.153071
481 -0.419909 0.15079
482 -0.416723 0.153503
483 -0.417257 0.154909
484 -0.396586 0.155334
485 -0.40348 0.134738
486 -0.399897 0.131915
487 -0.421841 0.118211
488 -0.425431 0.134873
489 -0.428309 0.135262
490 -0.426061 0.139557
491 -0.428584 0.142319
492 -0.431703 0.141033
493 -0.432585 0.162594
494 -0.413772 0.156568
495 -0.409232 0.162397
496 -0.39517 0.139801
497 -0.410703 0.136598
498 -0.411284 0.132776
499 -0.415597 0.135164
500 -0.418311 0.132834
501 -0.416966 0.129183
502 -0.438706 0.129282
503 -0.431801 0.147474
504 -0.437459 0.152454
505 -0.413994 0.164946
506 -0.411928 0.148968
507 -0.408525 0.148161
508 -0.411262 0.144119
509 -0.40911 0.141056
510 -0.406129 0.141813
511 -0.4086 0.120647
512 -0.427147 0.130346
513 -0.430897 0.127041
514 -0.439849 0.151168
515 -0.422118 0.150941
516 -0.42146 0.152581
517 -0.418062 0.149406
518 -0.414284 0.151226
519 -0.414352 0.152099
520 -0.39533 0.146324
521 -0.410012 0.127709
522 -0.410187 0.128009
523 -0.433262 0.124418
524 -0.428836 0.144098
525 -0.427698 0.143324
526 -0.424332 0.145607
527 -0.42536 0.15025
528 -0.422672 0.149814
529 -0.414147 0.164012
530 -0.39806 0.142828
531 -0.406152 0.140606
532 -0.408227 0.122514
533 -0.42775 0.133111
534 -0.4233 0.13678
535 -0.424168 0.13954
536 -0.429248 0.139952
537 -0.425914 0.146559
538 -0.432672 0.154325
539 -0.406654 0.163177
540 -0.407758 0.145124
541 -0.399555 0.141151
542 -0.415874 0.126574
543 -0.419395 0.136604
544 -0.420342 0.136656
545 -0.422388 0.132402
546 -0.430432 0.141417
547 -0.431003 0.141219
548 -0.429539 0.164677
549 -0.405681 0.152884
550 -0.408675 0.150288
551 -0.403452 0.1343
552 -0.417603 0.135485
553 -0.416844 0.136931
554 -0.414865 0.134514
555 -0.428935 0.130403
556 -0.427617 0.141477
557 -0.438298 0.14762
558 -0.414994 0.165129
559 -0.410675 0.147403
560 -0.405063 0.146456
561 -0.412591 0.134821
562 -0.414873 0.138238
563 -0.414683 0.138273
564 -0.417518 0.126153
565 -0.434081 0.138493
566 -0.429527 0.141094
567 -0.431726 0.161603
568 -0.405782 0.153396
569 -0.411984 0.146331
570 -0.408825 0.139542
571 -0.413917 0.139442
572 -0.41516 0.136477
573 -0.41237 0.13352
574 -0.432472 0.126457
575 -0.430654 0.148743
576 -0.431039 0.148954
577 -0.412849 0.162729
578 -0.408113 0.142146
579 -0.411838 0.142888
580 -0.413731 0.140238
581 -0.411174 0.135832
582 -0.418804 0.135064
583 -0.421619 0.126741
584 -0.441284 0.145186
585 -0.420894 0.153549
586 -0.420786 0.156266
587 -0.403429 0.147454
588 -0.413981 0.139092
589 -0.414238 0.140149
590 -0.410911 0.139494
591 -0.419514 0.12764
592 -0.425146 0.137743
593 -0.435829 0.136959
594 -0.425672 0.163696
595 -0.410897 0.148476
596 -0.409647 0.148908
597 -0.410955 0.136672
598 -0.415057 0.139167
599 -0.416283 0.138357
600 -0.415045 0.1297
601 -0.436582 0.136376
602 -0.425196 0.148744
603 -0.428135 0.156053
604 -0.402466 0.154433
605 -0.41187 0.137593
606 -0.412765 0.138862
607 -0.416428 0.138247
608 -0.417836 0.1334
609 -0.423022 0.138066
610 -0.431571 0.134578
611 -0.429838 0.161432
612 -0.409902 0.150093
613 -0.409475 0.150384
614 -0.406855 0.132506
615 -0.42038 0.136837
616 -0.419013 0.138258
617 -0.418162 0.135907
618 -0.432622 0.13752
619 -0.423703 0.151427
620 -0.424856 0.153349
621 -0.40043 0.155292
622 -0.410266 0.130851
623 -0.415541 0.136802
624 -0.422825 0.134853
625 -0.421802 0.139816
626 -0.424716 0.14212
627 -0.425796 0.141618
628 -0.425188 0.160269
629 -0.401946 0.147538
630 -0.411126 0.141255
631 -0.409404 0.128057
632 -0.430321 0.135495
633 -0.422155 0.143206
634 -0.422181 0.143294
635 -0.426121 0.144055
636 -0.417222 0.155381
637 -0.412912 0.145949
638 -0.40208 0.145424
639 -0.416273 0.121007
640 -0.428627 0.140485
641 -0.426193 0.140694
642 -0.422254 0.150121
643 -0.418991 0.146192
644 -0.416038 0.146823
645 -0.415093 0.15019
646 -0.400417 0.136287
647 -0.424528 0.128119
648 -0.423145 0.136683
649 -0.435003 0.145657
650 -0.414713 0.155067
651 -0.415326 0.144021
652 -0.415271 0.143987
653 -0.411893 0.14598
654 -0.411303 0.131436
655 -0.421976 0.136632
656 -0.428686 0.131809
657 -0.432123 0.1586
658 -0.408733 0.149556
659 -0.413473 0.145528
660 -0.411842 0.137716
661 -0.41669 0.139182
662 -0.419489 0.136432
663 -0.419593 0.1368
664 -0.435683 0.140521
665 -0.417258 0.161078
666 -0.41149 0.144539
667 -0.405908 0.143581
668 -0.418151 0.128329
669 -0.423447 0.141327
670 -0.421373 0.141074
671 -0.422594 0.139402
672 -0.428424 0.152136
673 -0.40879 0.150519
674 -0.412274 0.145369
675 -0.404788 0.130359
676 -0.432227 0.131785
677 -0.422858 0.146484
678 -0.422487 0.145783
679 -0.418915 0.145673
680 -0.416239 0.150043
681 -0.411535 0.141469
682 -0.40935 0.141427
683 -0.420678 0.122553
684 -0.434837 0.148012
685 -0.4194 0.147762
686 -0.416796 0.152096
687 -0.410648 0.14095
688 -0.415572 0.141062
689 -0.416806 0.139052
690 -0.414535 0.134807
691 -0.435084 0.1356
692 -0.421169 0.157331
693 -0.416118 0.147369
694 -0.404908 0.146652
695 -0.416869 0.12909
696 -0.422505 0.141133
697 -0.420899 0.140974
698 -0.422303 0.139072
699 -0.427766 0.15211
700 -0.408125 0.14929
701 -0.412871 0.143457
702 -0.407897 0.129671
703 -0.434216 0.134903
704 -0.421053 0.149323
705 -0.420017 0.145801
706 -0.417481 0.145128
707 -0.413891 0.148572
708 -0.411161 0.13617
709 -0.416466 0.138001
710 -0.427337 0.129057
711 -0.43125 0.157363
712 -0.409195 0.14765
713 -0.414217 0.144194
714 -0.413872 0.137068
715 -0.41817 0.139455
716 -0.422147 0.137245
717 -0.421915 0.141854
718 -0.430048 0.147526
719 -0.406014 0.157742
720 -0.410289 0.131073
721 -0.418135 0.137967
722 -0.426184 0.135594
723 -0.4225 0.148533
724 -0.419271 0.144911
725 -0.416947 0.14529
726 -0.415318 0.149082
727 -0.404341 0.132911
728 -0.431423 0.132188
729 -0.422896 0.146278
730 -0.424875 0.150325
731 -0.407046 0.148204
732 -0.41645 0.13687
733 -0.417469 0.140133
734 -0.417374 0.140106
735 -0.425081 0.133352
736 -0.428258 0.155753
737 -0.408714 0.146577
738 -0.412422 0.144298
739 -0.412907 0.12878
740 -0.4309 0.141477
741 -0.418782 0.146203
742 -0.419143 0.144536
743 -0.420523 0.145958
744 -0.407371 0.148387
745 -0.415965 0.128418
746 -0.4239 0.140682
747 -0.429058 0.14077
748 -0.416566 0.158662
749 -0.408427 0.13753
750 -0.418687 0.139902
751 -0.418426 0.140145
752 -0.417958 0.137064
753 -0.431037 0.143345
754 -0.413954 0.153207
755 -0.414666 0.143999
756 -0.4062 0.137168
757 -0.429841 0.130143
758 -0.422988 0.151148
759 -0.417696 0.144188
760 -0.417302 0.144205
761 -0.415361 0.147272
762 -0.409646 0.133661
763 -0.427682 0.137556
764 -0.422681 0.142184
765 -0.424416 0.155042
766 -0.401847 0.143302
767 -0.421242 0.1333
768 -0.420081 0.141536
769 -0.420447 0.141883
770 -0.424038 0.141175
771 -0.417948 0.154621
772 -0.408572 0.138412
773 -0.416279 0.139169
774 -0.423987 0.130406
775 -0.429485 0.154477
776 -0.409008 0.145784
777 -0.417061 0.140934
778 -0.417058 0.140969
779 -0.414642 0.138866
780 -0.428742 0.13566
781 -0.420625 0.1544
782 -0.41459 0.144065
783 -0.407921 0.143354
784 -0.42266 0.127285
785 -0.426978 0.149588
786 -0.41645 0.144537
787 -0.417538 0.143965
788 -0.417207 0.146054
789 -0.408067 0.136644
790 -0.43026 0.133806
791 -0.420996 0.150068
792 -0.420075 0.14793
793 -0.405298 0.144301
794 -0.421948 0.130806
795 -0.422386 0.144911
796 -0.419996 0.143204
797 -0.420208 0.143139
798 -0.41691 0.151996
799 -0.405184 0.133249
800 -0.430637 0.135745
801 -0.420558 0.146439
802 -0.421088 0.14982
803 -0.407346 0.142223
804 -0.420795 0.136476
805 -0.419613 0.140929
806 -0.421023 0.142797
807 -0.423405 0.142844
808 -0.41314 0.155362
809 -0.407247 0.128411
810 -0.43093 0.139992
811 -0.41959 0.145393
812 -0.418785 0.148861
813 -0.412317 0.14067
814 -0.417398 0.140706
815 -0.420335 0.137104
816 -0.421823 0.144137
817 -0.424053 0.145273
818 -0.407161 0.152786
819 -0.414697 0.124897
820 -0.429851 0.145988
821 -0.417274 0.145204
822 -0.417072 0.145421
823 -0.416669 0.14243
824 -0.412541 0.139867
825 -0.426154 0.135291
826 -0.420802 0.14917
827 -0.41925 0.14639
828 -0.405715 0.143841
829 -0.424704 0.128231
830 -0.424477 0.150888
831 -0.415774 0.143414
832 -0.417245 0.143176
833 -0.416472 0.144459
834 -0.412817 0.133605
835 -0.433839 0.142013
836 -0.411835 0.153568
837 -0.415108 0.139252
838 -0.414088 0.137871
839 -0.427611 0.138886
840 -0.417744 0.148708
841 -0.417397 0.143674
842 -0.414481 0.141472
843 -0.417617 0.140815
844 -0.421443 0.134006
845 -0.4288 0.154902
846 -0.401331 0.143826
847 -0.423626 0.132663
848 -0.420596 0.144025
849 -0.420722 0.144217
850 -0.417958 0.143816
851 -0.414384 0.146809
852 -0.414885 0.132024
853 -0.427894 0.144549
854 -0.417903 0.145251
855 -0.414615 0.149439
856 -0.411519 0.131172
857 -0.429819 0.142929
858 -0.415834 0.146638
859 -0.417549 0.143367
860 -0.417102 0.142117
861 -0.413381 0.14054
862 -0.428409 0.133779
863 -0.419697 0.159569
864 -0.406173 0.134508
865 -0.424581 0.139345
866 -0.420299 0.142031
867 -0.41945 0.146337
868 -0.417256 0.143258
869 -0.412272 0.14256
870 -0.423462 0.133668
871 -0.422027 0.149516
872 -0.417311 0.144107
873 -0.409915 0.14375
874 -0.423945 0.130529
875 -0.423665 0.152296
876 -0.413318 0.141996
877 -0.417268 0.141934
878 -0.41855 0.14058
879 -0.418479 0.138659
880 -0.428346 0.147671
881 -0.403183 0.148972
882 -0.423021 0.126766
883 -0.424449 0.150887
884 -0.41547 0.142929
885 -0.416479 0.142869
886 -0.41787 0.14131
887 -0.417657 0.137273
888 -0.428466 0.14712
889 -0.406543 0.147965
890 -0.420537 0.133143
891 -0.420708 0.143154
892 -0.42324 0.145668
893 -0.410425 0.145517
894 -0.419893 0.136583
895 -0.419644 0.14175
896 -0.422755 0.145324
897 -0.41323 0.144445
898 -0.417485 0.141084
899 -0.41834 0.135169
900 -0.428961 0.150263
901 -0.404282 0.145187
902 -0.423765 0.133242
903 -0.420164 0.146255
904 -0.418647 0.143333
905 -0.417449 0.142903
906 -0.414851 0.144001
907 -0.420411 0.131814
908 -0.427939 0.155085
909 -0.402109 0.140326
910 -0.427845 0.134634
911 -0.418376 0.147942
912 -0.417758 0.142556
913 -0.417565 0.142385
914 -0.415223 0.142391
915 -0.423844 0.134695
916 -0.421254 0.156577
917 -0.40547 0.133715
918 -0.430165 0.139932
919 -0.415742 0.147278
920 -0.417536 0.142841
921 -0.416621 0.140162
922 -0.419108 0.141621
923 -0.423364 0.140853
924 -0.414081 0.152203
925 -0.413659 0.129781
926 -0.42907 0.147319
927 -0.412481 0.144811
928 -0.417551 0.14172
929 -0.41878 0.13811
930 -0.421544 0.145349
931 -0.417951 0.143313
932 -0.413035 0.144169
933 -0.422764 0.13291
934 -0.422162 0.153432
935 -0.410573 0.138235
936 -0.421533 0.140929
937 -0.4208 0.141269
938 -0.41752 0.147847
939 -0.415578 0.138658
940 -0.418997 0.141504
941 -0.424088 0.141649
942 -0.412182 0.150414
943 -0.417685 0.130966
944 -0.424772 0.148604
945 -0.414555 0.142568
946 -0.416679 0.142314
947 -0.420795 0.138335
948 -0.419531 0.14641
949 -0.417619 0.142816
950 -0.413206 0.140736
951 -0.427863 0.137794
952 -0.413053 0.154111
953 -0.415487 0.130845
954 -0.424885 0.147048
955 -0.415513 0.142881
956 -0.417164 0.142537
957 -0.419403 0.140107
958 -0.419079 0.142648
959 -0.420835 0.145958
960 -0.409009 0.139928
961 -0.431283 0.136862
962 -0.410612 0.155805
963 -0.416934 0.128469
964 -0.425192 0.14969
965 -0.413395 0.141537
966 -0.419382 0.141616
967 -0.418724 0.142042
968 -0.418942 0.141544
969 -0.419826 0.146702
970 -0.410955 0.137124
971 -0.431433 0.142355
972 -0.406227 0.150701
973 -0.423504 0.129555
974 -0.42069 0.152329
975 -0.414518 0.139054
976 -0.418458 0.141644
977 -0.422583 0.141774
978 -0.414158 0.146533
979 -0.419511 0.13708
980 -0.419685 0.145091
981 -0.418284 0.142827
982 -0.415661 0.141433
983 -0.422338 0.141201
984 -0.416452 0.144835
985 -0.417992 0.142045
986 -0.417976 0.138194
987 -0.424109 0.149224
988 -0.406303 0.137927
989 -0.433525 0.139914
990 -0.406209 0.151917
991 -0.423816 0.12995
992 -0.419319 0.152088
993 -0.415532 0.138342
994 -0.41868 0.141847
995 -0.422777 0.143495
996 -0.411056 0.144289
997 -0.425365 0.136265
998 -0.414802 0.150967
999 -0.418088 0.134176
1000 -0.421296 0.147904
1001 -0.41531 0.139955
1002 -0.420139 0.142696
1003 -0.418521 0.142511
1004 -0.417219 0.142888
1005 -0.419735 0.140893
1006 -0.41776 0.144362
1007 -0.418308 0.14048
1008 -0.419064 0.143686
1009 -0.417705 0.141695
1010 -0.418944 0.142558
1011 -0.41822 0.142374
1012 -0.418413 0.142354
1013 -0.418541 0.14229
1014 -0.418335 0.142507
1015 -0.418466 0.142205
1016 -0.418449 0.142491
1017 -0.418388 0.142286
1018 -0.418471 0.142398
1019 -0.418406 0.142355
1020 -0.418439 0.142363
1021 -0.418431 0.142364
1022 -0.418427 0.142366
1023 -0.418434 0.142359
1024 -0.41843 0.142368
1025 -0.41843 0.14236
1026 -0.418432 0.142366
1027 -0.41843 0.142363
1028 -0.418431 0.142364
1029 -0.41843 0.142364
1030 -0.418431 0.142364
1031 -0.418431 0.142364
1032 -0.418431 0.142364
1033 -0.418431 0.142364
1034 -0.418431 0.142364
1035 -0.418431 0.142364
1036 -0.418431 0.142364
1037 -0.418431 0.142364
1038 -0.418431 0.142364
1039 -0.418431 0.142364
1040 -0.418431 0.142364
1041 -0.418431 0.142364
1042 -0.418431 0.142364
1043 -0.418431 0.142364
1044 -0.418431 0.142364
1045 -0.418431 0.142364
1046 -0.418431 0.142364
1047 -0.418431 0.142364
1048 -0.418431 0.142364
1049 -0.418431 0.142364
1050 -0.418431 0.142364
1051 -0.418431 0.142364
1052 -0.418431 0.142364
1053 -0.418431 0.142364
1054 -0.418431 0.142364
1055 -0.418431 0.142364
1056 -0.418431 0.142364
1057 -0.418431 0.142364
1058 -0.418431 0.142364
1059 -0.418431 0.142364
1060 -0.418431 0.142364
1061 -0.418431 0.142364
1062 -0.418431 0.142364
1063 -0.418431 0.142364
1064 -0.418431 0.142364
1065 -0.418431 0.142364
1066 -0.418431 0.142364
1067 -0.418431 0.142364
1068 -0.418431 0.142364
1069 -0.418431 0.142364
1070 -0.418431 0.142364
1071 -0.418431 0.142364
1072 -0.418431 0.142364
1073 -0.418431 0.142364
1074 -0.418431 0.142364
1075 -0.418431 0.142364
1076 -0.418431 0.142364
1077 -0.418431 0.142364
1078 -0.418431 0.142364
1079 -0.418431 0.142364
1080 -0.418431 0.142364
1081 -0.418431 0.142364
1082 -0.418431 0.142364
1083 -0.418431 0.142364
1084 -0.418431 0.142364
1085 -0.418431 0.142364
1086 -0.418431 0.142364
1087 -0.418431 0.142364
1088 -0.418431 0.142364
1089 -0.418431 0.142364
1090 -0.418431 0.142364
1091 -0.418431 0.142364
1092 -0.418431 0.142364
1093 -0.418431 0.142364
1094 -0.418431 0.142364
1095 -0.418431 0.142364
1096 -0.418431 0.142364
1097 -0.418431 0.142364
1098 -0.418431 0.142364
1099 -0.418431 0.142364
1100 -0.418431 0.142364
