0 -0.00563 0.0100722
1 0.0675721 0.05067
2 0.0585038 0.0674137
3 0.097568 0.087736
4 0.095262 0.0924332
5 0.0817241 0.0862842
6 0.089071 0.0683934
7 0.0307475 0.0473491
8 0.0444584 0.00242453
9 -0.0263499 -0.0148627
10 -0.0159752 -0.0732031
11 -0.061846 -0.0780748
12 -0.0607444 -0.116177
13 -0.0680033 -0.11578
14 -0.0658178 -0.100827
15 -0.0573424 -0.102921
16 -0.0333904 -0.0365253
17 -0.0435332 -0.0315387
18 0.00423668 0.0422612
19 -0.0271511 0.0686356
20 0.0130943 0.10544
21 -0.00731249 0.135096
22 -0.000950086 0.138231
23 0.00374596 0.123361
24 0.00399658 0.123398
25 0.0027204 0.0549603
26 0.0443528 0.0468942
27 0.0205283 -0.0143283
28 0.0846547 -0.0543443
29 0.073913 -0.0658346
30 0.1006 -0.103365
31 0.106127 -0.100963
32 0.103762 -0.08898
33 0.0640098 -0.0878806
34 0.06746 -0.0747704
35 -0.00804292 -0.0340808
36 -0.0391066 -0.0681991
37 -0.068886 -0.0228043
38 -0.133303 -0.044262
39 -0.133036 -0.0490944
40 -0.14672 -0.0460497
41 -0.140548 -0.0347633
42 -0.13359 -0.0417797
43 -0.0723745 -0.00956541
44 -0.082095 0.0438736
45 -0.0433199 0.0387127
46 -0.00527553 0.116991
47 -0.0303561 0.14182
48 -0.00837651 0.152561
49 -0.010152 0.16855
50 -0.00309064 0.166811
51 -0.0173338 0.146064
52 0.0228448 0.0874289
53 0.0651531 0.0970675
54 0.0581919 0.0542458
55 0.132111 0.00843695
56 0.168652 0.0341829
57 0.171347 0.0210844
58 0.186316 0.0177878
59 0.178437 0.00732165
60 0.178697 0.00683172
61 0.122467 0.0045036
62 0.0882924 -0.073182
63 0.11295 -0.102983
64 0.0753692 -0.111254
65 0.0570518 -0.178067
66 0.0847079 -0.204433
67 0.0865062 -0.203866
68 0.0887008 -0.193487
69 0.0540093 -0.162288
70 0.00458172 -0.177791
71 0.00414846 -0.179554
72 -0.0405842 -0.13379
73 -0.126469 -0.151854
74 -0.146518 -0.203463
75 -0.142456 -0.209262
76 -0.151147 -0.20935
77 -0.142353 -0.196571
78 -0.157013 -0.155533
79 -0.191459 -0.14509
80 -0.182361 -0.13851
81 -0.179946 -0.0736386
82 -0.245468 -0.0168501
83 -0.310512 -0.0277397
84 -0.323629 -0.0496595
85 -0.323583 -0.0498005
86 -0.315955 -0.0532406
87 -0.277958 -0.037355
88 -0.251744 0.0298993
89 -0.283253 0.101548
90 -0.333849 0.122254
91 -0.348326 0.116792
92 -0.340241 0.132304
93 -0.346623 0.159771
94 -0.35764 0.168243
95 -0.341603 0.168373
96 -0.304023 0.196772
97 -0.283448 0.260859
98 -0.302872 0.329763
99 -0.348637 0.371515
100 -0.392207 0.380946
101 -0.417408 0.373622
102 -0.425944 0.365682
103 -0.426912 0.363277
104 -0.426963 0.364835
105 -0.428019 0.367139
106 -0.429515 0.368551
107 -0.430685 0.369018
108 -0.431317 0.369021
109 -0.431565 0.368926
110 -0.431633 0.368863
