0 -0.0247867 -8.67362e-19
1 -0.0247867 -0.00945662
2 -0.0743411 -0.00945662
3 -0.0743411 -0.0191115
4 -0.123838 -0.0191115
5 -0.123838 -0.0291623
6 -0.173234 -0.0291623
7 -0.173234 -0.0398058
8 -0.222481 -0.0398058
9 -0.222481 -0.0512374
10 -0.271522 -0.0512374
11 -0.271522 -0.0636497
12 -0.32029 -0.0636497
13 -0.32029 -0.0772325
14 -0.368705 -0.0772325
15 -0.368705 -0.0921709
16 -0.416672 -0.0921709
17 -0.416672 -0.108644
18 -0.464079 -0.108644
19 -0.464079 -0.126824
20 -0.510795 -0.126824
21 -0.510795 -0.146873
22 -0.556669 -0.146873
23 -0.556669 -0.16894
24 -0.601527 -0.16894
25 -0.601527 -0.19316
26 -0.645175 -0.19316
27 -0.645175 -0.21965
28 -0.687393 -0.21965
29 -0.687393 -0.248504
30 -0.727936 -0.248504
31 -0.727936 -0.279791
32 -0.76654 -0.279791
33 -0.76654 -0.313549
34 -0.802916 -0.313549
35 -0.802916 -0.34978
36 -0.836756 -0.34978
37 -0.836756 -0.388447
38 -0.867735 -0.388447
39 -0.867735 -0.429469
40 -0.895513 -0.429469
41 -0.895513 -0.472713
42 -0.919746 -0.472713
43 -0.919746 -0.517993
44 -0.940085 -0.517993
45 -0.940085 -0.565062
46 -0.956187 -0.565062
47 -0.956187 -0.613613
48 -0.967726 -0.613613
49 -0.967726 -0.663272
50 -0.974398 -0.663272
51 -0.974398 -0.713598
52 -0.975937 -0.713598
53 -0.975937 -0.764083
54 -0.972124 -0.764083
55 -0.972124 -0.814158
56 -0.962803 -0.814158
57 -0.962803 -0.863188
58 -0.947893 -0.863188
59 -0.947893 -0.910488
60 -0.927402 -0.910488
61 -0.927402 -0.95533
62 -0.901439 -0.95533
63 -0.901439 -0.996952
64 -0.870232 -0.996952
65 -0.870232 -1.03458
66 -0.834134 -1.03458
67 -0.834134 -1.06744
68 -0.793632 -1.06744
69 -0.793632 -1.0948
70 -0.749355 -1.0948
71 -0.749355 -1.11595
72 -0.702074 -1.11595
73 -0.702074 -1.1303
74 -0.652698 -1.1303
75 -0.652698 -1.13734
76 -0.602267 -1.13734
77 -0.602267 -1.13671
78 -0.551931 -1.13671
79 -0.551931 -1.12824
80 -0.502935 -1.12824
81 -0.502935 -1.11192
82 -0.456583 -1.11192
83 -0.456583 -1.088
84 -0.414201 -1.088
85 -0.414201 -1.05696
86 -0.377097 -1.05696
87 -0.377097 -1.01954
88 -0.346503 -1.01954
89 -0.346503 -0.976732
90 -0.323529 -0.976732
91 -0.323529 -0.929791
92 -0.309098 -0.929791
93 -0.309098 -0.880194
94 -0.303892 -0.880194
95 -0.303892 -0.829619
96 -0.308295 -0.829619
97 -0.308295 -0.779889
98 -0.322347 -0.779889
99 -0.322347 -0.732913
100 -0.345699 -0.732913
101 -0.345699 -0.690607
102 -0.377597 -0.690607
103 -0.377597 -0.654809
104 -0.416869 -0.654809
105 -0.416869 -0.62718
106 -0.461944 -0.62718
107 -0.461944 -0.609106
108 -0.510886 -0.609106
109 -0.510886 -0.601604
110 -0.561464 -0.601604
111 -0.561464 -0.605229
112 -0.611237 -0.605229
113 -0.611237 -0.620003
114 -0.657671 -0.620003
115 -0.657671 -0.645364
116 -0.698272 -0.645364
117 -0.698272 -0.680144
118 -0.730735 -0.680144
119 -0.730735 -0.722586
120 -0.753096 -0.722586
121 -0.753096 -0.770395
122 -0.763888 -0.770395
123 -0.763888 -0.820836
124 -0.762271 -0.820836
125 -0.762271 -0.870877
126 -0.748144 -0.870877
127 -0.748144 -0.917357
128 -0.722211 -0.917357
129 -0.722211 -0.957199
130 -0.685998 -0.957199
131 -0.685998 -0.987626
132 -0.641814 -0.987626
133 -0.641814 -1.00639
134 -0.59264 -1.00639
135 -0.59264 -1.01197
136 -0.541958 -1.01197
137 -0.541958 -1.00377
138 -0.493523 -1.00377
139 -0.493523 -0.982198
140 -0.451085 -0.982198
141 -0.451085 -0.948745
142 -0.41808 -0.948745
143 -0.41808 -0.905918
144 -0.397324 -0.905918
145 -0.397324 -0.857114
146 -0.390722 -0.857114
147 -0.390722 -0.806382
148 -0.399034 -0.806382
149 -0.399034 -0.75811
150 -0.421731 -0.75811
151 -0.421731 -0.716648
152 -0.45695 -0.716648
153 -0.45695 -0.685892
154 -0.501581 -0.685892
155 -0.501581 -0.668883
156 -0.551484 -0.668883
157 -0.551484 -0.667443
158 -0.601839 -0.667443
159 -0.601839 -0.681915
160 -0.647593 -0.681915
161 -0.647593 -0.711029
162 -0.683971 -0.711029
163 -0.683971 -0.751929
164 -0.707016 -0.751929
165 -0.707016 -0.800388
166 -0.71407 -0.800388
167 -0.71407 -0.851188
168 -0.704156 -0.851188
169 -0.704156 -0.898658
170 -0.678198 -0.898658
171 -0.678198 -0.937302
172 -0.639023 -0.937302
173 -0.639023 -0.96247
174 -0.59114 -0.96247
175 -0.59114 -0.970974
176 -0.540281 -0.970974
177 -0.540281 -0.961577
178 -0.492748 -0.961577
179 -0.492748 -0.935257
180 -0.454638 -0.935257
181 -0.454638 -0.895218
182 -0.431022 -0.895218
183 -0.431022 -0.846583
184 -0.425207 -0.846583
185 -0.425207 -0.795807
186 -0.438178 -0.795807
187 -0.438178 -0.749857
188 -0.468335 -0.749857
189 -0.468335 -0.715246
190 -0.511575 -0.715246
191 -0.511575 -0.697066
192 -0.56176 -0.697066
193 -0.56176 -0.698157
194 -0.611523 -0.698157
195 -0.611523 -0.718556
196 -0.653331 -0.718556
197 -0.653331 -0.755344
198 -0.680644 -0.755344
199 -0.680644 -0.802948
200 -0.689011 -0.802948
201 -0.689011 -0.853898
202 -0.676896 -0.853898
203 -0.676896 -0.899955
204 -0.646082 -0.899955
205 -0.646082 -0.933439
206 -0.60154 -0.933439
207 -0.60154 -0.948571
208 -0.550732 -0.948571
209 -0.550732 -0.942568
210 -0.502434 -0.942568
211 -0.502434 -0.91628
212 -0.46523 -0.91628
213 -0.46523 -0.874217
214 -0.445945 -0.874217
215 -0.445945 -0.8239
216 -0.448296 -0.8239
217 -0.448296 -0.774598
218 -0.472043 -0.774598
219 -0.472043 -0.735651
220 -0.51285 -0.735651
221 -0.51285 -0.714658
222 -0.562936 -0.714658
223 -0.562936 -0.715903
224 -0.612466 -0.715903
225 -0.612466 -0.739338
226 -0.65145 -0.739338
227 -0.65145 -0.780394
228 -0.671795 -0.780394
229 -0.671795 -0.830727
230 -0.669088 -0.830727
231 -0.669088 -0.879815
232 -0.643702 -0.879815
233 -0.643702 -0.917123
234 -0.60093 -0.917123
235 -0.60093 -0.934415
236 -0.550031 -0.934415
237 -0.550031 -0.927682
238 -0.502324 -0.927682
239 -0.502324 -0.89824
240 -0.468689 -0.89824
241 -0.468689 -0.852654
242 -0.457028 -0.852654
243 -0.457028 -0.801424
244 -0.470264 -0.801424
245 -0.470264 -0.756653
246 -0.505438 -0.756653
247 -0.505438 -0.729187
248 -0.55418 -0.729187
249 -0.55418 -0.725898
250 -0.60456 -0.725898
251 -0.60456 -0.747798
252 -0.643946 -0.747798
253 -0.643946 -0.78955
254 -0.662206 -0.78955
255 -0.662206 -0.840577
256 -0.654442 -0.840577
257 -0.654442 -0.887629
258 -0.622493 -0.887629
259 -0.622493 -0.918195
260 -0.574711 -0.918195
261 -0.574711 -0.923915
262 -0.523943 -0.923915
263 -0.523943 -0.903033
264 -0.484159 -0.903033
265 -0.484159 -0.861144
266 -0.466577 -0.861144
267 -0.466577 -0.809902
268 -0.476357 -0.809902
269 -0.476357 -0.763902
270 -0.510886 -0.763902
271 -0.510886 -0.736547
272 -0.560241 -0.736547
273 -0.560241 -0.736042
274 -0.609871 -0.736042
275 -0.609871 -0.762734
276 -0.644822 -0.762734
277 -0.644822 -0.808718
278 -0.654296 -0.808718
279 -0.654296 -0.859971
280 -0.635172 -0.859971
281 -0.635172 -0.900514
282 -0.593263 -0.900514
283 -0.593263 -0.91742
284 -0.541784 -0.91742
285 -0.541784 -0.905086
286 -0.497336 -0.905086
287 -0.497336 -0.867329
288 -0.474561 -0.867329
289 -0.474561 -0.816452
290 -0.481193 -0.816452
291 -0.481193 -0.769422
292 -0.515196 -0.769422
293 -0.515196 -0.74225
294 -0.565122 -0.74225
295 -0.565122 -0.744434
296 -0.613759 -0.744434
297 -0.613759 -0.775411
298 -0.643996 -0.775411
299 -0.643996 -0.82441
300 -0.644931 -0.82441
301 -0.644931 -0.87397
302 -0.616032 -0.87397
303 -0.616032 -0.906074
304 -0.567677 -0.906074
305 -0.567677 -0.908779
306 -0.517672 -0.908779
307 -0.517672 -0.880881
308 -0.484797 -0.880881
309 -0.484797 -0.832732
310 -0.481678 -0.832732
311 -0.481678 -0.782649
312 -0.50971 -0.782649
313 -0.50971 -0.750058
314 -0.558145 -0.750058
315 -0.558145 -0.747884
316 -0.607949 -0.747884
317 -0.607949 -0.777186
318 -0.639175 -0.777186
319 -0.639175 -0.826348
320 -0.639036 -0.826348
321 -0.639036 -0.875422
322 -0.607392 -0.875422
323 -0.607392 -0.904116
324 -0.557212 -0.904116
325 -0.557212 -0.900293
326 -0.509516 -0.900293
327 -0.509516 -0.865373
328 -0.484657 -0.865373
329 -0.484657 -0.814146
330 -0.493507 -0.814146
331 -0.493507 -0.768759
332 -0.532402 -0.768759
333 -0.532402 -0.749199
334 -0.584325 -0.749199
335 -0.584325 -0.764323
336 -0.626114 -0.764323
337 -0.626114 -0.80753
338 -0.638782 -0.80753
339 -0.638782 -0.8593
340 -0.61635 -0.8593
341 -0.61635 -0.895816
342 -0.569014 -0.895816
343 -0.569014 -0.899955
344 -0.518839 -0.899955
345 -0.518839 -0.869572
346 -0.489627 -0.869572
347 -0.489627 -0.818976
348 -0.49553 -0.818976
349 -0.49553 -0.772488
350 -0.533881 -0.772488
351 -0.533881 -0.752845
352 -0.586021 -0.752845
353 -0.586021 -0.76991
354 -0.626114 -0.76991
355 -0.626114 -0.81536
356 -0.633938 -0.81536
357 -0.633938 -0.86638
358 -0.605332 -0.86638
359 -0.605332 -0.896919
360 -0.5548 -0.896919
361 -0.5548 -0.891075
362 -0.508488 -0.891075
363 -0.508488 -0.8517
364 -0.490761 -0.8517
365 -0.490761 -0.799421
366 -0.511198 -0.799421
367 -0.511198 -0.762101
368 -0.559028 -0.762101
369 -0.559028 -0.759984
370 -0.60842 -0.759984
371 -0.60842 -0.794418
372 -0.632262 -0.794418
373 -0.632262 -0.84659
374 -0.617184 -0.84659
375 -0.617184 -0.887484
376 -0.571436 -0.887484
377 -0.571436 -0.893975
378 -0.520793 -0.893975
379 -0.520793 -0.86218
380 -0.494251 -0.86218
381 -0.494251 -0.810213
382 -0.507308 -0.810213
383 -0.507308 -0.768222
384 -0.55253 -0.768222
385 -0.55253 -0.760961
386 -0.603343 -0.760961
387 -0.603343 -0.792927
388 -0.629414 -0.792927
389 -0.629414 -0.845125
390 -0.614875 -0.845125
391 -0.614875 -0.885982
392 -0.568386 -0.885982
393 -0.568386 -0.890392
394 -0.51843 -0.890392
395 -0.51843 -0.855437
396 -0.49609 -0.855437
397 -0.49609 -0.802788
398 -0.515552 -0.802788
399 -0.515552 -0.765631
400 -0.564666 -0.765631
401 -0.564666 -0.767765
402 -0.612068 -0.767765
403 -0.612068 -0.808011
404 -0.627032 -0.808011
405 -0.627032 -0.860347
406 -0.599604 -0.860347
407 -0.599604 -0.890412
408 -0.547703 -0.890412
409 -0.547703 -0.878125
410 -0.505852 -0.878125
411 -0.505852 -0.831521
412 -0.50231 -0.831521
413 -0.50231 -0.781998
414 -0.539674 -0.781998
415 -0.539674 -0.763413
416 -0.592463 -0.763413
417 -0.592463 -0.788748
418 -0.624124 -0.788748
419 -0.624124 -0.840551
420 -0.612372 -0.840551
421 -0.612372 -0.882484
422 -0.565314 -0.882484
423 -0.565314 -0.884699
424 -0.516382 -0.884699
425 -0.516382 -0.84542
426 -0.500837 -0.84542
427 -0.500837 -0.792896
428 -0.530147 -0.792896
429 -0.530147 -0.765462
430 -0.582996 -0.765462
431 -0.582996 -0.783478
432 -0.620315 -0.783478
433 -0.620315 -0.833737
434 -0.614109 -0.833737
435 -0.614109 -0.87861
436 -0.568864 -0.87861
437 -0.568864 -0.88403
438 -0.518883 -0.88403
439 -0.518883 -0.845665
440 -0.502585 -0.845665
441 -0.502585 -0.792959
442 -0.532775 -0.792959
443 -0.532775 -0.76694
444 -0.586017 -0.76694
445 -0.586017 -0.7882
446 -0.620337 -0.7882
447 -0.620337 -0.840074
448 -0.608282 -0.840074
449 -0.608282 -0.881147
450 -0.559344 -0.881147
451 -0.559344 -0.878176
452 -0.513086 -0.878176
453 -0.513086 -0.833387
454 -0.507407 -0.833387
455 -0.507407 -0.783441
456 -0.547178 -0.783441
457 -0.547178 -0.769767
458 -0.599448 -0.769767
459 -0.599448 -0.803972
460 -0.620317 -0.803972
461 -0.620317 -0.857376
462 -0.591948 -0.857376
463 -0.591948 -0.884568
464 -0.538399 -0.884568
465 -0.538399 -0.862066
466 -0.505777 -0.862066
467 -0.505777 -0.80916
468 -0.522569 -0.80916
469 -0.522569 -0.771972
470 -0.574244 -0.771972
471 -0.574244 -0.783358
472 -0.615193 -0.783358
473 -0.615193 -0.833399
474 -0.608802 -0.833399
475 -0.608802 -0.877383
476 -0.560628 -0.877383
477 -0.560628 -0.875504
478 -0.514245 -0.875504
479 -0.514245 -0.829284
480 -0.512142 -0.829284
481 -0.512142 -0.781044
482 -0.556445 -0.781044
483 -0.556445 -0.775513
484 -0.606091 -0.775513
485 -0.606091 -0.818039
486 -0.614487 -0.818039
487 -0.614487 -0.868726
488 -0.573514 -0.868726
489 -0.573514 -0.879424
490 -0.522079 -0.879424
491 -0.522079 -0.839714
492 -0.509638 -0.839714
493 -0.509638 -0.787763
494 -0.548421 -0.787763
495 -0.548421 -0.77413
496 -0.600701 -0.77413
497 -0.600701 -0.812358
498 -0.614982 -0.812358
499 -0.614982 -0.864811
500 -0.576915 -0.864811
501 -0.576915 -0.879196
502 -0.524435 -0.879196
503 -0.524435 -0.840891
504 -0.510488 -0.840891
505 -0.510488 -0.788529
506 -0.549429 -0.788529
507 -0.549429 -0.775573
508 -0.601506 -0.775573
509 -0.601506 -0.815528
510 -0.612908 -0.815528
511 -0.612908 -0.867114
512 -0.57159 -0.867114
513 -0.57159 -0.87639
514 -0.520755 -0.87639
515 -0.520755 -0.833408
516 -0.514192 -0.833408
517 -0.514192 -0.783652
518 -0.559076 -0.783652
519 -0.559076 -0.780396
520 -0.60734 -0.780396
521 -0.60734 -0.827335
522 -0.606694 -0.827335
523 -0.606694 -0.873598
524 -0.557655 -0.873598
525 -0.557655 -0.86847
526 -0.514002 -0.86847
527 -0.514002 -0.817419
528 -0.524157 -0.817419
529 -0.524157 -0.777091
530 -0.576979 -0.777091
531 -0.576979 -0.792754
532 -0.613166 -0.792754
533 -0.613166 -0.846921
534 -0.591612 -0.846921
535 -0.591612 -0.878068
536 -0.536731 -0.878068
537 -0.536731 -0.850382
538 -0.511584 -0.850382
539 -0.511584 -0.795638
540 -0.545451 -0.795638
541 -0.545451 -0.77747
542 -0.598975 -0.77747
543 -0.598975 -0.817323
544 -0.609219 -0.817323
545 -0.609219 -0.868322
546 -0.563875 -0.868322
547 -0.563875 -0.869804
548 -0.516909 -0.869804
549 -0.516909 -0.819812
550 -0.524835 -0.819812
551 -0.524835 -0.778538
552 -0.578244 -0.778538
553 -0.578244 -0.796228
554 -0.612089 -0.796228
555 -0.612089 -0.851418
556 -0.584673 -0.851418
557 -0.584673 -0.876121
558 -0.529737 -0.876121
559 -0.529737 -0.839516
560 -0.515726 -0.839516
561 -0.515726 -0.787218
562 -0.560393 -0.787218
563 -0.560393 -0.785126
564 -0.607415 -0.785126
565 -0.607415 -0.836075
566 -0.596865 -0.836075
567 -0.596865 -0.875081
568 -0.542082 -0.875081
569 -0.542082 -0.851854
570 -0.513731 -0.851854
571 -0.513731 -0.796307
572 -0.548815 -0.796307
573 -0.548815 -0.780897
574 -0.60156 -0.780897
575 -0.60156 -0.826037
576 -0.602393 -0.826037
577 -0.602393 -0.872137
578 -0.550027 -0.872137
579 -0.550027 -0.857702
580 -0.514377 -0.857702
581 -0.514377 -0.801912
582 -0.543554 -0.801912
583 -0.543554 -0.780085
584 -0.598182 -0.780085
585 -0.598182 -0.822063
586 -0.603696 -0.822063
587 -0.603696 -0.870503
588 -0.55234 -0.870503
589 -0.55234 -0.85855
590 -0.515067 -0.85855
591 -0.515067 -0.802613
592 -0.54391 -0.802613
593 -0.54391 -0.780827
594 -0.598592 -0.780827
595 -0.598592 -0.824002
596 -0.601894 -0.824002
597 -0.601894 -0.871115
598 -0.548945 -0.871115
599 -0.548945 -0.8549
600 -0.515421 -0.8549
601 -0.515421 -0.798456
602 -0.549743 -0.798456
603 -0.549743 -0.783335
604 -0.602299 -0.783335
605 -0.602299 -0.831704
606 -0.596331 -0.831704
607 -0.596331 -0.872838
608 -0.540425 -0.872838
609 -0.540425 -0.845991
610 -0.517219 -0.845991
611 -0.517219 -0.790833
612 -0.561417 -0.790833
613 -0.561417 -0.789772
614 -0.606914 -0.789772
615 -0.606914 -0.844583
616 -0.584995 -0.844583
617 -0.584995 -0.872389
618 -0.528763 -0.872389
619 -0.528763 -0.830692
620 -0.524152 -0.830692
621 -0.524152 -0.783277
622 -0.578429 -0.783277
623 -0.578429 -0.803384
624 -0.607654 -0.803384
625 -0.607654 -0.859963
626 -0.566155 -0.859963
627 -0.566155 -0.864585
628 -0.518859 -0.864585
629 -0.518859 -0.809804
630 -0.540478 -0.809804
631 -0.540478 -0.782263
632 -0.596854 -0.782263
633 -0.596854 -0.825981
634 -0.597883 -0.825981
635 -0.597883 -0.871004
636 -0.541733 -0.871004
637 -0.541733 -0.844604
638 -0.519217 -0.844604
639 -0.519217 -0.789473
640 -0.567158 -0.789473
641 -0.567158 -0.795706
642 -0.607107 -0.795706
643 -0.607107 -0.853235
644 -0.573075 -0.853235
645 -0.573075 -0.86693
646 -0.521376 -0.86693
647 -0.521376 -0.81383
648 -0.538389 -0.81383
649 -0.538389 -0.782778
650 -0.595706 -0.782778
651 -0.595706 -0.82624
652 -0.596438 -0.82624
653 -0.596438 -0.870654
654 -0.539163 -0.870654
655 -0.539163 -0.840154
656 -0.521844 -0.840154
657 -0.521844 -0.786931
658 -0.57446 -0.786931
659 -0.57446 -0.802951
660 -0.605962 -0.802951
661 -0.605962 -0.860553
662 -0.561314 -0.860553
663 -0.561314 -0.859041
664 -0.51867 -0.859041
665 -0.51867 -0.800899
666 -0.553356 -0.800899
667 -0.553356 -0.788958
668 -0.603971 -0.788958
669 -0.603971 -0.844639
670 -0.580085 -0.844639
671 -0.580085 -0.868312
672 -0.524429 -0.868312
673 -0.524429 -0.817184
674 -0.537592 -0.817184
675 -0.537592 -0.783799
676 -0.595824 -0.783799
677 -0.595824 -0.829144
678 -0.592659 -0.829144
679 -0.592659 -0.870197
680 -0.533744 -0.870197
681 -0.533744 -0.831126
682 -0.528044 -0.831126
683 -0.528044 -0.78428
684 -0.586336 -0.78428
685 -0.586336 -0.817177
686 -0.599559 -0.817177
687 -0.599559 -0.868216
688 -0.542654 -0.868216
689 -0.542654 -0.840954
690 -0.523316 -0.840954
691 -0.523316 -0.787006
692 -0.578534 -0.787006
693 -0.578534 -0.80948
694 -0.602604 -0.80948
695 -0.602604 -0.865362
696 -0.548997 -0.865362
697 -0.548997 -0.846624
698 -0.521512 -0.846624
699 -0.521512 -0.789516
700 -0.573863 -0.789516
701 -0.573863 -0.8057
702 -0.603524 -0.8057
703 -0.603524 -0.863529
704 -0.551878 -0.863529
705 -0.551878 -0.84864
706 -0.521226 -0.84864
707 -0.521226 -0.790469
708 -0.572826 -0.790469
709 -0.572826 -0.805365
710 -0.603304 -0.805365
711 -0.603304 -0.86354
712 -0.551058 -0.86354
713 -0.551058 -0.847316
714 -0.521947 -0.847316
715 -0.521947 -0.789522
716 -0.575482 -0.789522
717 -0.575482 -0.808389
718 -0.601961 -0.808389
719 -0.601961 -0.865281
720 -0.54663 -0.865281
721 -0.54663 -0.842495
722 -0.524155 -0.842495
723 -0.524155 -0.787257
724 -0.581556 -0.787257
725 -0.581556 -0.815134
726 -0.598534 -0.815134
727 -0.598534 -0.867664
728 -0.539134 -0.867664
729 -0.539134 -0.833707
730 -0.529243 -0.833707
731 -0.529243 -0.785309
732 -0.590109 -0.785309
733 -0.590109 -0.82602
734 -0.591294 -0.82602
735 -0.591294 -0.86847
736 -0.530078 -0.86847
737 -0.530078 -0.820809
738 -0.539113 -0.820809
739 -0.539113 -0.786485
740 -0.59888 -0.786485
741 -0.59888 -0.840615
742 -0.578425 -0.840615
743 -0.578425 -0.864391
744 -0.52264 -0.864391
745 -0.52264 -0.805158
746 -0.555111 -0.805158
747 -0.555111 -0.794373
748 -0.603696 -0.794373
749 -0.603696 -0.85627
750 -0.559558 -0.85627
751 -0.559558 -0.851961
752 -0.521893 -0.851961
753 -0.521893 -0.791003
754 -0.57603 -0.791003
755 -0.57603 -0.811684
756 -0.598939 -0.811684
757 -0.598939 -0.867004
758 -0.538095 -0.867004
759 -0.538095 -0.830083
760 -0.533296 -0.830083
761 -0.533296 -0.785868
762 -0.595793 -0.785868
763 -0.595793 -0.836898
764 -0.580418 -0.836898
765 -0.580418 -0.864434
766 -0.522911 -0.864434
767 -0.522911 -0.803872
768 -0.558308 -0.803872
769 -0.558308 -0.797679
770 -0.60323 -0.797679
771 -0.60323 -0.860665
772 -0.551027 -0.860665
773 -0.551027 -0.84305
774 -0.526057 -0.84305
775 -0.526057 -0.786781
776 -0.588304 -0.786781
777 -0.588304 -0.827119
778 -0.587865 -0.827119
779 -0.587865 -0.866775
780 -0.525643 -0.866775
781 -0.525643 -0.809364
782 -0.553097 -0.809364
783 -0.553097 -0.794891
784 -0.603215 -0.794891
785 -0.603215 -0.859004
786 -0.552677 -0.859004
787 -0.552677 -0.84367
788 -0.526273 -0.84367
789 -0.526273 -0.786724
790 -0.58973 -0.786724
791 -0.58973 -0.83004
792 -0.584661 -0.83004
793 -0.584661 -0.865326
794 -0.523627 -0.865326
795 -0.523627 -0.803692
796 -0.560593 -0.803692
797 -0.560593 -0.800907
798 -0.601998 -0.800907
799 -0.601998 -0.864204
800 -0.542254 -0.864204
801 -0.542254 -0.831911
802 -0.534244 -0.831911
803 -0.534244 -0.786769
804 -0.598731 -0.786769
805 -0.598731 -0.845323
806 -0.568947 -0.845323
807 -0.568947 -0.855865
808 -0.522148 -0.855865
809 -0.522148 -0.79078
810 -0.580657 -0.79078
811 -0.580657 -0.820479
812 -0.590993 -0.820479
813 -0.590993 -0.866965
814 -0.525744 -0.866965
815 -0.525744 -0.807225
816 -0.557871 -0.807225
817 -0.557871 -0.799916
818 -0.601941 -0.799916
819 -0.601941 -0.864705
820 -0.539886 -0.864705
821 -0.539886 -0.827724
822 -0.538554 -0.827724
823 -0.538554 -0.788553
824 -0.601697 -0.788553
825 -0.601697 -0.853443
826 -0.557773 -0.853443
827 -0.557773 -0.845769
828 -0.526541 -0.845769
829 -0.526541 -0.786375
830 -0.593784 -0.786375
831 -0.593784 -0.838604
832 -0.574222 -0.838604
833 -0.574222 -0.858282
834 -0.521876 -0.858282
835 -0.521876 -0.790648
836 -0.58248 -0.790648
837 -0.58248 -0.824343
838 -0.586678 -0.824343
839 -0.586678 -0.865074
840 -0.522529 -0.865074
841 -0.522529 -0.798035
842 -0.57114 -0.798035
843 -0.57114 -0.812857
844 -0.594762 -0.812857
845 -0.594762 -0.867552
846 -0.525949 -0.867552
847 -0.525949 -0.805815
848 -0.561717 -0.805815
849 -0.561717 -0.804742
850 -0.599308 -0.804742
851 -0.599308 -0.867573
852 -0.52996 -0.867573
853 -0.52996 -0.812236
854 -0.555018 -0.812236
855 -0.555018 -0.799698
856 -0.601517 -0.799698
857 -0.601517 -0.866765
858 -0.533062 -0.866765
859 -0.533062 -0.816364
860 -0.551196 -0.816364
861 -0.551196 -0.797154
862 -0.60241 -0.797154
863 -0.60241 -0.866237
864 -0.534387 -0.866237
865 -0.534387 -0.817776
866 -0.550202 -0.817776
867 -0.550202 -0.796705
868 -0.602552 -0.796705
869 -0.602552 -0.866515
870 -0.533573 -0.866515
871 -0.533573 -0.816301
872 -0.552066 -0.816301
873 -0.552066 -0.79834
874 -0.60192 -0.79834
875 -0.60192 -0.867523
876 -0.530703 -0.867523
877 -0.530703 -0.811934
878 -0.556989 -0.811934
879 -0.556989 -0.802503
880 -0.599855 -0.802503
881 -0.599855 -0.868516
882 -0.526406 -0.868516
883 -0.526406 -0.804965
884 -0.565188 -0.804965
885 -0.565188 -0.809981
886 -0.595092 -0.809981
887 -0.595092 -0.867987
888 -0.522094 -0.867987
889 -0.522094 -0.796348
890 -0.57647 -0.796348
891 -0.57647 -0.821498
892 -0.586028 -0.821498
893 -0.586028 -0.8637
894 -0.520214 -0.8637
895 -0.520214 -0.788226
896 -0.589498 -0.788226
897 -0.589498 -0.836909
898 -0.571444 -0.836909
899 -0.571444 -0.853168
900 -0.524157 -0.853168
901 -0.524157 -0.78431
902 -0.600952 -0.78431
903 -0.600952 -0.85399
904 -0.551905 -0.85399
905 -0.551905 -0.834993
906 -0.537243 -0.834993
907 -0.537243 -0.789428
908 -0.605236 -0.789428
909 -0.605236 -0.867338
910 -0.531588 -0.867338
911 -0.531588 -0.811209
912 -0.560207 -0.811209
913 -0.560207 -0.807281
914 -0.595998 -0.807281
915 -0.595998 -0.86878
916 -0.519247 -0.86878
917 -0.519247 -0.78967
918 -0.587583 -0.78967
919 -0.587583 -0.836025
920 -0.570718 -0.836025
921 -0.570718 -0.85135
922 -0.525626 -0.85135
923 -0.525626 -0.783525
924 -0.60574 -0.783525
925 -0.60574 -0.863748
926 -0.537438 -0.863748
927 -0.537438 -0.817479
928 -0.554922 -0.817479
929 -0.554922 -0.803657
930 -0.598084 -0.803657
931 -0.598084 -0.870119
932 -0.517495 -0.870119
933 -0.517495 -0.786363
934 -0.593195 -0.786363
935 -0.593195 -0.844014
936 -0.561087 -0.844014
937 -0.561087 -0.841559
938 -0.53358 -0.841559
939 -0.53358 -0.787501
940 -0.607595 -0.787501
941 -0.607595 -0.87259
942 -0.521471 -0.87259
943 -0.521471 -0.795423
944 -0.580885 -0.795423
945 -0.580885 -0.830429
946 -0.574138 -0.830429
947 -0.574138 -0.852669
948 -0.525268 -0.852669
949 -0.525268 -0.782252
950 -0.61005 -0.782252
951 -0.61005 -0.87292
952 -0.52238 -0.87292
953 -0.52238 -0.796666
954 -0.580052 -0.796666
955 -0.580052 -0.830448
956 -0.573198 -0.830448
957 -0.573198 -0.851127
958 -0.526765 -0.851127
959 -0.526765 -0.782841
960 -0.611306 -0.782841
961 -0.611306 -0.876872
962 -0.515118 -0.876872
963 -0.515118 -0.785838
964 -0.594262 -0.785838
965 -0.594262 -0.847393
966 -0.554605 -0.847393
967 -0.554605 -0.83233
968 -0.544079 -0.83233
969 -0.544079 -0.79689
970 -0.602237 -0.79689
971 -0.602237 -0.874276
972 -0.510111 -0.874276
973 -0.510111 -0.77257
974 -0.615906 -0.77257
975 -0.615906 -0.876951
976 -0.518156 -0.876951
977 -0.518156 -0.790526
978 -0.589282 -0.790526
979 -0.589282 -0.843223
980 -0.557228 -0.843223
981 -0.557228 -0.833092
982 -0.545048 -0.833092
983 -0.545048 -0.799042
984 -0.599812 -0.799042
985 -0.599812 -0.872767
986 -0.509338 -0.872767
987 -0.509338 -0.768077
988 -0.625522 -0.768077
989 -0.625522 -0.892966
990 -0.494675 -0.892966
991 -0.494675 -0.758778
992 -0.629788 -0.758778
993 -0.629788 -0.892656
994 -0.499021 -0.892656
995 -0.499021 -0.766568
996 -0.619168 -0.766568
997 -0.619168 -0.879814
998 -0.513504 -0.879814
999 -0.513504 -0.782153
1000 -0.602965 -0.782153
1001 -0.602965 -0.863415
1002 -0.52974 -0.863415
1003 -0.52974 -0.797933
1004 -0.587871 -0.797933
1005 -0.587871 -0.849179
1006 -0.542999 -0.849179
1007 -0.542999 -0.810141
1008 -0.576748 -0.810141
1009 -0.576748 -0.839142
1010 -0.551973 -0.839142
1011 -0.551973 -0.818099
1012 -0.569749 -0.818099
1013 -0.569749 -0.833033
1014 -0.557268 -0.833033
1015 -0.557268 -0.822655
1016 -0.565854 -0.822655
1017 -0.565854 -0.829724
1018 -0.560062 -0.829724
1019 -0.560062 -0.825001
1020 -0.563896 -0.825001
1021 -0.563896 -0.828099
1022 -0.561403 -0.828099
1023 -0.561403 -0.826102
1024 -0.562996 -0.826102
1025 -0.562996 -0.827367
1026 -0.561995 -0.827367
1027 -0.561995 -0.826579
1028 -0.562614 -0.826579
1029 -0.562614 -0.827062
1030 -0.562238 -0.827062
1031 -0.562238 -0.82677
1032 -0.562463 -0.82677
1033 -0.562463 -0.826944
1034 -0.56233 -0.826944
1035 -0.56233 -0.826842
1036 -0.562407 -0.826842
1037 -0.562407 -0.826901
1038 -0.562363 -0.826901
1039 -0.562363 -0.826867
1040 -0.562388 -0.826867
1041 -0.562388 -0.826886
1042 -0.562374 -0.826886
1043 -0.562374 -0.826876
1044 -0.562382 -0.826876
1045 -0.562382 -0.826882
1046 -0.562378 -0.826882
1047 -0.562378 -0.826878
1048 -0.56238 -0.826878
1049 -0.56238 -0.82688
1050 -0.562379 -0.82688
1051 -0.562379 -0.826879
1052 -0.562379 -0.826879
1053 -0.562379 -0.82688
1054 -0.562379 -0.82688
1055 -0.562379 -0.826879
1056 -0.562379 -0.826879
1057 -0.562379 -0.82688
1058 -0.562379 -0.82688
1059 -0.562379 -0.82688
1060 -0.562379 -0.82688
1061 -0.562379 -0.82688
1062 -0.562379 -0.82688
1063 -0.562379 -0.82688
1064 -0.562379 -0.82688
1065 -0.562379 -0.82688
1066 -0.562379 -0.82688
1067 -0.562379 -0.82688
1068 -0.562379 -0.82688
1069 -0.562379 -0.82688
1070 -0.562379 -0.82688
1071 -0.562379 -0.82688
1072 -0.562379 -0.82688
1073 -0.562379 -0.82688
1074 -0.562379 -0.82688
1075 -0.562379 -0.82688
1076 -0.562379 -0.82688
1077 -0.562379 -0.82688
1078 -0.562379 -0.82688
1079 -0.562379 -0.82688
1080 -0.562379 -0.82688
1081 -0.562379 -0.82688
1082 -0.562379 -0.82688
1083 -0.562379 -0.82688
1084 -0.562379 -0.82688
1085 -0.562379 -0.82688
1086 -0.562379 -0.82688
1087 -0.562379 -0.82688
1088 -0.562379 -0.82688
1089 -0.562379 -0.82688
1090 -0.562379 -0.82688
1091 -0.562379 -0.82688
1092 -0.562379 -0.82688
1093 -0.562379 -0.82688
1094 -0.562379 -0.82688
1095 -0.562379 -0.82688
1096 -0.562379 -0.82688
1097 -0.562379 -0.82688
1098 -0.562379 -0.82688
1099 -0.562379 -0.82688
1100 -0.562379 -0.82688
