0 0.0569007 0.130176
1 0.0342855 0.140967
2 -0.0412928 0.016301
3 -0.0912759 0.0595124
4 -0.190691 -0.0113997
5 -0.152302 -0.132432
6 -0.167406 -0.131152
7 -0.225172 -0.222753
8 -0.162737 -0.357343
9 -0.40158 -0.297155
10 -0.336689 -0.259681
11 -0.32318 -0.227644
12 -0.319622 -0.25187
13 -0.321554 -0.249245
14 -0.322157 -0.248951
15 -0.321936 -0.248939
16 -0.321949 -0.248948
17 -0.321949 -0.248949
18 -0.321949 -0.248949
19 -0.321949 -0.248949
20 -0.321949 -0.248949
21 -0.321949 -0.248949
22 -0.321949 -0.248949
23 -0.321949 -0.248949
24 -0.321949 -0.248949
25 -0.321949 -0.248949
26 -0.321949 -0.248949
27 -0.321949 -0.248949
28 -0.321949 -0.248949
29 -0.321949 -0.248949
30 -0.321949 -0.248949
31 -0.321949 -0.248949
32 -0.321949 -0.248949
33 -0.321949 -0.248949
34 -0.321949 -0.248949
35 -0.321949 -0.248949
36 -0.321949 -0.248949
37 -0.321949 -0.248949
38 -0.321949 -0.248949
39 -0.321949 -0.248949
40 -0.321949 -0.248949
41 -0.321949 -0.248949
42 -0.321949 -0.248949
43 -0.321949 -0.248949
44 -0.321949 -0.248949
45 -0.321949 -0.248949
46 -0.321949 -0.248949
47 -0.321949 -0.248949
48 -0.321949 -0.248949
49 -0.321949 -0.248949
50 -0.321949 -0.248949
