0 -0.0247867 -8.67362e-19
1 -0.0247867 0.00292226
2 0.0153037 0.00292226
3 0.0153037 -0.00488867
4 8.44444e-06 -0.00488867
5 8.44444e-06 0.00516214
6 -0.0152558 0.00516214
7 -0.0152558 -0.00344869
8 0.0245859 -0.00344869
9 0.0245859 8.38479e-05
10 -0.0244553 8.38479e-05
11 -0.0244553 0.00391947
12 0.0149989 0.00391947
13 0.0149989 -0.00706923
14 3.78758e-05 -0.00706923
15 3.78758e-05 0.00786917
16 -0.0147847 0.00786917
17 -0.0147847 -0.00545804
18 0.0235682 -0.00545804
19 0.0235682 0.000159886
20 -0.0231478 0.000159886
21 -0.0231478 0.00635525
22 0.013965 0.00635525
23 0.013965 -0.0114974
24 0.000102875 -0.0114974
25 0.000102875 0.0127229
26 -0.013385 0.0127229
27 -0.013385 -0.00870794
28 0.0207695 -0.00870794
29 0.0207695 0.000208488
30 -0.0197743 0.000208488
31 -0.0197743 0.00987663
32 0.011457 0.00987663
33 0.011457 -0.0174337
34 0.000216206 -0.0174337
35 0.000216206 0.0187973
36 -0.0102409 0.0187973
37 -0.0102409 -0.0124853
38 0.0148212 -0.0124853
39 0.0148212 0.000191101
40 -0.0129575 0.000191101
41 -0.0129575 0.0135543
42 0.00664716 0.0135543
43 0.00664716 -0.0230778
44 0.000362157 -0.0230778
45 0.000362157 0.0239917
46 -0.00461377 0.0239917
47 -0.00461377 -0.0152868
48 0.00472119 -0.0152868
49 0.00472119 5.85728e-05
50 -0.00195091 5.85728e-05
51 -0.00195091 0.0156101
52 -0.00070594 0.0156101
53 -0.00070594 -0.0252338
54 0.00047223 -0.0252338
55 0.00047223 0.0248403
56 0.00335251 0.0248403
57 0.00335251 -0.014826
58 -0.00871012 -0.014826
59 -0.00871012 -0.000209273
60 0.0117816 -0.000209273
61 0.0117816 0.0136475
62 -0.00922242 0.0136475
63 -0.00922242 -0.0200256
64 0.000421006 -0.0200256
65 0.000421006 0.0176022
66 0.011576 0.0176022
67 0.011576 -0.00898435
68 -0.0211908 -0.00898435
69 -0.0211908 -0.000531334
70 0.0230861 -0.000531334
71 0.0230861 0.00600615
72 -0.015165 0.00600615
73 -0.015165 -0.00560104
74 9.29169e-05 -0.00560104
75 9.29169e-05 0.00143863
76 0.0156772 0.00143863
77 0.0156772 0.00194503
78 -0.025045 0.00194503
79 -0.025045 -0.000674893
80 0.0239508 -0.000674893
81 0.0239508 -0.0057173
82 -0.013549 -0.0057173
83 -0.013549 0.0136339
84 -0.000452341 0.0136339
85 -0.000452341 -0.0174056
86 0.0110137 -0.0174056
87 0.0110137 0.012869
88 -0.013737 0.012869
89 -0.013737 -0.000358744
90 0.00923712 -0.000358744
91 0.00923712 -0.0148644
92 -0.00243767 -0.0148644
93 -0.00243767 0.0252601
94 -0.000828969 0.0252601
95 -0.000828969 -0.0253152
96 -0.00218971 -0.0253152
97 -0.00218971 0.0149171
98 0.00917783 0.0149171
99 0.00917783 0.000400733
100 -0.0141744 0.000400733
101 -0.0141744 -0.0126724
102 0.0116316 -0.0126724
103 0.0116316 0.016289
104 -0.000504288 0.016289
105 -0.000504288 -0.0113406
106 -0.0144331 -0.0113406
107 -0.0144331 0.00328142
108 0.0251621 0.00328142
109 0.0251621 0.000963113
110 -0.0254158 0.000963113
111 -0.0254158 0.00208328
112 0.0148516 0.00208328
113 0.0148516 -0.00986923
114 0.000502608 -0.00986923
115 0.000502608 0.0154919
116 -0.0120438 0.0154919
117 -0.0120438 -0.0126462
118 0.0142189 -0.0126462
119 0.0142189 0.000469016
120 -0.00814248 0.000469016
121 -0.00814248 0.0152426
122 0.000588188 0.0152426
123 0.000588188 -0.0255655
124 0.00108785 -0.0255655
125 0.00108785 0.0244751
126 0.00545336 0.0244751
127 0.00545336 -0.0131285
128 -0.015527 -0.0131285
129 -0.015527 -0.000816696
130 0.0206853 -0.000816696
131 0.0206853 0.00858561
132 -0.0150603 0.00858561
133 -0.0150603 -0.00659309
134 0.000135482 -0.00659309
135 0.000135482 -0.00101001
136 0.0157971 -0.00101001
137 0.0157971 0.00562592
138 -0.0233874 0.00562592
139 -0.0233874 -0.00103971
140 0.0190507 -0.00103971
141 0.0190507 -0.0113773
142 -0.00765031 -0.0113773
143 -0.00765031 0.0232699
144 -0.00123636 0.0232699
145 -0.00123636 -0.0255341
146 0.000804026 -0.0255341
147 0.000804026 0.015509
148 0.00752891 0.015509
149 0.00752891 0.000592255
150 -0.0151684 0.000592255
151 -0.0151684 -0.0122203
152 0.0133243 -0.0122203
153 0.0133243 0.0126617
154 -0.000467189 0.0126617
155 -0.000467189 -0.00434804
156 -0.0158882 -0.00434804
157 -0.0158882 -0.00318316
158 0.0248502 -0.00318316
159 0.0248502 0.00128906
160 -0.0209029 0.00128906
161 -0.0209029 0.0102856
162 0.00852799 0.0102856
163 0.00852799 -0.0228033
164 0.00140664 -0.0228033
165 0.00140664 0.0256557
166 -0.000773089 0.0256557
167 -0.000773089 -0.015443
168 -0.00879346 -0.015443
169 -0.00879346 -0.000774067
170 0.0171651 -0.000774067
171 0.0171651 0.0111676
172 -0.014528 0.0111676
173 -0.014528 -0.00919361
174 0.000268626 -0.00919361
175 0.000268626 -0.000689036
176 0.015985 -0.000689036
177 0.015985 0.00691404
178 -0.0224696 0.00691404
179 -0.0224696 -0.00121913
180 0.0156406 -0.00121913
181 0.0156406 -0.0135919
182 -0.00346515 -0.0135919
183 -0.00346515 0.0257549
184 -0.00166809 0.0257549
185 -0.00166809 -0.0250205
186 -0.0056765 -0.0250205
187 -0.0056765 0.0121539
188 0.0187209 0.0121539
189 0.0187209 0.00145844
190 -0.0245189 0.00145844
191 -0.0245189 -0.00415947
192 0.0160812 -0.00415947
193 0.0160812 -0.00504203
194 0.000703465 -0.00504203
195 0.000703465 0.0153571
196 -0.0122159 0.0153571
197 -0.0122159 -0.0144048
198 0.00988116 -0.0144048
199 0.00988116 0.000305563
200 0.0015141 0.000305563
201 0.0015141 0.0160502
202 -0.00828724 0.0160502
203 -0.00828724 -0.0212101
204 0.00123479 -0.0212101
205 0.00123479 0.0122741
206 0.0149992 0.0122741
207 0.0149992 3.15043e-05
208 -0.0261048 3.15043e-05
209 -0.0261048 -0.00182359
210 0.0221931 -0.00182359
211 0.0221931 -0.00994715
212 -0.00790576 -0.00994715
213 -0.00790576 0.0240825
214 -0.00194623 0.0240825
215 -0.00194623 -0.0262346
216 -0.0026727 -0.0262346
217 -0.0026727 0.0136512
218 0.0165397 0.0136512
219 0.0165397 0.00161572
220 -0.0242671 0.00161572
221 -0.0242671 -0.00487133
222 0.0162529 -0.00487133
223 0.0162529 -0.00587891
224 0.000947262 -0.00587891
225 0.000947262 0.017556
226 -0.0110996 0.017556
227 -0.0110996 -0.0156589
228 0.00535988 -0.0156589
229 0.00535988 -0.000105071
230 0.00806747 -0.000105071
231 0.00806747 0.0150639
232 -0.0124703 0.0150639
233 -0.0124703 -0.0151194
234 0.000746926 -0.0151194
235 0.000746926 0.00217192
236 0.0164755 0.00217192
237 0.0164755 0.00761897
238 -0.0221206 0.00761897
239 -0.0221206 -0.001479
240 0.0115137 -0.001479
241 0.0115137 -0.0155659
242 0.00207913 -0.0155659
243 0.00207913 0.0258804
244 -0.00201107 0.0258804
245 -0.00201107 -0.0188907
246 -0.0128804 -0.0188907
247 -0.0128804 0.00332931
248 0.0265526 0.00332931
249 0.0265526 0.00231281
250 -0.0238275 0.00231281
251 -0.0238275 0.00908047
252 0.00803648 0.00908047
253 0.00803648 -0.0246969
254 0.00239385 -0.0246969
255 0.00239385 0.0263303
256 0.00479304 0.0263303
257 0.00479304 -0.0117357
258 -0.021054 -0.0117357
259 -0.021054 -0.00229007
260 0.0267282 -0.00229007
261 0.0267282 -0.000522549
262 -0.0143439 -0.000522549
263 -0.0143439 0.0163718
264 -0.00205011 0.0163718
265 -0.00205011 -0.0255166
266 0.00338329 -0.0255166
267 0.00338329 0.0159395
268 0.011296 0.0159395
269 0.011296 0.00172466
270 -0.0232327 0.00172466
271 -0.0232327 -0.00672837
272 0.0166962 -0.00672837
273 0.0166962 -0.00631936
274 0.00135945 -0.00631936
275 0.00135945 0.0203728
276 -0.00944075 0.0203728
277 -0.00944075 -0.0168296
278 -0.00177557 -0.0168296
279 -0.00177557 -0.000991659
280 0.0173487 -0.000991659
281 0.0173487 0.0115368
282 -0.0165567 0.0115368
283 -0.0165567 -0.00214049
284 -0.000649091 -0.00214049
285 -0.000649091 -0.0144741
286 0.0130861 -0.0144741
287 0.0130861 0.0160727
288 -0.0053393 0.0160727
289 -0.0053393 0.000351061
290 -0.0119707 0.000351061
291 -0.0119707 -0.014182
292 0.0155382 -0.014182
293 0.0155382 0.00780087
294 0.00011026 0.00780087
295 0.00011026 0.00998497
296 -0.0149195 0.00998497
297 -0.0149195 -0.0150763
298 0.00954255 -0.0150763
299 0.00954255 6.5096e-05
300 0.0086069 6.5096e-05
301 0.0086069 0.01538
302 -0.0147732 0.01538
303 -0.0147732 -0.0105933
304 0.00016925 -0.0105933
305 0.00016925 -0.00788835
306 0.0156216 -0.00788835
307 0.0156216 0.0146816
308 -0.0109752 0.0146816
309 -0.0109752 -0.000197314
310 -0.00785603 -0.000197314
311 -0.00785603 -0.0156739
312 0.0148228 -0.0156739
313 0.0148228 0.0106927
314 -0.000144267 0.0106927
315 -0.000144267 0.00851867
316 -0.0155346 0.00851867
317 -0.0155346 -0.0151873
318 0.00972821 -0.0151873
319 0.00972821 4.68423e-06
320 0.00986719 4.68423e-06
321 0.00986719 0.0151692
322 -0.0157334 0.0151692
323 -0.0157334 -0.0080452
324 -0.00022668 -0.0080452
325 -0.00022668 -0.0118678
326 0.0145122 -0.0118678
327 0.0145122 0.0163834
328 -0.00559843 0.0163834
329 -0.00559843 0.000553312
330 -0.0144479 0.000553312
331 -0.0144479 -0.0134719
332 0.0170192 -0.0134719
333 0.0170192 0.00235252
334 0.000974258 0.00235252
335 0.000974258 0.0174766
336 -0.0119393 0.0174766
337 -0.0119393 -0.0174782
338 -0.00169062 -0.0174782
339 -0.00169062 -0.00148033
340 0.0207414 -0.00148033
341 0.0207414 0.00980385
342 -0.0175544 0.00980385
343 -0.0175544 0.00645581
344 -0.0020494 0.00645581
345 -0.0020494 -0.0239263
346 0.00697745 -0.0239263
347 0.00697745 0.0170071
348 0.0117526 0.0170071
349 0.0117526 0.00264141
350 -0.0265987 0.00264141
351 -0.0265987 -0.00342843
352 0.0155837 -0.00342843
353 0.0155837 -0.0172338
354 0.00319432 -0.0172338
355 0.00319432 0.0282163
356 0.000776787 0.0282163
357 0.000776787 -0.01306
358 -0.0223653 -0.01306
359 -0.0223653 -0.0036229
360 0.0281669 -0.0036229
361 0.0281669 -0.00542885
362 -0.00930086 -0.00542885
363 -0.00930086 0.0264258
364 -0.00382299 0.0264258
365 -0.00382299 -0.0258538
366 -0.0101385 -0.0258538
367 -0.0101385 0.00433829
368 0.0285567 0.00433829
369 0.0285567 0.0036842
370 -0.0208353 0.0036842
371 -0.0208353 0.0143247
372 -0.00154638 0.0143247
373 -0.00154638 -0.0278834
374 0.00311298 -0.0278834
375 0.00311298 0.0130103
376 0.01725 0.0130103
377 0.01725 0.00775899
378 -0.0237207 0.00775899
379 -0.0237207 -0.00206613
380 0.00282144 -0.00206613
381 0.00282144 -0.0181248
382 0.0133844 -0.0181248
383 0.0133844 0.0158472
384 -0.000589994 0.0158472
385 -0.000589994 0.00858614
386 -0.0162921 0.00858614
387 -0.0162921 -0.0172755
388 0.00479968 -0.0172755
389 0.00479968 -0.00114548
390 0.0193386 -0.00114548
391 0.0193386 0.0114801
392 -0.0182721 0.0114801
393 -0.0182721 0.00791263
394 -0.00283502 0.00791263
395 -0.00283502 -0.0270425
396 0.00406866 -0.0270425
397 0.00406866 0.0155515
398 0.0198142 0.0155515
399 0.0198142 0.00406936
400 -0.0292995 0.00406936
401 -0.0292995 0.00472884
402 0.00904963 0.00472884
403 0.00904963 -0.0278304
404 0.0044254 -0.0278304
405 0.0044254 0.0245062
406 0.0129012 0.0245062
407 0.0129012 0.000183268
408 -0.0290877 0.000183268
409 -0.0290877 -0.00361347
410 0.0127631 -0.00361347
411 0.0127631 -0.0180149
412 0.00989743 -0.0180149
413 0.00989743 0.0220499
414 -0.0016486 0.0220499
415 -0.0016486 0.0034642
416 -0.0179616 0.0034642
417 -0.0179616 -0.0170326
418 0.00765199 -0.0170326
419 0.00765199 -0.00102452
420 0.0194031 -0.00102452
421 0.0194031 0.0119333
422 -0.0186678 0.0119333
423 -0.0186678 0.0101411
424 -0.00354687 0.0101411
425 -0.00354687 -0.0291382
426 0.00125678 -0.0291382
427 0.00125678 0.0133542
428 0.0249692 0.0133542
429 0.0249692 0.00487666
430 -0.0278794 0.00487666
431 -0.0278794 0.0104438
432 0.00231234 0.0104438
433 0.00231234 -0.0302168
434 0.00422998 -0.0302168
435 0.00422998 0.014656
436 0.0182115 0.014656
437 0.0182115 0.0102718
438 -0.0222244 0.0102718
439 -0.0222244 -0.00158349
440 -0.00592697 -0.00158349
441 -0.00592697 -0.0178706
442 0.0184968 -0.0178706
443 0.0184968 0.00317898
444 0.00204414 0.00317898
445 0.00204414 0.0244392
446 -0.00856146 0.0244392
447 -0.00856146 -0.0175278
448 -0.0183142 -0.0175278
449 -0.0183142 -0.0048356
450 0.0306242 -0.0048356
451 0.0306242 -0.00575391
452 -0.00679919 -0.00575391
453 -0.00679919 0.030481
454 -0.00504422 0.030481
455 -0.00504422 -0.0194645
456 -0.0173342 -0.0194645
457 -0.0173342 -0.00840189
458 0.0249527 -0.00840189
459 0.0249527 0.00216793
460 0.00408307 0.00216793
461 0.00408307 0.0186709
462 -0.0188684 0.0186709
463 -0.0188684 -0.00332729
464 -0.00232093 -0.00332729
465 -0.00232093 -0.0258292
466 0.00775978 -0.0258292
467 0.00775978 0.0169722
468 0.0213447 0.0169722
469 0.0213447 0.00548043
470 -0.0303298 0.00548043
471 -0.0303298 0.0089988
472 0.00279875 0.0089988
473 0.00279875 -0.0314858
474 0.00477346 -0.0314858
475 0.00477346 0.0124979
476 0.0196603 0.0124979
477 0.0196603 0.0140178
478 -0.0178639 0.0140178
479 -0.0178639 -0.000265055
480 -0.0157606 -0.000265055
481 -0.0157606 -0.0151719
482 0.0200814 -0.0151719
483 0.0200814 -0.0106969
484 0.00473982 -0.0106969
485 0.00473982 0.0318294
486 0.00214536 0.0318294
487 0.00214536 -0.00917732
488 -0.0310028 -0.00917732
489 -0.0310028 -0.00587174
490 0.0204323 -0.00587174
491 0.0204323 -0.0181426
492 0.0103677 -0.0181426
493 0.0103677 0.0238866
494 -0.0016169 0.0238866
495 -0.0016169 0.0102533
496 -0.0177723 0.0102533
497 -0.0177723 -0.0206742
498 -0.00621882 -0.0206742
499 -0.00621882 -0.00446556
500 0.0318476 -0.00446556
501 0.0318476 -2.0111e-05
502 -0.0106104 -2.0111e-05
503 -0.0106104 0.0309694
504 -0.00630084 0.0309694
505 -0.00630084 -0.0213933
506 -0.0183341 -0.0213933
507 -0.0183341 -0.0109124
508 0.023797 -0.0109124
509 0.023797 0.00143432
510 0.0123943 0.00143432
511 0.0123943 0.0173752
512 -0.0210326 0.0173752
513 -0.0210326 0.00987057
514 -0.00532364 0.00987057
515 -0.00532364 -0.0331118
516 -0.00329546 -0.0331118
517 -0.00329546 0.00714143
518 0.0330166 0.00714143
519 0.0330166 0.00613533
520 -0.0152471 0.00613533
521 -0.0152471 0.0206401
522 -0.0157698 0.0206401
523 -0.0157698 -0.0167881
524 -0.000616231 -0.0167881
525 -0.000616231 -0.0219162
526 0.0128735 -0.0219162
527 0.0128735 0.0193854
528 0.021089 0.0193854
529 0.021089 0.00692336
530 -0.0317331 0.00692336
531 -0.0317331 0.0117636
532 -0.00245665 0.0117636
533 -0.00245665 -0.0320584
534 0.00420399 -0.0320584
535 0.00420399 -0.000911428
536 0.0211633 -0.000911428
537 0.0211633 0.021487
538 0.00081918 0.021487
539 0.00081918 0.00457024
540 -0.033048 0.00457024
541 -0.033048 -0.00104377
542 0.010254 -0.00104377
543 0.010254 -0.0332855
544 0.00708846 -0.0332855
545 0.00708846 0.0177129
546 0.0211006 0.0177129
547 0.0211006 0.0165136
548 -0.0168957 0.0165136
549 -0.0168957 0.00106508
550 -0.0248213 0.00106508
551 -0.0248213 -0.0116894
552 0.0183881 -0.0116894
553 0.0183881 -0.026001
554 0.00792962 -0.026001
555 0.00792962 0.0291888
556 0.0164017 0.0291888
557 0.0164017 0.00920372
558 -0.0280419 0.00920372
559 -0.0280419 -0.00210782
560 -0.0140309 -0.00210782
561 -0.0140309 -0.0182686
562 0.0221051 -0.0182686
563 0.0221051 -0.016576
564 0.00757442 -0.016576
565 0.00757442 0.034373
566 0.0108346 0.034373
567 0.0108346 0.00281622
568 -0.033486 0.00281622
569 -0.033486 -0.00436145
570 -0.00513557 -0.00436145
571 -0.00513557 -0.0215264
572 0.0232481 -0.0215264
573 0.0232481 -0.00905891
574 0.00694908 -0.00905891
575 0.00694908 0.0360814
576 0.00669155 0.0360814
577 0.00669155 -0.00121457
578 -0.0356738 -0.00121457
579 -0.0356738 -0.00567531
580 -2.33647e-05 -0.00567531
581 -2.33647e-05 -0.0229153
582 0.0235815 -0.0229153
583 0.0235815 -0.00525653
584 0.00670054 -0.00525653
585 0.00670054 0.0367216
586 0.00499674 0.0367216
587 0.00499674 -0.00246728
588 -0.0365503 -0.00246728
589 -0.0365503 -0.00616109
590 0.000723534 -0.00616109
591 0.000723534 -0.0234464
592 0.0240582 -0.0234464
593 0.0240582 -0.00582099
594 0.00716059 -0.00582099
595 0.00716059 0.0373546
596 0.00613998 0.0373546
597 0.00613998 -0.00076018
598 -0.0366971 -0.00076018
599 -0.0366971 -0.00577095
600 -0.00317334 -0.00577095
601 -0.00317334 -0.023213
602 0.0245934 -0.023213
603 0.0245934 -0.0109802
604 0.0083524 -0.0109802
605 0.0083524 0.037388
606 0.0101968 0.037388
607 0.0101968 0.00410969
608 -0.0350318 0.00410969
609 -0.0350318 -0.00418648
610 -0.0118258 -0.00418648
611 -0.0118258 -0.0212313
612 0.0239307 -0.0212313
613 0.0239307 -0.0203733
614 0.00987111 -0.0203733
615 0.00987111 0.0344374
616 0.0166445 0.0344374
617 0.0166445 0.0119418
618 -0.0288481 0.0119418
619 -0.0288481 -0.000943176
620 -0.0242366 -0.000943176
621 -0.0242366 -0.0155952
622 0.0196751 -0.0155952
623 0.0196751 -0.0318619
624 0.0106441 -0.0318619
625 0.0106441 0.0247175
626 0.0234681 0.0247175
627 0.0234681 0.020978
628 -0.0147948 0.020978
629 -0.0147948 0.00404978
630 -0.0364137 0.00404978
631 -0.0364137 -0.0044609
632 0.00919528 -0.0044609
633 0.00919528 -0.0398295
634 0.00887733 -0.0398295
635 0.00887733 0.00519316
636 0.0262286 0.00519316
637 0.0262286 0.0265512
638 0.00801251 0.0265512
639 0.00801251 0.00951483
640 -0.0399283 0.00951483
641 -0.0399283 0.0114411
642 -0.00760846 0.0114411
643 -0.00760846 -0.0351005
644 0.00290809 -0.0351005
645 0.00290809 -0.0214055
646 0.0188839 -0.0214055
647 0.0188839 0.0215532
648 0.0326473 0.0215532
649 0.0326473 0.0119577
650 -0.0246704 0.0119577
651 -0.0246704 0.0253879
652 -0.0240788 0.0253879
653 -0.0240788 -0.0105443
654 -0.00638008 -0.0105443
655 -0.00638008 -0.0410445
656 -0.00102817 -0.0410445
657 -0.00102817 0.0020137
658 0.0415388 0.0020137
659 0.0415388 0.00696397
660 0.0100367 0.00696397
661 0.0100367 0.024764
662 -0.0260843 0.024764
663 -0.0260843 0.0259871
664 -0.0129067 0.0259871
665 -0.0129067 -0.0321552
666 -0.0236252 -0.0321552
667 -0.0236252 -0.0224948
668 0.017323 -0.0224948
669 0.017323 -0.00528859
670 0.0412088 -0.00528859
671 0.0412088 0.00202696
672 -0.00381768 0.00202696
673 -0.00381768 0.0433902
674 -0.00788501 0.0433902
675 -0.00788501 0.010005
676 -0.0258797 0.010005
677 -0.0258797 -0.0266796
678 -0.0284399 -0.0266796
679 -0.0284399 -0.0139933
680 0.0304753 -0.0139933
681 0.0304753 -0.026067
682 0.0258637 -0.026067
683 0.0258637 0.0118325
684 0.00785055 0.0118325
685 0.00785055 0.0447294
686 0.00376439 0.0447294
687 0.00376439 0.00343799
688 -0.0422723 0.00343799
689 -0.0422723 -0.0049863
690 -0.0229343 -0.0049863
691 -0.0229343 -0.0216572
692 0.0217382 -0.0216572
693 0.0217382 -0.0398389
694 0.0143003 -0.0398389
695 0.0143003 0.0160432
696 0.0308658 0.0160432
697 0.0308658 0.031203
698 0.00862972 0.031203
699 0.00862972 0.0135557
700 -0.043722 0.0135557
701 -0.043722 0.018557
702 -0.0197256 0.018557
703 -0.0197256 -0.0282275
704 -0.00376613 -0.0282275
705 -0.00376613 -0.0431163
706 0.00570608 -0.0431163
707 0.00570608 0.00394461
708 0.0474516 0.00394461
709 0.0474516 0.00854761
710 0.0169733 0.00854761
711 0.0169733 0.0265246
712 -0.0252949 0.0265246
713 -0.0252949 0.03965
714 -0.0162991 0.03965
715 -0.0162991 -0.0181445
716 -0.0328423 -0.0181445
717 -0.0328423 -0.0334088
718 -0.0114206 -0.0334088
719 -0.0114206 -0.0158284
720 0.0439103 -0.0158284
721 0.0439103 -0.0228694
722 0.0257279 -0.0228694
723 0.0257279 0.0218195
724 0.00799023 0.0218195
725 0.00799023 0.0496966
726 0.00274358 0.0496966
727 0.00274358 0.00719899
728 -0.045312 0.00719899
729 -0.045312 -0.00329412
730 -0.0354205 -0.00329412
731 -0.0354205 -0.0182499
732 0.0138214 -0.0182499
733 0.0138214 -0.0511853
734 0.0134553 -0.0511853
735 0.0134553 -0.0087354
736 0.0323722 -0.0087354
737 0.0323722 0.0298228
738 0.0396819 0.0298228
739 0.0396819 0.019216
740 -0.0200849 0.019216
741 -0.0200849 0.0359433
742 -0.036633 0.0359433
743 -0.036633 0.0167082
744 -0.0193943 0.0167082
745 -0.0193943 -0.0425249
746 -0.0294286 -0.0425249
747 -0.0294286 -0.0337994
748 0.00987743 -0.0337994
749 0.00987743 -0.0146719
750 0.0540153 -0.0146719
751 0.0540153 -0.0160035
752 0.0235431 -0.0160035
753 0.0235431 0.0333127
754 0.00681377 0.0333127
755 0.00681377 0.0539937
756 -0.000265535 0.0539937
757 -0.000265535 0.00923928
758 -0.0494899 0.00923928
759 -0.0494899 -0.00216994
760 -0.0446913 -0.00216994
761 -0.0446913 -0.0158331
762 0.00586936 -0.0158331
763 0.00586936 -0.057117
764 0.0106205 -0.057117
765 0.0106205 -0.0295801
766 0.0283909 -0.0295801
767 0.0283909 0.0194162
768 0.0570277 0.0194162
769 0.0570277 0.0175025
770 0.0121059 0.0175025
771 0.0121059 0.0369664
772 -0.0301277 0.0369664
773 -0.0301277 0.0512178
774 -0.0224116 0.0512178
775 -0.0224116 -0.00505103
776 -0.041647 -0.00505103
777 -0.041647 -0.0376855
778 -0.0420021 -0.0376855
779 -0.0420021 -0.0254313
780 0.0202199 -0.0254313
781 0.0202199 -0.0431723
782 0.0424307 -0.0431723
783 0.0424307 -0.0314634
784 0.0269431 -0.0314634
785 0.0269431 0.0326498
786 0.0425605 0.0326498
787 0.0425605 0.0450552
788 0.0211999 0.0450552
789 0.0211999 0.0274581
790 -0.0422568 0.0274581
791 -0.0422568 0.0408436
792 -0.0463581 0.0408436
793 -0.0463581 0.0122965
794 -0.0274978 0.0122965
795 -0.0274978 -0.0493382
796 -0.0389209 -0.0493382
797 -0.0389209 -0.0470851
798 -0.0054234 -0.0470851
799 -0.0054234 -0.027525
800 0.0543211 -0.027525
801 0.0543211 -0.0375043
802 0.0478406 -0.0375043
803 0.0478406 -0.000983669
804 0.0279128 -0.000983669
805 0.0279128 0.0575707
806 0.0371168 0.0575707
807 0.0371168 0.0490425
808 -0.000743917 0.0490425
809 -0.000743917 0.0289302
810 -0.0592529 0.0289302
811 -0.0592529 0.0381079
812 -0.0508908 0.0381079
813 -0.0508908 0.000500198
814 -0.0307276 0.000500198
815 -0.0307276 -0.0592402
816 -0.0406555 -0.0592402
817 -0.0406555 -0.0533276
818 -0.00500265 -0.0533276
819 -0.00500265 -0.0333067
820 0.0570526 -0.0333067
821 0.0570526 -0.0447346
822 0.0559752 -0.0447346
823 0.0559752 -0.0130448
824 0.0364628 -0.0130448
825 0.0364628 0.0518447
826 0.0500362 0.0518447
827 0.0500362 0.0580527
828 0.0247686 0.0580527
829 0.0247686 0.0396988
830 -0.0424748 0.0396988
831 -0.0424748 0.0558387
832 -0.058301 0.0558387
833 -0.058301 0.0399189
834 -0.0421253 0.0399189
835 -0.0421253 -0.0277159
836 -0.0608531 -0.0277159
837 -0.0608531 -0.0549763
838 -0.057457 -0.0549763
839 -0.057457 -0.0423897
840 0.0066921 -0.0423897
841 0.0066921 -0.063106
842 0.0460193 -0.063106
843 0.0460193 -0.075097
844 0.0387198 -0.075097
845 0.0387198 -0.0204019
846 0.0599842 -0.0204019
847 0.0599842 0.0295441
848 0.0889217 0.0295441
849 0.0889217 0.0292125
850 0.0513313 0.0292125
851 0.0513313 0.0486283
852 -0.00477218 0.0486283
853 -0.00477218 0.0933974
854 -0.0125156 0.0933974
855 -0.0125156 0.0808593
856 -0.0268844 0.0808593
857 -0.0268844 0.0266009
858 -0.0822655 0.0266009
859 -0.0822655 0.011026
860 -0.1004 0.011026
861 -0.1004 0.00508986
862 -0.058967 0.00508986
863 -0.058967 -0.0507994
864 -0.0379467 -0.0507994
865 -0.0379467 -0.0992605
866 -0.0428337 -0.0992605
867 -0.0428337 -0.0822143
868 -0.000481324 -0.0822143
869 -0.000481324 -0.0606418
870 0.0684981 -0.0606418
871 0.0684981 -0.0761588
872 0.0834598 -0.0761588
873 0.0834598 -0.0616279
874 0.0680541 -0.0616279
875 0.0680541 0.00755561
876 0.0900614 0.00755561
877 0.0900614 0.0525281
878 0.111327 0.0525281
879 0.111327 0.0496137
880 0.0684617 0.0496137
881 0.0684617 0.0700127
882 0.00904084 0.0700127
883 0.00904084 0.121426
884 -0.00294336 0.121426
885 -0.00294336 0.126442
886 -0.0121842 0.126442
887 -0.0121842 0.0795143
888 -0.0712406 0.0795143
889 -0.0712406 0.0573768
890 -0.125616 0.0573768
891 -0.125616 0.0651485
892 -0.117883 0.0651485
893 -0.117883 0.0310064
894 -0.0975456 0.0310064
895 -0.0975456 -0.0444679
896 -0.118956 -0.0444679
897 -0.118956 -0.0838537
898 -0.133561 -0.0838537
899 -0.133561 -0.0788294
900 -0.0862741 -0.0788294
901 -0.0862741 -0.100108
902 -0.0241453 -0.100108
903 -0.0241453 -0.15648
904 -0.00898882 -0.15648
905 -0.00898882 -0.175478
906 -0.004458 -0.175478
907 -0.004458 -0.138615
908 0.0505496 -0.138615
909 0.0505496 -0.114539
910 0.124197 -0.114539
911 0.124197 -0.131884
912 0.147351 -0.131884
913 0.147351 -0.128706
914 0.13629 -0.128706
915 0.13629 -0.0672074
916 0.160008 -0.0672074
917 0.160008 -0.00320643
918 0.215293 -0.00320643
919 0.215293 0.011118
920 0.232157 0.011118
921 0.232157 0.0158535
922 0.195677 0.0158535
923 0.195677 0.070725
924 0.17092 0.070725
925 0.17092 0.150949
926 0.192027 0.150949
927 0.192027 0.188382
928 0.206171 0.188382
929 0.206171 0.184111
930 0.163008 0.184111
931 0.163008 0.204649
932 0.0978105 0.204649
933 0.0978105 0.272409
934 0.0744179 0.272409
935 0.0744179 0.33006
936 0.0843399 0.33006
937 0.0843399 0.332046
938 0.0620859 0.332046
939 0.0620859 0.315341
940 -0.0119292 0.315341
941 -0.0119292 0.341635
942 -0.0816046 0.341635
943 -0.0816046 0.404065
944 -0.0999644 0.404065
945 -0.0999644 0.439071
946 -0.0978793 0.439071
947 -0.0978793 0.421078
948 -0.137416 0.421078
949 -0.137416 0.399318
950 -0.222197 0.399318
951 -0.222197 0.427336
952 -0.293123 0.427336
953 -0.293123 0.489027
954 -0.310945 0.489027
955 -0.310945 0.52281
956 -0.308827 0.52281
957 -0.308827 0.50608
958 -0.346392 0.50608
959 -0.346392 0.484978
960 -0.430932 0.484978
961 -0.430932 0.514036
962 -0.50875 0.514036
963 -0.50875 0.587683
964 -0.533206 0.587683
965 -0.533206 0.649238
966 -0.520952 0.649238
967 -0.520952 0.661424
968 -0.529467 0.661424
969 -0.529467 0.650472
970 -0.587625 0.650472
971 -0.587625 0.674386
972 -0.662156 0.674386
973 -0.662156 0.756668
974 -0.694848 0.756668
975 -0.694848 0.861049
976 -0.664641 0.861049
977 -0.664641 0.930969
978 -0.607099 0.930969
979 -0.607099 0.947253
980 -0.575044 0.947253
981 -0.575044 0.944123
982 -0.584897 0.944123
983 -0.584897 0.97167
984 -0.60182 0.97167
985 -0.60182 1.04539
986 -0.573862 1.04539
987 -0.573862 1.13009
988 -0.479868 1.13009
989 -0.479868 1.16868
990 -0.349021 1.16868
991 -0.349021 1.12722
992 -0.239712 1.12722
993 -0.239712 1.01891
994 -0.199303 1.01891
995 -0.199303 0.892819
996 -0.23643 0.892819
997 -0.23643 0.801202
998 -0.321914 0.801202
999 -0.321914 0.771023
1000 -0.411376 0.771023
1001 -0.411376 0.796135
1002 -0.470616 0.796135
1003 -0.470616 0.849111
1004 -0.48858 0.849111
1005 -0.48858 0.900356
1006 -0.474714 0.900356
1007 -0.474714 0.931938
1008 -0.44741 0.931938
1009 -0.44741 0.9409
1010 -0.422636 0.9409
1011 -0.422636 0.934397
1012 -0.408255 0.934397
1013 -0.408255 0.922314
1014 -0.404398 0.922314
1015 -0.404398 0.911936
1016 -0.407051 0.911936
1017 -0.407051 0.906218
1018 -0.411737 0.906218
1019 -0.411737 0.904758
1020 -0.415571 0.904758
1021 -0.415571 0.905716
1022 -0.417587 0.905716
1023 -0.417587 0.907331
1024 -0.418079 0.907331
1025 -0.418079 0.908596
1026 -0.41777 0.908596
1027 -0.41777 0.909234
1028 -0.41727 0.909234
1029 -0.41727 0.909383
1030 -0.416893 0.909383
1031 -0.416893 0.909293
1032 -0.416711 0.909293
1033 -0.416711 0.909153
1034 -0.416669 0.909153
1035 -0.416669 0.909051
1036 -0.416693 0.909051
1037 -0.416693 0.909003
1038 -0.416729 0.909003
1039 -0.416729 0.908993
1040 -0.416755 0.908993
1041 -0.416755 0.908999
1042 -0.416766 0.908999
1043 -0.416766 0.909007
1044 -0.416768 0.909007
1045 -0.416768 0.909013
1046 -0.416767 0.909013
1047 -0.416767 0.909015
1048 -0.416765 0.909015
1049 -0.416765 0.909016
1050 -0.416764 0.909016
1051 -0.416764 0.909016
1052 -0.416763 0.909016
1053 -0.416763 0.909015
1054 -0.416763 0.909015
1055 -0.416763 0.909015
1056 -0.416763 0.909015
1057 -0.416763 0.909015
1058 -0.416763 0.909015
1059 -0.416763 0.909015
1060 -0.416764 0.909015
1061 -0.416764 0.909015
1062 -0.416764 0.909015
1063 -0.416764 0.909015
1064 -0.416764 0.909015
1065 -0.416764 0.909015
1066 -0.416764 0.909015
1067 -0.416764 0.909015
1068 -0.416764 0.909015
1069 -0.416764 0.909015
1070 -0.416764 0.909015
1071 -0.416764 0.909015
1072 -0.416764 0.909015
1073 -0.416764 0.909015
1074 -0.416764 0.909015
1075 -0.416764 0.909015
1076 -0.416764 0.909015
1077 -0.416764 0.909015
1078 -0.416764 0.909015
1079 -0.416764 0.909015
1080 -0.416764 0.909015
1081 -0.416764 0.909015
1082 -0.416764 0.909015
1083 -0.416764 0.909015
1084 -0.416764 0.909015
1085 -0.416764 0.909015
1086 -0.416764 0.909015
1087 -0.416764 0.909015
1088 -0.416764 0.909015
1089 -0.416764 0.909015
1090 -0.416764 0.909015
1091 -0.416764 0.909015
1092 -0.416764 0.909015
1093 -0.416764 0.909015
1094 -0.416764 0.909015
1095 -0.416764 0.909015
1096 -0.416764 0.909015
1097 -0.416764 0.909015
1098 -0.416764 0.909015
1099 -0.416764 0.909015
1100 -0.416764 0.909015
