-2 -2 0.309594 0.215308 0.297623 0.228989 0.0482048
-2 -1.9 0.3846 0.0820683 0.379058 0.0982807 0.0435676
-2 -1.8 0.406853 -0.0651325 0.407044 -0.0491051 0.0389011
-2 -1.7 0.380425 -0.206993 0.384865 -0.192697 0.0345639
-2 -1.6 0.315591 -0.329209 0.32282 -0.317084 0.0309549
-2 -1.5 0.22637 -0.424179 0.235445 -0.414063 0.0282645
-2 -1.4 0.127218 -0.491847 0.137579 -0.483597 0.0260712
-2 -1.3 0.0293418 -0.538651 0.0405313 -0.532256 0.0238908
-2 -1.2 -0.0618088 -0.574248 -0.0505135 -0.569673 0.0211001
-2 -1.1 -0.146373 -0.607245 -0.135919 -0.604089 0.0174822
-2 -1 -0.227126 -0.642059 -0.218307 -0.639443 0.0135058
-2 -0.9 -0.305387 -0.67856 -0.298524 -0.675366 0.0101722
-2 -0.8 -0.378247 -0.714408 -0.373063 -0.709752 0.00862062
-2 -0.7 -0.438781 -0.748295 -0.4347 -0.742044 0.00860686
-2 -0.6 -0.479096 -0.781755 -0.475696 -0.77462 0.00862013
-2 -0.5 -0.494411 -0.818275 -0.491774 -0.811549 0.00755652
-2 -0.4 -0.485895 -0.860333 -0.484584 -0.855342 0.00522252
-2 -0.3 -0.460896 -0.906391 -0.461608 -0.903995 0.00245808
-2 -0.2 -0.430668 -0.949984 -0.433685 -0.950274 0.00290535
-2 -0.1 -0.406808 -0.981744 -0.411684 -0.983994 0.00505319
-2 6.38378e-16 -0.39782 -0.993423 -0.403419 -0.996405 0.00592757
-2 0.1 -0.406808 -0.981744 -0.411684 -0.983994 0.00505323
-2 0.2 -0.430668 -0.949984 -0.433685 -0.950273 0.00290564
-2 0.3 -0.460896 -0.906391 -0.461608 -0.903995 0.00245798
-2 0.4 -0.485895 -0.860333 -0.484584 -0.855342 0.00522252
-2 0.5 -0.494411 -0.818275 -0.491774 -0.811549 0.00755657
-2 0.6 -0.479096 -0.781755 -0.475697 -0.774619 0.00862013
-2 0.7 -0.438781 -0.748295 -0.434699 -0.742044 0.00860697
-2 0.8 -0.378247 -0.714408 -0.373062 -0.709752 0.00862079
-2 0.9 -0.305387 -0.67856 -0.298524 -0.675366 0.010173
-2 1 -0.227126 -0.642059 -0.218307 -0.639443 0.0135058
-2 1.1 -0.146373 -0.607245 -0.135919 -0.604088 0.0174829
-2 1.2 -0.0618088 -0.574248 -0.0505135 -0.569673 0.0211001
-2 1.3 0.0293418 -0.538651 0.0405314 -0.532256 0.0238907
-2 1.4 0.127218 -0.491847 0.137579 -0.483597 0.026071
-2 1.5 0.22637 -0.424179 0.235446 -0.414064 0.0282647
-2 1.6 0.315591 -0.329209 0.322821 -0.317084 0.0309551
-2 1.7 0.380425 -0.206993 0.384865 -0.192697 0.0345639
-2 1.8 0.406853 -0.0651325 0.407044 -0.0491051 0.0389011
-2 1.9 0.3846 0.0820683 0.379059 0.0982813 0.0435689
-1.9 -2 0.360091 -0.11407 0.363538 -0.0952714 0.0505981
-1.9 -1.9 0.296327 -0.257994 0.306444 -0.24292 0.0462056
-1.9 -1.8 0.188107 -0.365678 0.202056 -0.35589 0.0414373
-1.9 -1.7 0.0544354 -0.42922 0.0696028 -0.424597 0.0366483
-1.9 -1.6 -0.0869612 -0.448525 -0.0722357 -0.44798 0.0322527
-1.9 -1.5 -0.221508 -0.429772 -0.207834 -0.432045 0.0286701
-1.9 -1.4 -0.339599 -0.383856 -0.326983 -0.388098 0.0259695
-1.9 -1.3 -0.438101 -0.32385 -0.426492 -0.32957 0.0237548
-1.9 -1.2 -0.520302 -0.261515 -0.509882 -0.26831 0.0213629
-1.9 -1.1 -0.593467 -0.204229 -0.58447 -0.211367 0.0182971
-1.9 -1 -0.664699 -0.154139 -0.657126 -0.160541 0.0145333
-1.9 -0.9 -0.737201 -0.110192 -0.730557 -0.114822 0.0108641
-1.9 -0.8 -0.808981 -0.0718231 -0.802482 -0.0740524 0.00845955
-1.9 -0.7 -0.874618 -0.0418176 -0.867646 -0.0417654 0.00796185
-1.9 -0.6 -0.92873 -0.0262735 -0.921358 -0.0246662 0.00812134
-1.9 -0.5 -0.968886 -0.0314337 -0.962015 -0.0291354 0.00747341
-1.9 -0.4 -0.99627 -0.0591966 -0.991324 -0.0568845 0.00547122
-1.9 -0.3 -1.01417 -0.104048 -1.01239 -0.101945 0.00270431
-1.9 -0.2 -1.0257 -0.153434 -1.0275 -0.151504 0.0025505
-1.9 -0.1 -1.03247 -0.191741 -1.03711 -0.189835 0.00477807
-1.9 6.38378e-16 -1.03475 -0.206155 -1.04046 -0.204241 0.00570926
-1.9 0.1 -1.03247 -0.191741 -1.03711 -0.189835 0.0047781
-1.9 0.2 -1.0257 -0.153434 -1.02751 -0.151504 0.00255017
-1.9 0.3 -1.01417 -0.104048 -1.01239 -0.101945 0.00270438
-1.9 0.4 -0.99627 -0.0591966 -0.991324 -0.0568847 0.00547114
-1.9 0.5 -0.968886 -0.0314337 -0.962015 -0.0291355 0.0074734
-1.9 0.6 -0.92873 -0.0262735 -0.921358 -0.0246662 0.00812134
-1.9 0.7 -0.874618 -0.0418176 -0.867646 -0.0417656 0.00796196
-1.9 0.8 -0.808981 -0.0718231 -0.802482 -0.0740524 0.00845966
-1.9 0.9 -0.737201 -0.110192 -0.730557 -0.114822 0.0108641
-1.9 1 -0.664699 -0.154139 -0.657125 -0.160541 0.0145337
-1.9 1.1 -0.593467 -0.204229 -0.584469 -0.211367 0.018298
-1.9 1.2 -0.520302 -0.261515 -0.509882 -0.26831 0.0213629
-1.9 1.3 -0.438101 -0.32385 -0.426492 -0.32957 0.0237551
-1.9 1.4 -0.339599 -0.383856 -0.326983 -0.388099 0.0259695
-1.9 1.5 -0.221508 -0.429772 -0.207834 -0.432046 0.0286705
-1.9 1.6 -0.0869612 -0.448525 -0.072236 -0.44798 0.0322521
-1.9 1.7 0.0544354 -0.42922 0.0696028 -0.424598 0.0366483
-1.9 1.8 0.188107 -0.365678 0.202056 -0.35589 0.0414369
-1.9 1.9 0.296327 -0.257994 0.306444 -0.24292 0.0462057
-1.8 -2 0.132416 -0.355894 0.149933 -0.346368 0.0525115
-1.8 -1.9 -0.0267891 -0.392778 -0.00773744 -0.391414 0.0485163
-1.8 -1.8 -0.182379 -0.368282 -0.1652 -0.373937 0.0440072
-1.8 -1.7 -0.315555 -0.294961 -0.302218 -0.305316 0.0390911
-1.8 -1.6 -0.41605 -0.188208 -0.406922 -0.200869 0.0341819
-1.8 -1.5 -0.480561 -0.0634403 -0.474935 -0.0767401 0.0297914
-1.8 -1.4 -0.511674 0.0653946 -0.508492 0.0522332 0.0262494
-1.8 -1.3 -0.517099 0.187434 -0.515586 0.174555 0.0235768
-1.8 -1.2 -0.508004 0.296743 -0.507751 0.284225 0.0212815
-1.8 -1.1 -0.495919 0.39312 -0.496623 0.381299 0.018713
-1.8 -1 -0.489244 0.480572 -0.490313 0.470066 0.0153985
-1.8 -0.9 -0.491297 0.563613 -0.491737 0.554868 0.0117115
-1.8 -0.8 -0.501135 0.643264 -0.499892 0.63632 0.00865109
-1.8 -0.7 -0.516523 0.715218 -0.513048 0.709671 0.00741924
-1.8 -0.6 -0.536827 0.771456 -0.531448 0.766872 0.00751961
-1.8 -0.5 -0.563641 0.804498 -0.557563 0.80082 0.00723219
-1.8 -0.4 -0.59861 0.811865 -0.59341 0.809557 0.00564056
-1.8 -0.3 -0.640113 0.798268 -0.637073 0.798051 0.00297868
-1.8 -0.2 -0.681494 0.774431 -0.681097 0.776683 0.0022166
-1.8 -0.1 -0.712615 0.753215 -0.71432 0.757506 0.00445303
-1.8 6.38378e-16 -0.724234 0.744852 -0.726757 0.749934 0.00546174
-1.8 0.1 -0.712615 0.753215 -0.714321 0.757506 0.00445316
-1.8 0.2 -0.681494 0.774431 -0.681097 0.776683 0.00221653
-1.8 0.3 -0.640113 0.798268 -0.637074 0.798051 0.00297839
-1.8 0.4 -0.59861 0.811865 -0.59341 0.809557 0.00564041
-1.8 0.5 -0.563641 0.804498 -0.557563 0.80082 0.0072322
-1.8 0.6 -0.536827 0.771456 -0.531448 0.766872 0.00751956
-1.8 0.7 -0.516523 0.715218 -0.513048 0.709671 0.00741914
-1.8 0.8 -0.501135 0.643264 -0.499892 0.63632 0.00865098
-1.8 0.9 -0.491297 0.563613 -0.491737 0.554868 0.0117117
-1.8 1 -0.489244 0.480572 -0.490313 0.470066 0.0153992
-1.8 1.1 -0.495919 0.39312 -0.496623 0.381298 0.0187132
-1.8 1.2 -0.508004 0.296743 -0.507752 0.284226 0.0212813
-1.8 1.3 -0.517099 0.187434 -0.515585 0.174555 0.0235771
-1.8 1.4 -0.511674 0.0653946 -0.508493 0.0522331 0.0262495
-1.8 1.5 -0.480561 -0.0634403 -0.474935 -0.0767403 0.0297916
-1.8 1.6 -0.41605 -0.188208 -0.406922 -0.200869 0.0341821
-1.8 1.7 -0.315555 -0.294961 -0.302218 -0.305316 0.0390911
-1.8 1.8 -0.182379 -0.368282 -0.165201 -0.373937 0.044006
-1.8 1.9 -0.0267891 -0.392778 -0.00773755 -0.391414 0.0485161
-1.7 -2 -0.197673 -0.328064 -0.178541 -0.3359 0.0539792
-1.7 -1.9 -0.329709 -0.219232 -0.316232 -0.233956 0.0504124
-1.7 -1.8 -0.405314 -0.0737164 -0.399044 -0.0917161 0.0462671
-1.7 -1.7 -0.423914 0.0823834 -0.42443 0.0644333 0.0415834
-1.7 -1.6 -0.393749 0.230192 -0.399353 0.214492 0.0365501
-1.7 -1.5 -0.326663 0.35823 -0.335226 0.345551 0.0315587
-1.7 -1.4 -0.235479 0.460981 -0.245337 0.450969 0.0271436
-1.7 -1.3 -0.132963 0.538003 -0.143211 0.529805 0.0236803
-1.7 -1.2 -0.0306698 0.593734 -0.0410218 0.586678 0.0210721
-1.7 -1.1 0.0629422 0.63663 0.0526946 0.630441 0.0187129
-1.7 -1 0.144044 0.676593 0.134428 0.671195 0.015941
-1.7 -0.9 0.213042 0.721217 0.204959 0.716374 0.0125305
-1.7 -0.8 0.271824 0.772802 0.26614 0.767922 0.00914559
-1.7 -0.7 0.320194 0.827983 0.317274 0.8224 0.00709695
-1.7 -0.6 0.35407 0.88022 0.353589 0.873738 0.00685034
-1.7 -0.5 0.367193 0.923521 0.36833 0.916808 0.00685124
-1.7 -0.4 0.355733 0.955088 0.357571 0.949591 0.00568698
-1.7 -0.3 0.32294 0.975609 0.324867 0.972876 0.0032536
-1.7 -0.2 0.280518 0.987672 0.282272 0.988517 0.00189651
-1.7 -0.1 0.245124 0.993868 0.246742 0.997719 0.00408109
-1.7 6.38378e-16 0.23139 0.995771 0.232963 1.0008 0.0051525
-1.7 0.1 0.245124 0.993868 0.246742 0.99772 0.00408124
-1.7 0.2 0.280518 0.987672 0.282272 0.988517 0.00189651
-1.7 0.3 0.32294 0.975609 0.324867 0.972876 0.0032533
-1.7 0.4 0.355733 0.955088 0.357571 0.949592 0.00568663
-1.7 0.5 0.367193 0.923521 0.36833 0.916808 0.0068513
-1.7 0.6 0.35407 0.88022 0.35359 0.873738 0.00685044
-1.7 0.7 0.320194 0.827983 0.317274 0.8224 0.00709707
-1.7 0.8 0.271824 0.772802 0.26614 0.767922 0.00914548
-1.7 0.9 0.213042 0.721217 0.204959 0.716374 0.0125303
-1.7 1 0.144044 0.676593 0.134428 0.671195 0.0159411
-1.7 1.1 0.0629422 0.63663 0.0526946 0.630441 0.0187128
-1.7 1.2 -0.0306698 0.593734 -0.0410218 0.586679 0.0210718
-1.7 1.3 -0.132963 0.538003 -0.14321 0.529804 0.0236806
-1.7 1.4 -0.235479 0.460981 -0.245337 0.450969 0.0271435
-1.7 1.5 -0.326663 0.35823 -0.335225 0.345551 0.0315582
-1.7 1.6 -0.393749 0.230192 -0.399353 0.214492 0.0365501
-1.7 1.7 -0.423914 0.0823834 -0.42443 0.0644336 0.0415827
-1.7 1.8 -0.405314 -0.0737164 -0.399044 -0.0917164 0.0462677
-1.7 1.9 -0.329709 -0.219232 -0.316232 -0.233956 0.0504114
-1.6 -2 -0.383205 -0.054629 -0.376952 -0.0750861 0.0552636
-1.6 -1.9 -0.379243 0.125534 -0.382447 0.10507 0.0518502
-1.6 -1.8 -0.304816 0.280887 -0.315636 0.26416 0.0480623
-1.6 -1.7 -0.184011 0.392072 -0.199489 0.381131 0.0437646
-1.6 -1.6 -0.0406033 0.454432 -0.0576661 0.449532 0.0389099
-1.6 -1.5 0.107287 0.472539 0.0909289 0.472549 0.0337575
-1.6 -1.4 0.247829 0.45512 0.233269 0.458263 0.0287431
-1.6 -1.3 0.37406 0.412486 0.361305 0.417113 0.0243677
-1.6 -1.2 0.482895 0.355896 0.471357 0.360991 0.0210258
-1.6 -1.1 0.575145 0.296939 0.564337 0.302056 0.0184747
-1.6 -1 0.655326 0.245792 0.645199 0.250646 0.0160463
-1.6 -0.9 0.729755 0.208977 0.720648 0.213026 0.0131302
-1.6 -0.8 0.802968 0.18831 0.795226 0.190641 0.00980345
-1.6 -0.7 0.874324 0.182091 0.867994 0.181844 0.00709284
-1.6 -0.6 0.937249 0.187765 0.932124 0.184771 0.00620946
-1.6 -0.5 0.982236 0.203895 0.9782 0.199001 0.00632287
-1.6 -0.4 1.00233 0.229785 0.99965 0.224671 0.0056146
-1.6 -0.3 0.998005 0.263067 0.997227 0.259565 0.00347532
-1.6 -0.2 0.978409 0.297616 0.97988 0.296763 0.00166312
-1.6 -0.1 0.95788 0.324213 0.961248 0.325744 0.00365803
-1.6 6.38378e-16 0.949318 0.334255 0.953438 0.336763 0.00479236
-1.6 0.1 0.95788 0.324213 0.961248 0.325745 0.00365833
-1.6 0.2 0.978409 0.297616 0.97988 0.296762 0.00166326
-1.6 0.3 0.998005 0.263067 0.997227 0.259565 0.00347508
-1.6 0.4 1.00233 0.229785 0.99965 0.224671 0.00561482
-1.6 0.5 0.982236 0.203895 0.9782 0.199001 0.00632287
-1.6 0.6 0.937249 0.187765 0.932124 0.18477 0.00620953
-1.6 0.7 0.874324 0.182091 0.867995 0.181844 0.00709256
-1.6 0.8 0.802968 0.18831 0.795226 0.190641 0.00980345
-1.6 0.9 0.729755 0.208977 0.720647 0.213026 0.0131308
-1.6 1 0.655326 0.245792 0.645198 0.250646 0.0160473
-1.6 1.1 0.575145 0.296939 0.564337 0.302056 0.0184747
-1.6 1.2 0.482895 0.355896 0.471357 0.360991 0.021026
-1.6 1.3 0.37406 0.412486 0.361305 0.417112 0.0243678
-1.6 1.4 0.247829 0.45512 0.233269 0.458264 0.0287434
-1.6 1.5 0.107287 0.472539 0.0909289 0.472549 0.0337576
-1.6 1.6 -0.0406033 0.454432 -0.0576658 0.449532 0.0389095
-1.6 1.7 -0.184011 0.392072 -0.199489 0.381131 0.0437641
-1.6 1.8 -0.304816 0.280887 -0.315636 0.26416 0.0480626
-1.6 1.9 -0.379243 0.125534 -0.382447 0.10507 0.0518507
-1.5 -2 -0.290867 0.261625 -0.303153 0.243134 0.0567478
-1.5 -1.9 -0.140798 0.378332 -0.159453 0.367681 0.0532145
-1.5 -1.8 0.0370899 0.416644 0.0164585 0.414822 0.0495148
-1.5 -1.7 0.206998 0.383699 0.188073 0.38967 0.0455188
-1.5 -1.6 0.347065 0.298634 0.332203 0.310103 0.0410021
-1.5 -1.5 0.449468 0.18247 0.439443 0.196787 0.03603
-1.5 -1.4 0.515854 0.052182 0.510083 0.0670551 0.0307697
-1.5 -1.3 0.552386 -0.0804408 0.549449 -0.0663872 0.0257201
-1.5 -1.2 0.56703 -0.207347 0.565393 -0.194492 0.0214641
-1.5 -1.1 0.569031 -0.322893 0.567617 -0.311018 0.0182782
-1.5 -1 0.568684 -0.423798 0.567004 -0.412695 0.0158336
-1.5 -0.9 0.575735 -0.509538 0.573636 -0.499493 0.0133472
-1.5 -0.8 0.596463 -0.581579 0.59376 -0.573375 0.0103678
-1.5 -0.7 0.631203 -0.640988 0.627505 -0.635475 0.00737912
-1.5 -0.6 0.674205 -0.685954 0.669305 -0.683468 0.00571254
-1.5 -0.5 0.716341 -0.711653 0.710626 -0.711765 0.005661
-1.5 -0.4 0.749329 -0.713625 0.744061 -0.715274 0.0053342
-1.5 -0.3 0.769199 -0.692945 0.766049 -0.694957 0.00361052
-1.5 -0.2 0.777323 -0.659308 0.777427 -0.660843 0.00150941
-1.5 -0.1 0.778669 -0.628783 0.781726 -0.629652 0.00317603
-1.5 6.38378e-16 0.7784 -0.616535 0.782667 -0.617103 0.00433529
-1.5 0.1 0.778669 -0.628783 0.781727 -0.629652 0.00317642
-1.5 0.2 0.777323 -0.659308 0.777427 -0.660843 0.00150936
-1.5 0.3 0.769199 -0.692945 0.76605 -0.694957 0.00361029
-1.5 0.4 0.749329 -0.713625 0.744061 -0.715274 0.00533423
-1.5 0.5 0.716341 -0.711653 0.710626 -0.711765 0.00566099
-1.5 0.6 0.674205 -0.685954 0.669305 -0.683468 0.00571244
-1.5 0.7 0.631203 -0.640988 0.627505 -0.635475 0.00737919
-1.5 0.8 0.596463 -0.581579 0.59376 -0.573375 0.010368
-1.5 0.9 0.575735 -0.509538 0.573636 -0.499493 0.0133468
-1.5 1 0.568684 -0.423798 0.567004 -0.412695 0.0158335
-1.5 1.1 0.569031 -0.322893 0.567617 -0.311018 0.0182783
-1.5 1.2 0.56703 -0.207347 0.565394 -0.194492 0.0214635
-1.5 1.3 0.552386 -0.0804408 0.549448 -0.0663874 0.02572
-1.5 1.4 0.515854 0.052182 0.510082 0.0670546 0.0307692
-1.5 1.5 0.449468 0.18247 0.439443 0.196787 0.0360299
-1.5 1.6 0.347065 0.298634 0.332203 0.310104 0.0410026
-1.5 1.7 0.206998 0.383699 0.188073 0.389669 0.0455186
-1.5 1.8 0.0370899 0.416644 0.0164591 0.414822 0.0495134
-1.5 1.9 -0.140798 0.378332 -0.159453 0.367681 0.0532144
-1.4 -2 0.00905635 0.394742 -0.0140198 0.39225 0.0587834
-1.4 -1.9 0.204755 0.352644 0.183953 0.360862 0.0548505
-1.4 -1.8 0.353848 0.231036 0.339182 0.246804 0.0509577
-1.4 -1.7 0.434964 0.0665629 0.428004 0.0860043 0.0469286
-1.4 -1.6 0.448716 -0.106275 0.4491 -0.0866102 0.0426523
-1.4 -1.5 0.409305 -0.264296 0.415417 -0.246843 0.0379538
-1.4 -1.4 0.334928 -0.3973 0.344551 -0.383211 0.0328329
-1.4 -1.3 0.241448 -0.504528 0.252398 -0.493715 0.0275137
-1.4 -1.2 0.140676 -0.589845 0.151382 -0.581333 0.0225556
-1.4 -1.1 0.0416884 -0.658613 0.0513233 -0.651133 0.0184833
-1.4 -1 -0.0475408 -0.71685 -0.0391699 -0.70947 0.0155334
-1.4 -0.9 -0.120053 -0.771064 -0.113077 -0.763526 0.0131616
-1.4 -0.8 -0.171182 -0.826913 -0.166003 -0.819573 0.010638
-1.4 -0.7 -0.199726 -0.886361 -0.197093 -0.879803 0.00777737
-1.4 -0.6 -0.207829 -0.945218 -0.208307 -0.939916 0.00550101
-1.4 -0.5 -0.19976 -0.993736 -0.203039 -0.989922 0.00496169
-1.4 -0.4 -0.180714 -1.02139 -0.185293 -1.01918 0.00490565
-1.4 -0.3 -0.156353 -1.02384 -0.160069 -1.02326 0.00363119
-1.4 -0.2 -0.132704 -1.00734 -0.13386 -1.0083 0.00147762
-1.4 -0.1 -0.115577 -0.98687 -0.114013 -0.988973 0.00263778
-1.4 6.38378e-16 -0.109326 -0.977872 -0.106608 -0.980407 0.00377789
-1.4 0.1 -0.115577 -0.98687 -0.114012 -0.988973 0.00263835
-1.4 0.2 -0.132704 -1.00734 -0.13386 -1.0083 0.00147757
-1.4 0.3 -0.156353 -1.02384 -0.160069 -1.02326 0.0036312
-1.4 0.4 -0.180714 -1.02139 -0.185293 -1.01918 0.00490565
-1.4 0.5 -0.19976 -0.993736 -0.203039 -0.989922 0.00496141
-1.4 0.6 -0.207829 -0.945218 -0.208307 -0.939916 0.00550104
-1.4 0.7 -0.199726 -0.886361 -0.197093 -0.879803 0.00777743
-1.4 0.8 -0.171182 -0.826913 -0.166003 -0.819574 0.0106376
-1.4 0.9 -0.120053 -0.771064 -0.113077 -0.763525 0.0131624
-1.4 1 -0.0475408 -0.71685 -0.0391699 -0.70947 0.0155334
-1.4 1.1 0.0416884 -0.658613 0.0513232 -0.651132 0.0184837
-1.4 1.2 0.140676 -0.589845 0.151381 -0.581332 0.0225559
-1.4 1.3 0.241448 -0.504528 0.252398 -0.493715 0.0275138
-1.4 1.4 0.334928 -0.3973 0.344551 -0.383211 0.0328329
-1.4 1.5 0.409305 -0.264296 0.415417 -0.246844 0.0379533
-1.4 1.6 0.448716 -0.106275 0.4491 -0.0866101 0.0426525
-1.4 1.7 0.434964 0.0665629 0.428003 0.0860039 0.0469277
-1.4 1.8 0.353848 0.231036 0.339182 0.246804 0.0509573
-1.4 1.9 0.204755 0.352644 0.183953 0.360862 0.0548506
-1.3 -2 0.304465 0.256014 0.286643 0.272836 0.061607
-1.3 -1.9 0.404974 0.0715277 0.397848 0.0939608 0.0572354
-1.3 -1.8 0.405856 -0.131399 0.409399 -0.109136 0.0528423
-1.3 -1.7 0.321708 -0.306579 0.333505 -0.288552 0.0484794
-1.3 -1.6 0.183042 -0.427965 0.199787 -0.416115 0.0440724
-1.3 -1.5 0.021784 -0.490521 0.040369 -0.485019 0.0394747
-1.3 -1.4 -0.138526 -0.503812 -0.120456 -0.503572 0.0345855
-1.3 -1.3 -0.285737 -0.483346 -0.269576 -0.486622 0.0293687
-1.3 -1.2 -0.416632 -0.444042 -0.40278 -0.448874 0.0240925
-1.3 -1.1 -0.5323 -0.39778 -0.52038 -0.402431 0.0192565
-1.3 -1 -0.634462 -0.354141 -0.62373 -0.357476 0.015467
-1.3 -0.9 -0.724001 -0.321761 -0.714008 -0.323312 0.0127636
-1.3 -0.8 -0.800967 -0.307981 -0.791945 -0.307696 0.0105189
-1.3 -0.7 -0.864535 -0.316387 -0.85741 -0.314414 0.00803027
-1.3 -0.6 -0.912504 -0.343977 -0.908333 -0.340558 0.00553048
-1.3 -0.5 -0.941498 -0.380691 -0.940663 -0.376392 0.00431257
-1.3 -0.4 -0.94915 -0.413042 -0.950842 -0.408943 0.004284
-1.3 -0.3 -0.937545 -0.430798 -0.940009 -0.428214 0.00346074
-1.3 -0.2 -0.915024 -0.432686 -0.916512 -0.432519 0.00147948
-1.3 -0.1 -0.893994 -0.426534 -0.893889 -0.428578 0.00206667
-1.3 6.38378e-16 -0.885516 -0.422882 -0.884647 -0.425832 0.00313372
-1.3 0.1 -0.893994 -0.426534 -0.893889 -0.428578 0.00206631
-1.3 0.2 -0.915024 -0.432686 -0.916512 -0.432518 0.00147948
-1.3 0.3 -0.937545 -0.430798 -0.940009 -0.428214 0.00346092
-1.3 0.4 -0.94915 -0.413042 -0.950842 -0.408943 0.00428412
-1.3 0.5 -0.941498 -0.380691 -0.940663 -0.376392 0.00431228
-1.3 0.6 -0.912504 -0.343977 -0.908333 -0.340558 0.00553045
-1.3 0.7 -0.864535 -0.316387 -0.85741 -0.314414 0.00803024
-1.3 0.8 -0.800967 -0.307981 -0.791945 -0.307696 0.0105187
-1.3 0.9 -0.724001 -0.321761 -0.714009 -0.323312 0.0127634
-1.3 1 -0.634462 -0.354141 -0.623729 -0.357476 0.0154671
-1.3 1.1 -0.5323 -0.39778 -0.520379 -0.402431 0.0192569
-1.3 1.2 -0.416632 -0.444042 -0.402781 -0.448875 0.0240924
-1.3 1.3 -0.285737 -0.483346 -0.269576 -0.486622 0.0293689
-1.3 1.4 -0.138526 -0.503812 -0.120456 -0.503572 0.0345859
-1.3 1.5 0.021784 -0.490521 0.0403687 -0.485019 0.0394742
-1.3 1.6 0.183042 -0.427965 0.199787 -0.416115 0.0440716
-1.3 1.7 0.321708 -0.306579 0.333505 -0.288552 0.0484807
-1.3 1.8 0.405856 -0.131399 0.409399 -0.109137 0.0528408
-1.3 1.9 0.404974 0.0715277 0.397848 0.0939608 0.0572355
-1.2 -2 0.396667 -0.0546674 0.397443 -0.0286466 0.0650134
-1.2 -1.9 0.321193 -0.261369 0.334551 -0.240251 0.0603439
-1.2 -1.8 0.158601 -0.399576 0.179367 -0.387804 0.0555248
-1.2 -1.7 -0.0413763 -0.446363 -0.0187343 -0.444757 0.0506359
-1.2 -1.6 -0.233313 -0.407865 -0.212917 -0.414676 0.0457616
-1.2 -1.5 -0.388361 -0.308017 -0.372366 -0.320494 0.0409247
-1.2 -1.4 -0.496993 -0.175329 -0.485905 -0.190727 0.0360041
-1.2 -1.3 -0.564542 -0.033101 -0.55772 -0.0491921 0.0309055
-1.2 -1.2 -0.603728 0.104503 -0.599854 0.0892801 0.0256371
-1.2 -1.1 -0.6281 0.231065 -0.625554 0.217603 0.0204709
-1.2 -1 -0.648567 0.343762 -0.645789 0.332427 0.0158995
-1.2 -0.9 -0.672779 0.439552 -0.668757 0.430371 0.0124724
-1.2 -0.8 -0.705406 0.513796 -0.699981 0.506889 0.0100641
-1.2 -0.7 -0.747389 0.561753 -0.741311 0.557494 0.00793834
-1.2 -0.6 -0.794297 0.581782 -0.788889 0.580618 0.00561842
-1.2 -0.5 -0.836275 0.578194 -0.832786 0.579963 0.00384675
-1.2 -0.4 -0.862172 0.561322 -0.86105 0.564764 0.00351948
-1.2 -0.3 -0.86663 0.54345 -0.867239 0.546525 0.0030638
-1.2 -0.2 -0.854621 0.532557 -0.855674 0.53355 0.00143798
-1.2 -0.1 -0.838858 0.529026 -0.839479 0.527706 0.00147064
-1.2 6.38378e-16 -0.831904 0.528667 -0.832191 0.526362 0.00235619
-1.2 0.1 -0.838858 0.529026 -0.839478 0.527707 0.00146984
-1.2 0.2 -0.854621 0.532557 -0.855674 0.53355 0.00143796
-1.2 0.3 -0.86663 0.54345 -0.867239 0.546525 0.00306371
-1.2 0.4 -0.862172 0.561322 -0.86105 0.564765 0.00351959
-1.2 0.5 -0.836275 0.578194 -0.832786 0.579963 0.00384675
-1.2 0.6 -0.794297 0.581782 -0.788889 0.580618 0.00561846
-1.2 0.7 -0.747389 0.561753 -0.741311 0.557494 0.00793845
-1.2 0.8 -0.705406 0.513796 -0.699981 0.50689 0.0100638
-1.2 0.9 -0.672779 0.439552 -0.668757 0.430371 0.0124724
-1.2 1 -0.648567 0.343762 -0.64579 0.332427 0.0158991
-1.2 1.1 -0.6281 0.231065 -0.625553 0.217603 0.0204712
-1.2 1.2 -0.603728 0.104503 -0.599855 0.08928 0.0256371
-1.2 1.3 -0.564542 -0.033101 -0.55772 -0.0491922 0.0309055
-1.2 1.4 -0.496993 -0.175329 -0.485905 -0.190727 0.0360042
-1.2 1.5 -0.388361 -0.308017 -0.372366 -0.320493 0.0409241
-1.2 1.6 -0.233313 -0.407865 -0.212918 -0.414675 0.0457603
-1.2 1.7 -0.0413763 -0.446363 -0.018734 -0.444757 0.0506365
-1.2 1.8 0.158601 -0.399576 0.179367 -0.387804 0.0555248
-1.2 1.9 0.321193 -0.261369 0.334551 -0.240251 0.0603446
-1.1 -2 0.231617 -0.330237 0.252465 -0.311989 0.0686866
-1.1 -1.9 0.0176752 -0.416539 0.0440094 -0.412387 0.0639447
-1.1 -1.8 -0.203856 -0.381764 -0.180039 -0.390835 0.0588895
-1.1 -1.7 -0.375848 -0.250155 -0.359651 -0.268124 0.0535824
-1.1 -1.6 -0.469194 -0.0649677 -0.462142 -0.0866657 0.0481669
-1.1 -1.5 -0.482741 0.130957 -0.483725 0.1096 0.0427429
-1.1 -1.4 -0.434139 0.307792 -0.440824 0.289051 0.037389
-1.1 -1.3 -0.348209 0.452664 -0.358156 0.437233 0.0321463
-1.1 -1.2 -0.247762 0.566771 -0.25886 0.554378 0.026895
-1.1 -1.1 -0.149219 0.659035 -0.159769 0.648877 0.0216732
-1.1 -1 -0.0628325 0.739531 -0.0714945 0.730631 0.0167336
-1.1 -0.9 0.00457938 0.81481 -0.0012109 0.806378 0.0125534
-1.1 -0.8 0.047396 0.88577 0.0449171 0.877655 0.00956587
-1.1 -0.7 0.0619546 0.947858 0.0626042 0.940807 0.00745366
-1.1 -0.6 0.0503225 0.993521 0.053132 0.988892 0.00544265
-1.1 -0.5 0.0233759 1.01703 0.0267323 1.01574 0.00353279
-1.1 -0.4 -0.0022704 1.01974 -6.39618e-06 1.02127 0.00268
-1.1 -0.3 -0.0140772 1.01089 -0.0135158 1.01323 0.00238093
-1.1 -0.2 -0.0115884 1.00121 -0.0121054 1.00235 0.00124818
-1.1 -0.1 -0.00385449 0.995882 -0.00443098 0.995231 0.000873361
-1.1 6.38378e-16 -0.000120706 0.994459 -0.000574549 0.993037 0.00150156
-1.1 0.1 -0.00385449 0.995882 -0.00443066 0.995231 0.000873313
-1.1 0.2 -0.0115884 1.00121 -0.0121058 1.00235 0.00124859
-1.1 0.3 -0.0140772 1.01089 -0.013516 1.01323 0.00238097
-1.1 0.4 -0.0022704 1.01974 -7.40494e-06 1.02127 0.00267931
-1.1 0.5 0.0233759 1.01703 0.0267316 1.01574 0.0035321
-1.1 0.6 0.0503225 0.993521 0.0531315 0.988892 0.00544251
-1.1 0.7 0.0619546 0.947858 0.0626038 0.940807 0.00745387
-1.1 0.8 0.047396 0.88577 0.0449173 0.877655 0.00956558
-1.1 0.9 0.00457938 0.81481 -0.00121089 0.806378 0.0125534
-1.1 1 -0.0628325 0.739531 -0.0714944 0.73063 0.0167342
-1.1 1.1 -0.149219 0.659035 -0.159769 0.648876 0.0216734
-1.1 1.2 -0.247762 0.566771 -0.25886 0.554378 0.026895
-1.1 1.3 -0.348209 0.452664 -0.358156 0.437233 0.0321461
-1.1 1.4 -0.434139 0.307792 -0.440824 0.289051 0.0373892
-1.1 1.5 -0.482741 0.130957 -0.483724 0.109601 0.0427417
-1.1 1.6 -0.469194 -0.0649677 -0.462142 -0.0866654 0.0481662
-1.1 1.7 -0.375848 -0.250155 -0.359651 -0.268125 0.0535827
-1.1 1.8 -0.203856 -0.381764 -0.180039 -0.390835 0.0588895
-1.1 1.9 0.0176752 -0.416539 0.0440088 -0.412388 0.0639432
-1 -2 -0.0783961 -0.399589 -0.0490922 -0.401984 0.0722031
-1 -1.9 -0.298092 -0.296462 -0.275837 -0.31416 0.0676332
-1 -1.8 -0.425027 -0.0971894 -0.415696 -0.122836 0.0625953
-1 -1.7 -0.435236 0.131211 -0.439246 0.105538 0.057162
-1 -1.6 -0.343637 0.330747 -0.357577 0.310601 0.0513649
-1 -1.5 -0.186555 0.468232 -0.20573 0.455764 0.0453787
-1 -1.4 -0.00313162 0.536956 -0.0235688 0.531582 0.0393541
-1 -1.3 0.177101 0.549263 0.15776 0.548996 0.0335154
-1 -1.2 0.338562 0.526447 0.321273 0.529012 0.0279238
-1 -1.1 0.477566 0.490413 0.462486 0.493768 0.0225696
-1 -1 0.596727 0.458893 0.583781 0.461336 0.0175019
-1 -0.9 0.698616 0.443726 0.687921 0.44399 0.012926
-1 -0.8 0.781237 0.450333 0.773276 0.447822 0.00925732
-1 -0.7 0.837829 0.476559 0.833281 0.471904 0.00675196
-1 -0.6 0.862617 0.511617 0.861741 0.506762 0.00491896
-1 -0.5 0.859813 0.53967 0.86152 0.536976 0.00314166
-1 -0.4 0.845976 0.550614 0.847886 0.550722 0.00189522
-1 -0.3 0.837801 0.548561 0.838333 0.550085 0.00161178
-1 -0.2 0.837806 0.544722 0.837066 0.545531 0.00109682
-1 -0.1 0.83904 0.543844 0.838973 0.543425 0.000423958
-1 0.1 0.83904 0.543844 0.838973 0.543426 0.000422882
-1 0.2 0.837806 0.544722 0.837066 0.545531 0.00109691
-1 0.3 0.837801 0.548561 0.838333 0.550085 0.00161153
-1 0.4 0.845976 0.550614 0.847886 0.550722 0.00189498
-1 0.5 0.859813 0.53967 0.86152 0.536976 0.0031418
-1 0.6 0.862617 0.511617 0.861741 0.506762 0.00491902
-1 0.7 0.837829 0.476559 0.833282 0.471903 0.00675183
-1 0.8 0.781237 0.450333 0.773276 0.447822 0.00925754
-1 0.9 0.698616 0.443726 0.687921 0.443989 0.0129264
-1 1 0.596727 0.458893 0.583781 0.461337 0.0175015
-1 1.1 0.477566 0.490413 0.462486 0.493768 0.0225697
-1 1.2 0.338562 0.526447 0.321273 0.529012 0.0279237
-1 1.3 0.177101 0.549263 0.15776 0.548996 0.033516
-1 1.4 -0.00313162 0.536956 -0.0235688 0.531582 0.0393542
-1 1.5 -0.186555 0.468232 -0.205731 0.455764 0.0453795
-1 1.6 -0.343637 0.330747 -0.357577 0.310602 0.0513635
-1 1.7 -0.435236 0.131211 -0.439246 0.105538 0.057162
-1 1.8 -0.425027 -0.0971894 -0.415696 -0.122836 0.0625943
-1 1.9 -0.298092 -0.296462 -0.275838 -0.314159 0.067632
-0.9 -2 -0.34185 -0.230035 -0.321597 -0.253665 0.0755311
-0.9 -1.9 -0.424806 0.0125056 -0.422045 -0.0175992 0.0711338
-0.9 -1.8 -0.359618 0.253906 -0.373271 0.228133 0.0662533
-0.9 -1.7 -0.183257 0.420214 -0.207055 0.405653 0.0608584
-0.9 -1.6 0.0425265 0.478662 0.0161531 0.476897 0.0550047
-0.9 -1.5 0.260592 0.435706 0.237413 0.444293 0.0486883
-0.9 -1.4 0.435631 0.321162 0.418273 0.335967 0.0421539
-0.9 -1.3 0.557195 0.17042 0.545538 0.187546 0.0355545
-0.9 -1.2 0.633442 0.0125434 0.625836 0.0294155 0.0292114
-0.9 -1.1 0.681928 -0.133778 0.676285 -0.118574 0.0233358
-0.9 -1 0.721421 -0.258317 0.716005 -0.24563 0.0180022
-0.9 -0.9 0.765705 -0.354721 0.759527 -0.345434 0.0132183
-0.9 -0.8 0.818737 -0.417015 0.811913 -0.412105 0.00914927
-0.9 -0.7 0.871774 -0.441298 0.86581 -0.441066 0.00610879
-0.9 -0.6 0.907314 -0.433933 0.904512 -0.436879 0.00404285
-0.9 -0.5 0.915192 -0.416864 0.915551 -0.418868 0.00202444
-0.9 0.5 0.915192 -0.416864 0.915551 -0.418868 0.00202444
-0.9 0.6 0.907314 -0.433933 0.904512 -0.436879 0.00404256
-0.9 0.7 0.871774 -0.441298 0.86581 -0.441067 0.0061087
-0.9 0.8 0.818737 -0.417015 0.811913 -0.412105 0.00914948
-0.9 0.9 0.765705 -0.354721 0.759527 -0.345434 0.0132183
-0.9 1 0.721421 -0.258317 0.716006 -0.24563 0.0180016
-0.9 1.1 0.681928 -0.133778 0.676285 -0.118575 0.0233358
-0.9 1.2 0.633442 0.0125434 0.625835 0.0294151 0.029211
-0.9 1.3 0.557195 0.17042 0.545538 0.187546 0.0355547
-0.9 1.4 0.435631 0.321162 0.418273 0.335967 0.042154
-0.9 1.5 0.260592 0.435706 0.237413 0.444293 0.0486885
-0.9 1.6 0.0425265 0.478662 0.0161535 0.476897 0.055004
-0.9 1.7 -0.183257 0.420214 -0.207056 0.405653 0.0608594
-0.9 1.8 -0.359618 0.253906 -0.373271 0.228133 0.0662522
-0.9 1.9 -0.424806 0.0125056 -0.422045 -0.017599 0.0711333
-0.8 -2 -0.41157 0.0699104 -0.4133 0.0370364 0.0788555
-0.8 -1.9 -0.293949 0.314411 -0.314564 0.289833 0.0745293
-0.8 -1.8 -0.0606983 0.441363 -0.0906948 0.433206 0.0697746
-0.8 -1.7 0.19664 0.41969 0.168077 0.428484 0.0644827
-0.8 -1.6 0.39964 0.275245 0.380056 0.295915 0.05868
-0.8 -1.5 0.508203 0.0634701 0.500191 0.0890166 0.0522762
-0.8 -1.4 0.52164 -0.160575 0.523609 -0.135848 0.0454477
-0.8 -1.3 0.464465 -0.360763 0.47281 -0.339831 0.0383154
-0.8 -1.2 0.369419 -0.523912 0.380337 -0.507159 0.031194
-0.8 -1.1 0.266142 -0.653842 0.27664 -0.640152 0.0244377
-0.8 -1 0.177357 -0.76163 0.185343 -0.749666 0.0183934
-0.8 -0.9 0.119454 -0.855835 0.12343 -0.845132 0.0132131
-0.8 -0.8 0.101843 -0.93443 0.101126 -0.926073 0.00892379
-0.8 -0.7 0.119827 -0.982937 0.115625 -0.979506 0.00547754
-0.8 0.7 0.119827 -0.982937 0.115626 -0.979506 0.00547753
-0.8 0.8 0.101843 -0.93443 0.101126 -0.926072 0.00892411
-0.8 0.9 0.119454 -0.855835 0.12343 -0.845133 0.0132114
-0.8 1 0.177357 -0.76163 0.185343 -0.749667 0.0183934
-0.8 1.1 0.266142 -0.653842 0.276641 -0.640153 0.0244379
-0.8 1.2 0.369419 -0.523912 0.380337 -0.507159 0.0311939
-0.8 1.3 0.464465 -0.360763 0.47281 -0.339831 0.0383157
-0.8 1.4 0.52164 -0.160575 0.523609 -0.135848 0.0454482
-0.8 1.5 0.508203 0.0634701 0.500191 0.0890165 0.0522762
-0.8 1.6 0.39964 0.275245 0.380055 0.295916 0.058681
-0.8 1.7 0.19664 0.41969 0.168078 0.428484 0.0644816
-0.8 1.8 -0.0606983 0.441363 -0.0906951 0.433206 0.0697754
-0.8 1.9 -0.293949 0.314411 -0.314564 0.289833 0.0745293
-0.7 -2 -0.262232 0.331814 -0.287062 0.307265 0.0825607
-0.7 -1.9 0.00525885 0.436079 -0.0286861 0.43251 0.0782646
-0.7 -1.8 0.276231 0.356964 0.247679 0.373841 0.0734812
-0.7 -1.7 0.447699 0.140945 0.43403 0.169886 0.068192
-0.7 -1.6 0.474913 -0.124964 0.478115 -0.0945007 0.0623747
-0.7 -1.5 0.372328 -0.35994 0.388505 -0.335894 0.055963
-0.7 -1.4 0.1885 -0.518342 0.211343 -0.503953 0.0489472
-0.7 -1.3 -0.0240799 -0.593978 -8.77937e-05 -0.588337 0.0414599
-0.7 -1.2 -0.228446 -0.607683 -0.206544 -0.607576 0.0337373
-0.7 -1.1 -0.40742 -0.591001 -0.388733 -0.59269 0.0261398
-0.7 -1 -0.556582 -0.574483 -0.541257 -0.574732 0.0191622
-0.7 -0.9 -0.672402 -0.581004 -0.661094 -0.577815 0.0132216
-0.7 -0.8 -0.742551 -0.617748 -0.737745 -0.611373 0.0082647
-0.7 0.8 -0.742551 -0.617748 -0.737745 -0.611374 0.00826434
-0.7 0.9 -0.672402 -0.581004 -0.661093 -0.577814 0.0132231
-0.7 1 -0.556582 -0.574483 -0.541257 -0.574732 0.0191622
-0.7 1.1 -0.40742 -0.591001 -0.388733 -0.59269 0.0261399
-0.7 1.2 -0.228446 -0.607683 -0.206543 -0.607577 0.0337385
-0.7 1.3 -0.0240799 -0.593978 -8.73961e-05 -0.588337 0.0414605
-0.7 1.4 0.1885 -0.518342 0.211343 -0.503953 0.0489472
-0.7 1.5 0.372328 -0.35994 0.388506 -0.335893 0.055964
-0.7 1.6 0.474913 -0.124964 0.478115 -0.0945004 0.0623752
-0.7 1.7 0.447699 0.140945 0.43403 0.169885 0.0681911
-0.7 1.8 0.276231 0.356964 0.247679 0.373841 0.0734812
-0.7 1.9 0.00525885 0.436079 -0.0286862 0.43251 0.0782648
-0.6 -2 0.0154386 0.427861 -0.0216518 0.425276 0.0868416
-0.6 -1.9 0.300294 0.323818 0.270987 0.3455 0.0825485
-0.6 -1.8 0.452434 0.0655978 0.443214 0.0999354 0.0777709
-0.6 -1.7 0.417818 -0.22683 0.430229 -0.194708 0.0724345
-0.6 -1.6 0.227826 -0.442103 0.254743 -0.422876 0.0665111
-0.6 -1.5 -0.0372463 -0.523023 -0.0059745 -0.519992 0.0599188
-0.6 -1.4 -0.296423 -0.473192 -0.268846 -0.483438 0.0526872
-0.6 -1.3 -0.500559 -0.334612 -0.480275 -0.35243 0.0448411
-0.6 -1.2 -0.639613 -0.15802 -0.626108 -0.177976 0.0365726
-0.6 -1.1 -0.731589 0.0164332 -0.721982 -0.00185713 0.0282326
-0.6 -1 -0.805274 0.162259 -0.796344 0.148136 0.0203413
-0.6 -0.9 -0.883063 0.257864 -0.873097 0.250828 0.0132614
-0.6 0.9 -0.883063 0.257864 -0.873097 0.250828 0.0132614
-0.6 1 -0.805274 0.162259 -0.796344 0.148136 0.0203414
-0.6 1.1 -0.731589 0.0164332 -0.721982 -0.00185778 0.0282331
-0.6 1.2 -0.639613 -0.15802 -0.626108 -0.177977 0.0365734
-0.6 1.3 -0.500559 -0.334612 -0.480275 -0.35243 0.0448411
-0.6 1.4 -0.296423 -0.473192 -0.268846 -0.483438 0.0526872
-0.6 1.5 -0.0372463 -0.523023 -0.00597465 -0.519993 0.0599185
-0.6 1.6 0.227826 -0.442103 0.254743 -0.422875 0.0665122
-0.6 1.7 0.417818 -0.22683 0.430229 -0.194707 0.0724358
-0.6 1.8 0.452434 0.0655978 0.443213 0.0999354 0.0777711
-0.6 1.9 0.300294 0.323818 0.270986 0.3455 0.0825489
-0.5 -2 0.282284 0.328655 0.249662 0.351258 0.0916056
-0.5 -1.9 0.443884 0.0526676 0.435143 0.0907532 0.0874183
-0.5 -1.8 0.383395 -0.259228 0.401111 -0.225305 0.0826924
-0.5 -1.7 0.141915 -0.459942 0.175908 -0.444715 0.0773836
-0.5 -1.6 -0.165928 -0.475434 -0.130695 -0.48258 0.0713931
-0.5 -1.5 -0.422863 -0.320998 -0.398105 -0.344776 0.0646591
-0.5 -1.4 -0.56129 -0.0686302 -0.5514 -0.0993796 0.0571217
-0.5 -1.3 -0.57579 0.202393 -0.578577 0.172737 0.0488054
-0.5 -1.2 -0.503847 0.44103 -0.513832 0.41625 0.0398985
-0.5 -1.1 -0.397668 0.633589 -0.408999 0.613622 0.0306908
-0.5 -1 -0.30649 0.791104 -0.313885 0.774174 0.0217758
-0.5 -0.9 -0.274257 0.923206 -0.272668 0.905612 0.0183428
-0.5 0.9 -0.274257 0.923206 -0.272668 0.905612 0.0183428
-0.5 1 -0.30649 0.791104 -0.313885 0.774174 0.0217758
-0.5 1.1 -0.397668 0.633589 -0.408998 0.613622 0.0306901
-0.5 1.2 -0.503847 0.44103 -0.513832 0.41625 0.0398985
-0.5 1.3 -0.57579 0.202393 -0.578577 0.172738 0.0488043
-0.5 1.4 -0.56129 -0.0686302 -0.5514 -0.0993796 0.0571216
-0.5 1.5 -0.422863 -0.320998 -0.398105 -0.344776 0.0646587
-0.5 1.6 -0.165928 -0.475434 -0.130695 -0.48258 0.0713933
-0.5 1.7 0.141915 -0.459942 0.175908 -0.444715 0.0773838
-0.5 1.8 0.383395 -0.259228 0.401111 -0.225305 0.0826924
-0.5 1.9 0.443884 0.0526676 0.435143 0.0907531 0.0874179
-0.4 -2 0.427751 0.0966974 0.414138 0.136778 0.0965217
-0.4 -1.9 0.385195 -0.237533 0.403216 -0.19973 0.0925406
-0.4 -1.8 0.125527 -0.451469 0.163785 -0.436054 0.088021
-0.4 -1.7 -0.208822 -0.440351 -0.17054 -0.453207 0.0828622
-0.4 -1.6 -0.458312 -0.223285 -0.436715 -0.256031 0.0769449
-0.4 -1.5 -0.529308 0.0931269 -0.530329 0.0554124 0.0702001
-0.4 -1.4 -0.420823 0.388169 -0.440087 0.358018 0.0624962
-0.4 -1.3 -0.196197 0.586553 -0.224586 0.5692 0.0537961
-0.4 -1.2 0.0672381 0.677243 0.0378568 0.670839 0.0441848
-0.4 -1.1 0.315375 0.697812 0.28934 0.696459 0.0340444
-0.4 -1 0.523923 0.708498 0.502016 0.704818 0.0252099
-0.4 1 0.523923 0.708498 0.502016 0.704819 0.02521
-0.4 1.1 0.315375 0.697812 0.28934 0.696459 0.0340445
-0.4 1.2 0.0672381 0.677243 0.0378569 0.670839 0.0441846
-0.4 1.3 -0.196197 0.586553 -0.224586 0.569201 0.0537951
-0.4 1.4 -0.420823 0.388169 -0.440087 0.358018 0.0624958
-0.4 1.5 -0.529308 0.0931269 -0.530329 0.0554124 0.0702003
-0.4 1.6 -0.458312 -0.223285 -0.436715 -0.256031 0.0769449
-0.4 1.7 -0.208822 -0.440351 -0.170539 -0.453207 0.0828626
-0.4 1.8 0.125527 -0.451469 0.163785 -0.436054 0.0880212
-0.4 1.9 0.385195 -0.237533 0.403216 -0.19973 0.0925401
-0.3 -2 0.412909 -0.163701 0.424941 -0.120264 0.101474
-0.3 -1.9 0.172833 -0.424627 0.21225 -0.403311 0.0977444
-0.3 -1.8 -0.182843 -0.438148 -0.140227 -0.450524 0.0934701
-0.3 -1.7 -0.450172 -0.202877 -0.427611 -0.240357 0.0885948
-0.3 -1.6 -0.494498 0.148975 -0.501543 0.106732 0.0829253
-0.3 -1.5 -0.310031 0.447383 -0.34048 0.419131 0.0763131
-0.3 -1.4 0.00720531 0.579694 -0.0321185 0.573574 0.0686466
-0.3 -1.3 0.335331 0.529351 0.300197 0.542337 0.0597763
-0.3 -1.2 0.594506 0.352782 0.569252 0.376033 0.0496567
-0.3 -1.1 0.77311 0.129301 0.755601 0.154154 0.038784
-0.3 -1 0.916038 -0.0728852 0.901321 -0.052711 0.0271743
-0.3 1 0.916038 -0.0728852 0.901321 -0.0527107 0.0271745
-0.3 1.1 0.77311 0.129301 0.755601 0.154154 0.0387841
-0.3 1.2 0.594506 0.352782 0.569251 0.376033 0.0496573
-0.3 1.3 0.335331 0.529351 0.300196 0.542337 0.059777
-0.3 1.4 0.00720531 0.579694 -0.0321177 0.573575 0.0686451
-0.3 1.5 -0.310031 0.447383 -0.34048 0.41913 0.0763135
-0.3 1.6 -0.494498 0.148975 -0.501543 0.106732 0.0829246
-0.3 1.7 -0.450172 -0.202877 -0.427611 -0.240357 0.0885949
-0.3 1.8 -0.182843 -0.438148 -0.140227 -0.450524 0.0934704
-0.3 1.9 0.172833 -0.424627 0.21225 -0.403311 0.0977444
-0.2 -2 0.267619 -0.361691 0.302809 -0.329221 0.106419
-0.2 -1.9 -0.0928091 -0.45517 -0.0451601 -0.459513 0.102999
-0.2 -1.8 -0.409422 -0.252777 -0.379965 -0.290242 0.0990491
-0.2 -1.7 -0.486446 0.117647 -0.492084 0.0706927 0.0944933
-0.2 -1.6 -0.284657 0.439229 -0.320343 0.409157 0.0891612
-0.2 -1.5 0.079138 0.545769 0.0334171 0.546071 0.082908
-0.2 -1.4 0.426775 0.403245 0.391644 0.430262 0.0754804
-0.2 -1.3 0.627521 0.094532 0.613186 0.134335 0.0666651
-0.2 -1.2 0.651499 -0.259348 0.65589 -0.220107 0.0563106
-0.2 -1.1 0.554377 -0.577444 0.568012 -0.544634 0.0443868
-0.2 -1 0.433184 -0.85398 0.438755 -0.834957 0.0207005
-0.2 1 0.433184 -0.85398 0.438755 -0.834957 0.0207005
-0.2 1.1 0.554377 -0.577444 0.568012 -0.544634 0.0443867
-0.2 1.2 0.651499 -0.259348 0.65589 -0.220107 0.0563098
-0.2 1.3 0.627521 0.094532 0.613186 0.134336 0.0666659
-0.2 1.4 0.426775 0.403245 0.391644 0.430262 0.0754804
-0.2 1.5 0.079138 0.545769 0.0334169 0.54607 0.0829084
-0.2 1.6 -0.284657 0.439229 -0.320343 0.409156 0.0891621
-0.2 1.7 -0.486446 0.117647 -0.492083 0.0706922 0.0944941
-0.2 1.8 -0.409422 -0.252777 -0.379965 -0.290242 0.0990488
-0.2 1.9 -0.0928091 -0.45517 -0.045161 -0.459514 0.102997
-0.1 -2 0.0581134 -0.451752 0.107518 -0.439869 0.111561
-0.1 -1.9 -0.317326 -0.347262 -0.276126 -0.377348 0.108449
-0.1 -1.8 -0.487282 0.0096542 -0.48257 -0.0412518 0.104895
-0.1 -1.7 -0.335376 0.380215 -0.369511 0.342226 0.100735
-0.1 -1.6 0.0413773 0.52857 -0.00940159 0.526348 0.095867
-0.1 -1.5 0.417693 0.370653 0.379646 0.403546 0.0900629
-0.1 -1.4 0.594183 0.001304 0.586731 0.0501072 0.0830868
-0.1 -1.3 0.504748 -0.396298 0.527069 -0.353945 0.0746016
-0.1 -1.2 0.216581 -0.675264 0.255446 -0.651299 0.0643875
-0.1 -1.1 -0.151688 -0.798385 -0.10995 -0.79009 0.0523634
-0.1 -1 -0.521916 -0.839025 -0.471814 -0.826862 0.0521772
-0.1 1 -0.521916 -0.839025 -0.471814 -0.826863 0.0521776
-0.1 1.1 -0.151688 -0.798385 -0.10995 -0.79009 0.0523643
-0.1 1.2 0.216581 -0.675264 0.255446 -0.651299 0.064386
-0.1 1.3 0.504748 -0.396298 0.527069 -0.353945 0.0746016
-0.1 1.4 0.594183 0.001304 0.58673 0.0501079 0.0830881
-0.1 1.5 0.417693 0.370653 0.379647 0.403546 0.0900625
-0.1 1.6 0.0413773 0.52857 -0.00940226 0.526347 0.0958683
-0.1 1.7 -0.335376 0.380215 -0.369511 0.342226 0.100735
-0.1 1.8 -0.487282 0.0096542 -0.482571 -0.0412516 0.104895
-0.1 1.9 -0.317326 -0.347262 -0.276126 -0.377348 0.108449
6.38378e-16 -2 -0.14951 -0.435612 -0.0969978 -0.447515 0.116912
6.38378e-16 -1.9 -0.448011 -0.160245 -0.42426 -0.209103 0.114175
6.38378e-16 -1.8 -0.423265 0.252944 -0.445967 0.203108 0.111062
6.38378e-16 -1.7 -0.0856696 0.505782 -0.138587 0.490451 0.107398
6.38378e-16 -1.6 0.334953 0.418965 0.287975 0.448094 0.103049
6.38378e-16 -1.5 0.562829 0.0463435 0.551338 0.100386 0.0978356
6.38378e-16 -1.4 0.460683 -0.384928 0.489607 -0.338236 0.0914912
6.38378e-16 -1.3 0.0927532 -0.640704 0.144334 -0.624171 0.0836692
6.38378e-16 -1.2 -0.357289 -0.618182 -0.30691 -0.634257 0.0740617
6.38378e-16 -1.1 -0.730853 -0.366404 -0.694155 -0.403135 0.0635095
6.38378e-16 1.1 -0.730853 -0.366404 -0.694155 -0.403135 0.0635098
6.38378e-16 1.2 -0.357289 -0.618182 -0.306911 -0.634257 0.0740614
6.38378e-16 1.3 0.0927532 -0.640704 0.144334 -0.624171 0.0836685
6.38378e-16 1.4 0.460683 -0.384928 0.489607 -0.338236 0.0914914
6.38378e-16 1.5 0.562829 0.0463435 0.551339 0.100386 0.0978343
6.38378e-16 1.6 0.334953 0.418965 0.287977 0.448095 0.103047
6.38378e-16 1.7 -0.0856696 0.505782 -0.138587 0.49045 0.107398
6.38378e-16 1.8 -0.423265 0.252944 -0.445967 0.203108 0.111062
6.38378e-16 1.9 -0.448011 -0.160245 -0.42426 -0.209103 0.114175
0.1 -2 -0.312132 -0.344838 -0.266035 -0.378268 0.122425
0.1 -1.9 -0.478822 0.0419744 -0.477542 -0.015748 0.12012
0.1 -1.8 -0.269615 0.418954 -0.314992 0.382024 0.117431
0.1 -1.7 0.166062 0.491031 0.108152 0.503502 0.114281
0.1 -1.6 0.506457 0.192802 0.478698 0.245876 0.110526
0.1 -1.5 0.501615 -0.271143 0.523529 -0.214795 0.106032
0.1 -1.4 0.146262 -0.587455 0.202755 -0.564926 0.100463
0.1 -1.3 -0.340426 -0.555256 -0.284169 -0.578712 0.0935827
0.1 -1.2 -0.688122 -0.195827 -0.660674 -0.250024 0.0849141
0.1 -1.1 -0.750897 0.314478 -0.759224 0.25477 0.0740535
0.1 -1 -0.555027 0.817139 -0.603841 0.750903 0.0832953
0.1 1 -0.555027 0.817139 -0.603841 0.750903 0.0832957
0.1 1.1 -0.750897 0.314478 -0.759224 0.25477 0.0740533
0.1 1.2 -0.688122 -0.195827 -0.660673 -0.250025 0.0849149
0.1 1.3 -0.340426 -0.555256 -0.284169 -0.578712 0.0935827
0.1 1.4 0.146262 -0.587455 0.202755 -0.564926 0.100462
0.1 1.5 0.501615 -0.271143 0.523529 -0.214795 0.106032
0.1 1.6 0.506457 0.192802 0.478698 0.245876 0.110526
0.1 1.7 0.166062 0.491031 0.108152 0.503502 0.11428
0.1 1.8 -0.269615 0.418954 -0.314992 0.382024 0.117431
0.1 1.9 -0.478822 0.0419744 -0.477542 -0.0157479 0.12012
0.2 -2 -0.414759 -0.219386 -0.381039 -0.269058 0.127952
0.2 -1.9 -0.434807 0.214818 -0.455645 0.157356 0.126034
0.2 -1.8 -0.0872103 0.495125 -0.146913 0.477526 0.123805
0.2 -1.7 0.357879 0.381443 0.306983 0.41923 0.121194
0.2 -1.6 0.543994 -0.0537558 0.542723 0.0107958 0.11811
0.2 -1.5 0.311112 -0.483233 0.361579 -0.441138 0.114348
0.2 -1.4 -0.184757 -0.580495 -0.118941 -0.592239 0.109745
0.2 -1.3 -0.599398 -0.260022 -0.563583 -0.317803 0.104047
0.2 -1.2 -0.655154 0.282846 -0.671275 0.215652 0.0968337
0.2 -1.1 -0.310659 0.740887 -0.367302 0.699807 0.0870967
0.2 -1 0.281489 0.913089 0.234605 0.913877 0.0490751
0.2 1 0.281489 0.913089 0.234605 0.913878 0.0490748
0.2 1.1 -0.310659 0.740887 -0.367302 0.699806 0.0870975
0.2 1.2 -0.655154 0.282846 -0.671276 0.215654 0.0968321
0.2 1.3 -0.599398 -0.260022 -0.563582 -0.317803 0.104047
0.2 1.4 -0.184757 -0.580495 -0.118941 -0.592238 0.109745
0.2 1.5 0.311112 -0.483233 0.361579 -0.441138 0.114348
0.2 1.6 0.543994 -0.0537558 0.542723 0.0107958 0.11811
0.2 1.7 0.357879 0.381443 0.306983 0.41923 0.121194
0.2 1.8 -0.0872103 0.495125 -0.146913 0.477526 0.123804
0.2 1.9 -0.434807 0.214818 -0.455646 0.157356 0.126033
0.3 -2 -0.463642 -0.0925311 -0.444489 -0.152606 0.133367
0.3 -1.9 -0.351644 0.339394 -0.390888 0.288286 0.131851
0.3 -1.8 0.0789383 0.50041 0.0131061 0.50321 0.130067
0.3 -1.7 0.471915 0.234405 0.43512 0.290958 0.128044
0.3 -1.6 0.487046 -0.256348 0.511778 -0.191802 0.125588
0.3 -1.5 0.0868091 -0.571471 0.155112 -0.552355 0.122706
0.3 -1.4 -0.426493 -0.438169 -0.368219 -0.481877 0.11913
0.3 -1.3 -0.649721 0.0695511 -0.647337 -0.00538805 0.114743
0.3 -1.2 -0.389553 0.592289 -0.446805 0.54023 0.109156
0.3 -1.1 0.209199 0.759648 0.128741 0.765884 0.10242
0.3 -1 0.803507 0.433924 0.743807 0.488141 0.0883113
0.3 1 0.803507 0.433924 0.743807 0.488141 0.0883112
0.3 1.1 0.209199 0.759648 0.12874 0.765883 0.102421
0.3 1.2 -0.389553 0.592289 -0.446805 0.54023 0.109156
0.3 1.3 -0.649721 0.0695511 -0.647337 -0.00538803 0.114743
0.3 1.4 -0.426493 -0.438169 -0.368219 -0.481877 0.11913
0.3 1.5 0.0868091 -0.571471 0.155112 -0.552355 0.122706
0.3 1.6 0.487046 -0.256348 0.511777 -0.191801 0.125589
0.3 1.7 0.471915 0.234405 0.43512 0.290958 0.128043
0.3 1.8 0.0789383 0.50041 0.0131058 0.50321 0.130068
0.3 1.9 -0.351644 0.339394 -0.390888 0.288285 0.131851
0.4 -2 -0.475523 0.0149879 -0.470133 -0.0507379 0.138613
0.4 -1.9 -0.260931 0.416795 -0.313797 0.374617 0.137534
0.4 -1.8 0.206746 0.465773 0.140493 0.486461 0.136202
0.4 -1.7 0.521283 0.0945476 0.500452 0.162825 0.134742
0.4 -1.6 0.389219 -0.392724 0.434954 -0.335148 0.132984
0.4 -1.5 -0.105496 -0.570212 -0.0297332 -0.57486 0.130895
0.4 -1.4 -0.556065 -0.255685 -0.514512 -0.322371 0.12838
0.4 -1.3 -0.566433 0.32188 -0.596952 0.246182 0.125279
0.4 -1.2 -0.0829514 0.697051 -0.165205 0.674796 0.121388
0.4 -1.1 0.553033 0.536149 0.480893 0.589357 0.116375
0.4 -1 0.863185 -0.111186 0.856066 -0.0119093 0.114362
0.4 1 0.863185 -0.111186 0.856067 -0.0119096 0.114362
0.4 1.1 0.553033 0.536149 0.480893 0.589357 0.116375
0.4 1.2 -0.0829514 0.697051 -0.165205 0.674796 0.121388
0.4 1.3 -0.566433 0.32188 -0.596952 0.246182 0.125279
0.4 1.4 -0.556065 -0.255685 -0.514513 -0.322371 0.12838
0.4 1.5 -0.105496 -0.570212 -0.0297338 -0.57486 0.130895
0.4 1.6 0.389219 -0.392724 0.434954 -0.335148 0.132984
0.4 1.7 0.521283 0.0945476 0.500452 0.162825 0.134742
0.4 1.8 0.206746 0.465773 0.140493 0.486461 0.136202
0.4 1.9 -0.260931 0.416795 -0.313797 0.374617 0.137534
0.5 -2 -0.468692 0.09391 -0.474403 0.0254471 0.143723
0.5 -1.9 -0.184115 0.458307 -0.246206 0.424614 0.143031
0.5 -1.8 0.29218 0.419966 0.228054 0.454311 0.142188
0.5 -1.7 0.531328 -0.0135201 0.524427 0.0612434 0.141263
0.5 -1.6 0.293755 -0.469852 0.354245 -0.421136 0.140164
0.5 -1.5 -0.239584 -0.528449 -0.162707 -0.552553 0.138855
0.5 -1.4 -0.60273 -0.0994352 -0.578832 -0.179835 0.137304
0.5 -1.3 -0.444412 0.471198 -0.499833 0.40322 0.13541
0.5 -1.2 0.149663 0.676959 0.0576988 0.684235 0.133061
0.5 -1.1 0.696983 0.282381 0.646919 0.36649 0.130159
0.5 -1 0.697003 -0.453783 0.738527 -0.357623 0.125937
0.5 -0.9 0.0350745 -0.946963 0.175244 -0.913331 0.152116
0.5 0.9 0.0350745 -0.946963 0.175243 -0.913331 0.152116
0.5 1 0.697003 -0.453783 0.738527 -0.357623 0.125938
0.5 1.1 0.696983 0.282381 0.646919 0.36649 0.130159
0.5 1.2 0.149663 0.676959 0.0576985 0.684234 0.133061
0.5 1.3 -0.444412 0.471198 -0.499833 0.40322 0.13541
0.5 1.4 -0.60273 -0.0994352 -0.578832 -0.179835 0.137305
0.5 1.5 -0.239584 -0.528449 -0.162707 -0.552553 0.138855
0.5 1.6 0.293755 -0.469852 0.354245 -0.421136 0.140164
0.5 1.7 0.531328 -0.0135201 0.524427 0.0612431 0.141263
0.5 1.8 0.29218 0.419966 0.228054 0.454311 0.142188
0.5 1.9 -0.184115 0.458307 -0.246206 0.424614 0.143031
0.6 -2 -0.457855 0.142305 -0.471023 0.0722248 0.148723
0.6 -1.9 -0.132804 0.477027 -0.20081 0.449229 0.148369
0.6 -1.8 0.340365 0.38326 0.278148 0.426644 0.147977
0.6 -1.7 0.525833 -0.0810125 0.528542 -0.00256644 0.147533
0.6 -1.6 0.226272 -0.505681 0.296082 -0.463748 0.146997
0.6 -1.5 -0.315474 -0.48559 -0.239277 -0.522756 0.146404
0.6 -1.4 -0.60809 0.00115536 -0.597189 -0.0867673 0.145695
0.6 -1.3 -0.348012 0.539788 -0.419047 0.479746 0.14482
0.6 -1.2 0.280747 0.622943 0.186562 0.650912 0.14379
0.6 -1.1 0.725499 0.110437 0.695205 0.210598 0.142591
0.6 -1 0.528864 -0.597838 0.600772 -0.510843 0.141402
0.6 -0.9 -0.241586 -0.849491 -0.120997 -0.863379 0.137443
0.6 0.9 -0.241586 -0.849491 -0.120996 -0.863379 0.137443
0.6 1 0.528864 -0.597838 0.600772 -0.510844 0.141402
0.6 1.1 0.725499 0.110437 0.695206 0.210597 0.14259
0.6 1.2 0.280747 0.622943 0.186562 0.650912 0.14379
0.6 1.3 -0.348012 0.539788 -0.419047 0.479746 0.14482
0.6 1.4 -0.60809 0.00115536 -0.597189 -0.0867673 0.145695
0.6 1.5 -0.315474 -0.48559 -0.239277 -0.522756 0.146404
0.6 1.6 0.226272 -0.505681 0.296083 -0.463748 0.146999
0.6 1.7 0.525833 -0.0810125 0.528542 -0.00256676 0.147532
0.6 1.8 0.340365 0.38326 0.278148 0.426644 0.147976
0.6 1.9 -0.132804 0.477027 -0.20081 0.449228 0.14837
0.7 -2 -0.452203 0.161292 -0.46871 0.0894638 0.153509
0.7 -1.9 -0.111795 0.482755 -0.18337 0.457021 0.153493
0.7 -1.8 0.357977 0.366819 0.295568 0.414733 0.153509
0.7 -1.7 0.520499 -0.107328 0.527305 -0.0260489 0.153474
0.7 -1.6 0.197903 -0.515963 0.272813 -0.476244 0.153431
0.7 -1.5 -0.342099 -0.464057 -0.265001 -0.507383 0.153399
0.7 -1.4 -0.602477 0.040071 -0.596995 -0.0523851 0.153391
0.7 -1.3 -0.305567 0.55699 -0.384258 0.499563 0.153341
0.7 -1.2 0.323338 0.589268 0.227176 0.626481 0.153406
0.7 -1.1 0.714475 0.0455878 0.692457 0.153273 0.153525
0.7 -1 0.45091 -0.622728 0.535677 -0.540276 0.153808
0.7 -0.9 -0.313418 -0.772726 -0.187734 -0.801963 0.154749
0.7 -0.8 -0.902158 -0.151633 -0.859615 -0.284666 0.152677
0.7 0.8 -0.902158 -0.151633 -0.859615 -0.284666 0.152677
0.7 0.9 -0.313418 -0.772726 -0.187734 -0.801963 0.154749
0.7 1 0.45091 -0.622728 0.535677 -0.540277 0.153808
0.7 1.1 0.714475 0.0455878 0.692457 0.153273 0.153525
0.7 1.2 0.323338 0.589268 0.227176 0.626481 0.153406
0.7 1.3 -0.305567 0.55699 -0.384258 0.499563 0.153341
0.7 1.4 -0.602477 0.040071 -0.596995 -0.0523847 0.15339
0.7 1.5 -0.342099 -0.464057 -0.265001 -0.507383 0.153398
0.7 1.6 0.197903 -0.515963 0.272813 -0.476244 0.153432
0.7 1.7 0.520499 -0.107328 0.527306 -0.0260492 0.153473
0.7 1.8 0.357977 0.366819 0.295567 0.414733 0.15351
0.7 1.9 -0.111795 0.482755 -0.18337 0.45702 0.153495
0.8 -2 -0.455243 0.152121 -0.470652 0.0778078 0.158116
0.8 -1.9 -0.122009 0.479774 -0.195153 0.451576 0.158351
0.8 -1.8 0.34878 0.374247 0.283194 0.422076 0.158674
0.8 -1.7 0.521396 -0.0940852 0.526224 -0.00997282 0.159019
0.8 -1.6 0.210778 -0.508088 0.28704 -0.464831 0.159391
0.8 -1.5 -0.326053 -0.470836 -0.244921 -0.51322 0.15983
0.8 -1.4 -0.597848 0.0201269 -0.588965 -0.0754013 0.160385
0.8 -1.3 -0.321601 0.538331 -0.40091 0.475856 0.161
0.8 -1.2 0.293045 0.591504 0.19191 0.625945 0.161849
0.8 -1.1 0.693797 0.0783791 0.665879 0.188651 0.162918
0.8 -1 0.469859 -0.574878 0.552591 -0.485237 0.164296
0.8 -0.9 -0.244046 -0.755671 -0.113966 -0.777514 0.166102
0.8 -0.8 -0.825088 -0.221254 -0.766597 -0.353318 0.169082
0.8 -0.7 -0.687186 0.616676 -0.776924 0.485489 0.172144
0.8 0.7 -0.687186 0.616676 -0.776924 0.485489 0.172144
0.8 0.8 -0.825088 -0.221254 -0.766598 -0.353317 0.169082
0.8 0.9 -0.244046 -0.755671 -0.113967 -0.777515 0.166101
0.8 1 0.469859 -0.574878 0.552591 -0.485236 0.164297
0.8 1.1 0.693797 0.0783791 0.665879 0.188651 0.162918
0.8 1.2 0.293045 0.591504 0.191909 0.625945 0.16185
0.8 1.3 -0.321601 0.538331 -0.40091 0.475856 0.161001
0.8 1.4 -0.597848 0.0201269 -0.588965 -0.075401 0.160385
0.8 1.5 -0.326053 -0.470836 -0.24492 -0.51322 0.15983
0.8 1.6 0.210778 -0.508088 0.287041 -0.464831 0.159391
0.8 1.7 0.521396 -0.0940852 0.526224 -0.00997321 0.159018
0.8 1.8 0.34878 0.374247 0.283193 0.422076 0.158675
0.8 1.9 -0.122009 0.479774 -0.195153 0.451576 0.158352
0.9 -2 -0.465147 0.11502 -0.474697 0.0377781 0.162432
0.9 -1.9 -0.161957 0.466461 -0.234243 0.431138 0.162939
0.9 -1.8 0.31223 0.402918 0.240655 0.445621 0.163508
0.9 -1.7 0.525499 -0.0426497 0.521895 0.0438026 0.164118
0.9 -1.6 0.261239 -0.479994 0.334433 -0.427472 0.164853
0.9 -1.5 -0.267999 -0.500538 -0.180181 -0.53422 0.165658
0.9 -1.4 -0.588974 -0.0537092 -0.567661 -0.149933 0.166643
0.9 -1.3 -0.386385 0.482078 -0.458273 0.407362 0.167824
0.9 -1.2 0.196002 0.617022 0.0881659 0.636211 0.169183
0.9 -1.1 0.653468 0.190596 0.606222 0.296888 0.170882
0.9 -1 0.553732 -0.457369 0.618906 -0.351671 0.172899
0.9 -0.9 -0.0655256 -0.757495 0.0676388 -0.750087 0.175412
0.9 -0.8 -0.696964 -0.407258 -0.606918 -0.519718 0.178472
0.9 -0.7 -0.78732 0.342225 -0.827411 0.190585 0.182706
0.9 -0.6 -0.2244 0.884641 -0.382851 0.819936 0.187532
0.9 -0.5 0.563073 0.786112 0.429387 0.837048 0.147948
0.9 0.5 0.563073 0.786112 0.429386 0.837049 0.14795
0.9 0.6 -0.2244 0.884641 -0.382852 0.819936 0.187533
0.9 0.7 -0.78732 0.342225 -0.82741 0.190586 0.182705
0.9 0.8 -0.696964 -0.407258 -0.606918 -0.519719 0.178473
0.9 0.9 -0.0655256 -0.757495 0.0676392 -0.750087 0.175413
0.9 1 0.553732 -0.457369 0.618905 -0.351672 0.172898
0.9 1.1 0.653468 0.190596 0.606223 0.296887 0.17088
0.9 1.2 0.196002 0.617022 0.0881658 0.636211 0.169183
0.9 1.3 -0.386385 0.482078 -0.458273 0.407362 0.167825
0.9 1.4 -0.588974 -0.0537092 -0.567661 -0.149934 0.166645
0.9 1.5 -0.267999 -0.500538 -0.180181 -0.53422 0.165659
0.9 1.6 0.261239 -0.479994 0.334434 -0.427471 0.164854
0.9 1.7 0.525499 -0.0426497 0.521895 0.0438023 0.164117
0.9 1.8 0.31223 0.402918 0.240655 0.44562 0.163506
0.9 1.9 -0.161957 0.466461 -0.234243 0.431138 0.162939
1 -2 -0.475077 0.049738 -0.473763 -0.0297632 0.166457
1 -1.9 -0.22742 0.436049 -0.295155 0.389462 0.167162
1 -1.8 0.244532 0.444254 0.165463 0.475872 0.167926
1 -1.7 0.521841 0.044938 0.503428 0.131425 0.168824
1 -1.6 0.33978 -0.422218 0.403726 -0.356038 0.169804
1 -1.5 -0.165077 -0.537065 -0.0704457 -0.553487 0.170941
1 -1.4 -0.557509 -0.172919 -0.515716 -0.264352 0.172229
1 -1.3 -0.477845 0.375528 -0.531799 0.284781 0.173715
1 -1.2 0.0353117 0.633254 -0.0756699 0.624792 0.175492
1 -1.1 0.561045 0.354073 0.485434 0.444359 0.177509
1 -1 0.646367 -0.256792 0.676266 -0.135305 0.179885
1 -0.9 0.192247 -0.704776 0.31485 -0.65206 0.182685
1 -0.8 -0.458661 -0.616351 -0.333074 -0.684445 0.185946
1 -0.7 -0.807034 -0.0430276 -0.776612 -0.193379 0.189807
1 -0.6 -0.600793 0.599954 -0.698728 0.467177 0.194319
1 -0.5 -0.00382469 0.889091 -0.178489 0.862082 0.198786
1 -0.4 0.595927 0.708719 0.435423 0.801307 0.20011
1 -0.3 0.921352 0.25943 0.834341 0.451887 0.220661
1 -0.2 0.963982 -0.180154 0.987378 0.0957405 0.282342
1 -0.1 0.884734 -0.455564 0.946129 -0.273337 0.193232
1 0.1 0.884734 -0.455564 0.946129 -0.273339 0.19323
1 0.2 0.963982 -0.180154 0.987378 0.0957403 0.282342
1 0.3 0.921352 0.25943 0.834342 0.451887 0.220661
1 0.4 0.595927 0.708719 0.435422 0.801305 0.200109
1 0.5 -0.00382469 0.889091 -0.17849 0.862083 0.198787
1 0.6 -0.600793 0.599954 -0.698729 0.467177 0.19432
1 0.7 -0.807034 -0.0430276 -0.776611 -0.193378 0.189806
1 0.8 -0.458661 -0.616351 -0.333074 -0.684445 0.185946
1 0.9 0.192247 -0.704776 0.314851 -0.65206 0.182686
1 1 0.646367 -0.256792 0.676266 -0.135305 0.179885
1 1.1 0.561045 0.354073 0.485435 0.444358 0.177508
1 1.2 0.0353117 0.633254 -0.0756695 0.624792 0.175491
1 1.3 -0.477845 0.375528 -0.531799 0.28478 0.173716
1 1.4 -0.557509 -0.172919 -0.515716 -0.264352 0.172229
1 1.5 -0.165077 -0.537065 -0.0704456 -0.553487 0.170941
1 1.6 0.33978 -0.422218 0.403726 -0.356038 0.169802
1 1.7 0.521841 0.044938 0.503428 0.131426 0.168825
1 1.8 0.244532 0.444254 0.165463 0.475872 0.167927
1 1.9 -0.22742 0.436049 -0.295155 0.389463 0.167161
1.1 -2 -0.473689 -0.042509 -0.456691 -0.121663 0.170226
1.1 -1.9 -0.309836 0.378511 -0.367598 0.317965 0.171072
1.1 -1.8 0.141738 0.483418 0.0561948 0.497339 0.17204
1.1 -1.7 0.493478 0.162543 0.454914 0.243785 0.173089
1.1 -1.6 0.428928 -0.322504 0.47529 -0.241271 0.174292
1.1 -1.5 -0.0174143 -0.554895 0.0796579 -0.545559 0.175659
1.1 -1.4 -0.47847 -0.319388 -0.41147 -0.396195 0.177172
1.1 -1.3 -0.560081 0.207017 -0.583771 0.102855 0.178897
1.1 -1.2 -0.174161 0.595892 -0.276835 0.550465 0.180847
1.1 -1.1 0.383532 0.520429 0.279728 0.577252 0.183049
1.1 -1 0.673757 0.0221206 0.652685 0.145424 0.185563
1.1 -0.9 0.465098 -0.527967 0.551493 -0.427404 0.188426
1.1 -0.8 -0.0961621 -0.72832 0.0446403 -0.72689 0.191671
1.1 -0.7 -0.622658 -0.447245 -0.518799 -0.555044 0.195257
1.1 -0.6 -0.790274 0.115571 -0.790088 -0.043501 0.199169
1.1 -0.5 -0.547676 0.623012 -0.656459 0.494174 0.203277
1.1 -0.4 -0.0847863 0.853414 -0.257084 0.809483 0.207331
1.1 -0.3 0.358727 0.80509 0.179044 0.853955 0.211266
1.1 -0.2 0.651973 0.619603 0.49961 0.738253 0.214704
1.1 -0.1 0.792449 0.448705 0.670501 0.603546 0.216431
1.1 6.38378e-16 0.830506 0.38279 0.719838 0.54648 0.216069
1.1 0.1 0.792449 0.448705 0.670502 0.603544 0.216429
1.1 0.2 0.651973 0.619603 0.49961 0.738252 0.214704
1.1 0.3 0.358727 0.80509 0.179044 0.853955 0.211266
1.1 0.4 -0.0847863 0.853414 -0.257084 0.809482 0.207331
1.1 0.5 -0.547676 0.623012 -0.65646 0.494175 0.203277
1.1 0.6 -0.790274 0.115571 -0.790089 -0.0435011 0.199169
1.1 0.7 -0.622658 -0.447245 -0.518799 -0.555043 0.195256
1.1 0.8 -0.0961621 -0.72832 0.0446407 -0.726891 0.191672
1.1 0.9 0.465098 -0.527967 0.551493 -0.427404 0.188426
1.1 1 0.673757 0.0221206 0.652684 0.145423 0.185561
1.1 1.1 0.383532 0.520429 0.279729 0.577251 0.183048
1.1 1.2 -0.174161 0.595892 -0.276835 0.550465 0.180847
1.1 1.3 -0.560081 0.207017 -0.583771 0.102855 0.178897
1.1 1.4 -0.47847 -0.319388 -0.411469 -0.396195 0.177173
1.1 1.5 -0.0174143 -0.554895 0.0796584 -0.545559 0.17566
1.1 1.6 0.428928 -0.322504 0.475291 -0.24127 0.174293
1.1 1.7 0.493478 0.162543 0.454914 0.243785 0.173089
1.1 1.8 0.141738 0.483418 0.0561955 0.497339 0.172039
1.1 1.9 -0.309836 0.378511 -0.367598 0.317965 0.171072
1.2 -2 -0.446455 -0.156128 -0.410009 -0.229758 0.173704
1.2 -1.9 -0.394346 0.283927 -0.43504 0.20943 0.174691
1.2 -1.8 0.00448082 0.499787 -0.0827887 0.489625 0.175786
1.2 -1.7 0.421397 0.29553 0.360129 0.36296 0.177012
1.2 -1.6 0.501689 -0.173013 0.520972 -0.0803494 0.178352
1.2 -1.5 0.163376 -0.522933 0.252907 -0.481772 0.179862
1.2 -1.4 -0.330742 -0.459697 -0.240251 -0.508437 0.181493
1.2 -1.3 -0.585823 -0.018778 -0.56838 -0.124814 0.183342
1.2 -1.2 -0.392077 0.463825 -0.467688 0.380395 0.185392
1.2 -1.1 0.114025 0.619545 -0.00408635 0.625161 0.187706
1.2 -1 0.56532 0.328606 0.488784 0.426623 0.190184
1.2 -0.9 0.646853 -0.206317 0.669068 -0.0771671 0.193011
1.2 -0.8 0.313332 -0.631363 0.427274 -0.553215 0.196025
1.2 -0.7 -0.214604 -0.698799 -0.0706779 -0.721357 0.199291
1.2 -0.6 -0.637947 -0.407066 -0.537647 -0.523164 0.202739
1.2 -0.5 -0.779249 0.0545405 -0.766934 -0.106064 0.206202
1.2 -0.4 -0.651187 0.470115 -0.728498 0.320615 0.209559
1.2 -0.3 -0.386071 0.725301 -0.526315 0.621213 0.21256
1.2 -0.2 -0.123505 0.826486 -0.29519 0.773624 0.214966
1.2 -0.1 0.0529032 0.842739 -0.129187 0.826654 0.216485
1.2 6.38378e-16 0.113371 0.839747 -0.0705606 0.836639 0.217094
1.2 0.1 0.0529032 0.842739 -0.129184 0.826653 0.216481
1.2 0.2 -0.123505 0.826486 -0.295192 0.773623 0.214968
1.2 0.3 -0.386071 0.725301 -0.526315 0.621213 0.21256
1.2 0.4 -0.651187 0.470115 -0.728498 0.320615 0.209559
1.2 0.5 -0.779249 0.0545405 -0.766935 -0.106064 0.206202
1.2 0.6 -0.637947 -0.407066 -0.537647 -0.523164 0.202738
1.2 0.7 -0.214604 -0.698799 -0.070678 -0.721357 0.199291
1.2 0.8 0.313332 -0.631363 0.427274 -0.553215 0.196025
1.2 0.9 0.646853 -0.206317 0.669067 -0.0771672 0.19301
1.2 1 0.56532 0.328606 0.488784 0.426624 0.190185
1.2 1.1 0.114025 0.619545 -0.0040866 0.625162 0.187706
1.2 1.2 -0.392077 0.463825 -0.467689 0.380395 0.185393
1.2 1.3 -0.585823 -0.018778 -0.56838 -0.124814 0.183342
1.2 1.4 -0.330742 -0.459697 -0.240251 -0.508436 0.181493
1.2 1.5 0.163376 -0.522933 0.252908 -0.481772 0.179863
1.2 1.6 0.501689 -0.173013 0.520972 -0.0803491 0.178352
1.2 1.7 0.421397 0.29553 0.360129 0.36296 0.177012
1.2 1.8 0.00448082 0.499787 -0.0827892 0.489625 0.175787
1.2 1.9 -0.394346 0.283927 -0.43504 0.20943 0.174692
1.3 -2 -0.378659 -0.278176 -0.321518 -0.338551 0.176922
1.3 -1.9 -0.459073 0.147498 -0.474932 0.0631384 0.178017
1.3 -1.8 -0.156631 0.469899 -0.236654 0.431473 0.179221
1.3 -1.7 0.29138 0.41772 0.2099 0.460361 0.180565
1.3 -1.6 0.523804 0.0207082 0.507913 0.11478 0.181996
1.3 -1.5 0.347232 -0.413683 0.414342 -0.340696 0.18358
1.3 -1.4 -0.111545 -0.545716 -0.00858131 -0.553074 0.185325
1.3 -1.3 -0.508975 -0.267413 -0.446826 -0.355293 0.18721
1.3 -1.2 -0.550634 0.222624 -0.578556 0.113736 0.189265
1.3 -1.1 -0.204575 0.578816 -0.309171 0.525077 0.191551
1.3 -1 0.293926 0.562578 0.178047 0.60421 0.193987
1.3 -0.9 0.627014 0.193573 0.572324 0.310451 0.196644
1.3 -0.8 0.609864 -0.296304 0.651411 -0.167607 0.199454
1.3 -0.7 0.281104 -0.640811 0.401466 -0.566166 0.202398
1.3 -0.6 -0.168013 -0.700952 -0.020583 -0.714524 0.205399
1.3 -0.5 -0.539387 -0.507344 -0.418553 -0.603264 0.208342
1.3 -0.4 -0.733651 -0.190834 -0.671211 -0.338174 0.211096
1.3 -0.3 -0.763763 0.117358 -0.764597 -0.0476086 0.213489
1.3 -0.2 -0.704469 0.343557 -0.755238 0.182557 0.215386
1.3 -0.1 -0.6346 0.471608 -0.715257 0.320543 0.216592
1.3 6.38378e-16 -0.60564 0.511885 -0.696005 0.365426 0.21702
1.3 0.1 -0.6346 0.471608 -0.715258 0.320542 0.216593
1.3 0.2 -0.704469 0.343557 -0.755238 0.182557 0.215386
1.3 0.3 -0.763763 0.117358 -0.764597 -0.0476075 0.213487
1.3 0.4 -0.733651 -0.190834 -0.671211 -0.338173 0.211095
1.3 0.5 -0.539387 -0.507344 -0.418554 -0.603264 0.208341
1.3 0.6 -0.168013 -0.700952 -0.0205832 -0.714524 0.205399
1.3 0.7 0.281104 -0.640811 0.401466 -0.566167 0.202398
1.3 0.8 0.609864 -0.296304 0.651411 -0.167608 0.199454
1.3 0.9 0.627014 0.193573 0.572324 0.310451 0.196644
1.3 1 0.293926 0.562578 0.178047 0.60421 0.193987
1.3 1.1 -0.204575 0.578816 -0.309171 0.525077 0.191551
1.3 1.2 -0.550634 0.222624 -0.578556 0.113736 0.189265
1.3 1.3 -0.508975 -0.267413 -0.446826 -0.355293 0.18721
1.3 1.4 -0.111545 -0.545716 -0.0085816 -0.553074 0.185325
1.3 1.5 0.347232 -0.413683 0.414342 -0.340696 0.18358
1.3 1.6 0.523804 0.0207082 0.507913 0.114781 0.181997
1.3 1.7 0.29138 0.41772 0.2099 0.460361 0.180565
1.3 1.8 -0.156631 0.469899 -0.236655 0.431473 0.179221
1.3 1.9 -0.459073 0.147498 -0.474933 0.0631378 0.178018
1.4 -2 -0.260487 -0.386782 -0.185602 -0.424587 0.179889
1.4 -1.9 -0.477385 -0.0244745 -0.462134 -0.109669 0.18106
1.4 -1.8 -0.317071 0.374097 -0.377426 0.308113 0.182353
1.4 -1.7 0.103326 0.492778 0.0110976 0.50008 0.18375
1.4 -1.6 0.462424 0.232004 0.40881 0.311456 0.185267
1.4 -1.5 0.48543 -0.217716 0.514035 -0.122502 0.186871
1.4 -1.4 0.149832 -0.526576 0.244611 -0.485567 0.18863
1.4 -1.3 -0.30775 -0.472318 -0.210798 -0.518569 0.190549
1.4 -1.2 -0.573405 -0.0920019 -0.541121 -0.199072 0.192568
1.4 -1.1 -0.476092 0.362538 -0.533564 0.261156 0.194746
1.4 -1 -0.0854572 0.610662 -0.202418 0.577587 0.197122
1.4 -0.9 0.36249 0.521535 0.249436 0.578854 0.199571
1.4 -0.8 0.632051 0.166836 0.580864 0.288663 0.202146
1.4 -0.7 0.619293 -0.260714 0.654305 -0.127667 0.204748
1.4 -0.6 0.373951 -0.579149 0.481813 -0.485315 0.20738
1.4 -0.5 0.02932 -0.704916 0.174865 -0.677592 0.209897
1.4 -0.4 -0.288738 -0.659334 -0.141442 -0.699736 0.212197
1.4 -0.3 -0.514253 -0.520368 -0.387975 -0.613121 0.214163
1.4 -0.2 -0.642013 -0.368911 -0.543051 -0.494285 0.215711
1.4 -0.1 -0.699084 -0.260226 -0.621113 -0.401787 0.216656
1.4 6.38378e-16 -0.714252 -0.221492 -0.643984 -0.367716 0.216943
1.4 0.1 -0.699084 -0.260226 -0.621113 -0.401787 0.216656
1.4 0.2 -0.642013 -0.368911 -0.543052 -0.494281 0.215707
1.4 0.3 -0.514253 -0.520368 -0.387975 -0.613121 0.214163
1.4 0.4 -0.288738 -0.659334 -0.141441 -0.699736 0.212199
1.4 0.5 0.02932 -0.704916 0.174866 -0.677592 0.209898
1.4 0.6 0.373951 -0.579149 0.481813 -0.485314 0.207382
1.4 0.7 0.619293 -0.260714 0.654305 -0.127667 0.204748
1.4 0.8 0.632051 0.166836 0.580865 0.288662 0.202146
1.4 0.9 0.36249 0.521535 0.249436 0.578855 0.199571
1.4 1 -0.0854572 0.610662 -0.202418 0.577586 0.197122
1.4 1.1 -0.476092 0.362538 -0.533563 0.261155 0.194746
1.4 1.2 -0.573405 -0.0920019 -0.541121 -0.199072 0.192567
1.4 1.3 -0.30775 -0.472318 -0.210798 -0.518569 0.190549
1.4 1.4 0.149832 -0.526576 0.244611 -0.485567 0.188629
1.4 1.5 0.48543 -0.217716 0.514034 -0.122502 0.186871
1.4 1.6 0.462424 0.232004 0.40881 0.311456 0.185267
1.4 1.7 0.103326 0.492778 0.0110979 0.50008 0.183749
1.4 1.8 -0.317071 0.374097 -0.377426 0.308113 0.182352
1.4 1.9 -0.477385 -0.0244745 -0.462135 -0.10967 0.181061
1.5 -2 -0.0936166 -0.452846 -0.00941603 -0.459427 0.182641
1.5 -1.9 -0.424488 -0.209737 -0.376368 -0.282289 0.183873
1.5 -1.8 -0.438997 0.206444 -0.466568 0.120943 0.185186
1.5 -1.7 -0.12 0.48267 -0.20647 0.448916 0.186633
1.5 -1.6 0.301121 0.411908 0.216951 0.458091 0.188162
1.5 -1.5 0.522101 0.0414374 0.50141 0.138649 0.189768
1.5 -1.4 0.388309 -0.372187 0.449212 -0.289107 0.191517
1.5 -1.3 -0.00944176 -0.552511 0.0967129 -0.54016 0.193399
1.5 -1.2 -0.414301 -0.388325 -0.328289 -0.458383 0.19536
1.5 -1.1 -0.583393 0.0120839 -0.570203 -0.10238 0.19746
1.5 -1 -0.433291 0.414296 -0.503465 0.317305 0.199696
1.5 -0.9 -0.0628747 0.61233 -0.183627 0.58273 0.201979
1.5 -0.8 0.335553 0.534932 0.217802 0.587629 0.204294
1.5 -0.7 0.596396 0.250638 0.527834 0.365403 0.206648
1.5 -0.6 0.65338 -0.103686 0.655513 0.0345158 0.208929
1.5 -0.5 0.538567 -0.406834 0.607344 -0.282086 0.211052
1.5 -0.4 0.334207 -0.599884 0.450452 -0.51108 0.213025
1.5 -0.3 0.121136 -0.685741 0.263038 -0.638773 0.214649
1.5 -0.2 -0.0486791 -0.701876 0.102793 -0.690314 0.21592
1.5 -0.1 -0.153266 -0.691224 -0.000257729 -0.702317 0.216677
1.5 6.38378e-16 -0.188077 -0.684136 -0.0352513 -0.702941 0.217019
1.5 0.1 -0.153266 -0.691224 -0.00025832 -0.702317 0.216676
1.5 0.2 -0.0486791 -0.701876 0.102793 -0.690314 0.21592
1.5 0.3 0.121136 -0.685741 0.263038 -0.638773 0.214649
1.5 0.4 0.334207 -0.599884 0.450452 -0.51108 0.213025
1.5 0.5 0.538567 -0.406834 0.607344 -0.282085 0.211053
1.5 0.6 0.65338 -0.103686 0.655513 0.0345157 0.208928
1.5 0.7 0.596396 0.250638 0.527834 0.365403 0.206647
1.5 0.8 0.335553 0.534932 0.217803 0.587629 0.204293
1.5 0.9 -0.0628747 0.61233 -0.183627 0.58273 0.201979
1.5 1 -0.433291 0.414296 -0.503465 0.317305 0.199695
1.5 1.1 -0.583393 0.0120839 -0.570203 -0.10238 0.19746
1.5 1.2 -0.414301 -0.388325 -0.328289 -0.458383 0.19536
1.5 1.3 -0.00944176 -0.552511 0.0967128 -0.54016 0.193399
1.5 1.4 0.388309 -0.372187 0.449212 -0.289107 0.191517
1.5 1.5 0.522101 0.0414374 0.50141 0.138649 0.189768
1.5 1.6 0.301121 0.411908 0.216951 0.458091 0.188162
1.5 1.7 -0.12 0.48267 -0.206469 0.448916 0.186633
1.5 1.8 -0.438997 0.206444 -0.466568 0.120943 0.185186
1.5 1.9 -0.424488 -0.209737 -0.376368 -0.282289 0.183873
1.6 -2 0.10284 -0.446534 0.18245 -0.417199 0.185155
1.6 -1.9 -0.288045 -0.369682 -0.21287 -0.414179 0.186401
1.6 -1.8 -0.479334 -0.0151951 -0.464987 -0.104094 0.187768
1.6 -1.7 -0.330313 0.363286 -0.390434 0.292455 0.189217
1.6 -1.6 0.0563584 0.499771 -0.0395732 0.498067 0.190772
1.6 -1.5 0.418005 0.301464 0.350006 0.373599 0.192352
1.6 -1.4 0.51878 -0.0997376 0.524689 0.00262244 0.194084
1.6 -1.3 0.30039 -0.450679 0.380063 -0.380633 0.19587
1.6 -1.2 -0.0993871 -0.546337 0.0103253 -0.551322 0.197776
1.6 -1.1 -0.452505 -0.34537 -0.371923 -0.425613 0.199775
1.6 -1 -0.582467 0.0313041 -0.572683 -0.0860119 0.20182
1.6 -0.9 -0.448673 0.394308 -0.515744 0.292618 0.20394
1.6 -0.8 -0.137169 0.595459 -0.254755 0.550452 0.206045
1.6 -0.7 0.212242 0.587081 0.0850806 0.613731 0.208122
1.6 -0.6 0.483943 0.413688 0.383541 0.502105 0.210134
1.6 -0.5 0.627082 0.162988 0.574004 0.289687 0.212014
1.6 -0.4 0.652304 -0.0841043 0.650203 0.0564114 0.21367
1.6 -0.3 0.604062 -0.279777 0.644982 -0.142614 0.215015
1.6 -0.2 0.532016 -0.409962 0.603122 -0.283468 0.21605
1.6 -0.1 0.47428 -0.480723 0.562569 -0.363976 0.216749
1.6 6.38378e-16 0.452736 -0.502729 0.546491 -0.389799 0.216951
1.6 0.1 0.47428 -0.480723 0.56257 -0.363976 0.21675
1.6 0.2 0.532016 -0.409962 0.603122 -0.283468 0.216051
1.6 0.3 0.604062 -0.279777 0.644981 -0.142614 0.215014
1.6 0.4 0.652304 -0.0841043 0.650202 0.0564114 0.21367
1.6 0.5 0.627082 0.162988 0.574004 0.289688 0.212015
1.6 0.6 0.483943 0.413688 0.383541 0.502105 0.210132
1.6 0.7 0.212242 0.587081 0.0850806 0.613731 0.208122
1.6 0.8 -0.137169 0.595459 -0.254754 0.550452 0.206045
1.6 0.9 -0.448673 0.394308 -0.515744 0.292616 0.203942
1.6 1 -0.582467 0.0313041 -0.572682 -0.086012 0.20182
1.6 1.1 -0.452505 -0.34537 -0.371923 -0.425613 0.199775
1.6 1.2 -0.0993871 -0.546337 0.0103253 -0.551322 0.197776
1.6 1.3 0.30039 -0.450679 0.380062 -0.380633 0.19587
1.6 1.4 0.51878 -0.0997376 0.524689 0.00262238 0.194084
1.6 1.5 0.418005 0.301464 0.350006 0.373598 0.192351
1.6 1.6 0.0563584 0.499771 -0.0395732 0.498067 0.190772
1.6 1.7 -0.330313 0.363286 -0.390434 0.292455 0.189217
1.6 1.8 -0.479334 -0.0151951 -0.464987 -0.104094 0.187768
1.6 1.9 -0.288045 -0.369682 -0.21287 -0.414179 0.186401
1.7 -2 0.29062 -0.348509 0.348498 -0.286166 0.187462
1.7 -1.9 -0.0797268 -0.456697 0.00769257 -0.46061 0.188753
1.7 -1.8 -0.405789 -0.24466 -0.349746 -0.315187 0.190112
1.7 -1.7 -0.463036 0.142573 -0.478634 0.0510928 0.191544
1.7 -1.6 -0.214135 0.44689 -0.294278 0.394654 0.193045
1.7 -1.5 0.178711 0.474444 0.0826029 0.496794 0.194625
1.7 -1.4 0.472811 0.213494 0.418985 0.299939 0.196294
1.7 -1.3 0.500691 -0.176427 0.522095 -0.0734941 0.198044
1.7 -1.2 0.258432 -0.477757 0.346111 -0.413751 0.199854
1.7 -1.1 -0.115753 -0.543416 -0.00399399 -0.551712 0.201701
1.7 -1 -0.438175 -0.361484 -0.353078 -0.439827 0.203627
1.7 -0.9 -0.579342 -0.0335579 -0.556133 -0.150554 0.205537
1.7 -0.8 -0.51106 0.299292 -0.557864 0.185683 0.207468
1.7 -0.7 -0.291039 0.528834 -0.392144 0.453058 0.209316
1.7 -0.6 -0.0126982 0.61409 -0.140655 0.593231 0.211073
1.7 -0.5 0.243161 0.574421 0.114879 0.608354 0.21273
1.7 -0.4 0.432902 0.460479 0.32212 0.538242 0.214156
1.7 -0.3 0.549644 0.325363 0.463417 0.432502 0.215315
1.7 -0.2 0.609034 0.208342 0.545605 0.332213 0.216203
1.7 -0.1 0.633163 0.131766 0.585229 0.263507 0.216768
1.7 6.38378e-16 0.639122 0.105402 0.59662 0.239341 0.216935
1.7 0.1 0.633163 0.131766 0.585229 0.263506 0.216767
1.7 0.2 0.609034 0.208342 0.545605 0.332212 0.216202
1.7 0.3 0.549644 0.325363 0.463417 0.432502 0.215316
1.7 0.4 0.432902 0.460479 0.32212 0.538241 0.214156
1.7 0.5 0.243161 0.574421 0.114879 0.608354 0.21273
1.7 0.6 -0.0126982 0.61409 -0.140655 0.593231 0.211074
1.7 0.7 -0.291039 0.528834 -0.392144 0.453057 0.209317
1.7 0.8 -0.51106 0.299292 -0.557864 0.185683 0.207467
1.7 0.9 -0.579342 -0.0335579 -0.556133 -0.150554 0.205537
1.7 1 -0.438175 -0.361484 -0.353079 -0.439827 0.203627
1.7 1.1 -0.115753 -0.543416 -0.0039947 -0.551713 0.2017
1.7 1.2 0.258432 -0.477757 0.346111 -0.413751 0.199854
1.7 1.3 0.500691 -0.176427 0.522095 -0.0734942 0.198043
1.7 1.4 0.472811 0.213494 0.418985 0.299939 0.196293
1.7 1.5 0.178711 0.474444 0.0826029 0.496794 0.194625
1.7 1.6 -0.214135 0.44689 -0.294278 0.394655 0.193045
1.7 1.7 -0.463036 0.142573 -0.478634 0.0510929 0.191544
1.7 1.8 -0.405789 -0.24466 -0.349746 -0.315188 0.190112
1.7 1.9 -0.0797268 -0.456697 0.00769259 -0.46061 0.188753
1.8 -2 0.418547 -0.162964 0.439054 -0.080315 0.18959
1.8 -1.9 0.158178 -0.430234 0.235748 -0.389745 0.190888
1.8 -1.8 -0.216534 -0.414861 -0.132074 -0.44583 0.192232
1.8 -1.7 -0.460331 -0.128337 -0.424097 -0.213486 0.19364
1.8 -1.6 -0.421513 0.246147 -0.458363 0.158319 0.195127
1.8 -1.5 -0.128884 0.481703 -0.219446 0.444087 0.196659
1.8 -1.4 0.243019 0.447721 0.14864 0.483697 0.198271
1.8 -1.3 0.490662 0.173377 0.443199 0.265957 0.199922
1.8 -1.2 0.496249 -0.190291 0.520786 -0.0859793 0.201622
1.8 -1.1 0.274457 -0.468067 0.361203 -0.399854 0.203379
1.8 -1 -0.0599882 -0.550369 0.0535367 -0.54715 0.205139
1.8 -0.9 -0.36699 -0.428843 -0.268676 -0.491856 0.206887
1.8 -0.8 -0.547832 -0.174215 -0.496017 -0.282385 0.20864
1.8 -0.7 -0.573294 0.115116 -0.58047 -0.00764114 0.210293
1.8 -0.6 -0.472676 0.35951 -0.534053 0.249675 0.211871
1.8 -0.5 -0.303002 0.520223 -0.403773 0.440619 0.21331
1.8 -0.4 -0.119792 0.597154 -0.242971 0.553587 0.214525
1.8 -0.3 0.0389422 0.6135 -0.0931494 0.603039 0.215549
1.8 -0.2 0.154906 0.599221 0.0218391 0.613955 0.216312
1.8 -0.1 0.223533 0.579892 0.092204 0.609932 0.216774
1.8 6.38378e-16 0.246041 0.571646 0.115685 0.606791 0.216939
1.8 0.1 0.223533 0.579892 0.0922038 0.609932 0.216774
1.8 0.2 0.154906 0.599221 0.0218393 0.613955 0.216311
1.8 0.3 0.0389422 0.6135 -0.0931485 0.603039 0.215547
1.8 0.4 -0.119792 0.597154 -0.242972 0.553587 0.214527
1.8 0.5 -0.303002 0.520223 -0.403773 0.440619 0.213311
1.8 0.6 -0.472676 0.35951 -0.534053 0.249675 0.21187
1.8 0.7 -0.573294 0.115116 -0.58047 -0.00764107 0.210293
1.8 0.8 -0.547832 -0.174215 -0.496017 -0.282384 0.208639
1.8 0.9 -0.36699 -0.428843 -0.268674 -0.491856 0.206889
1.8 1 -0.0599882 -0.550369 0.0535369 -0.547149 0.205139
1.8 1.1 0.274457 -0.468067 0.361202 -0.399855 0.203377
1.8 1.2 0.496249 -0.190291 0.520785 -0.0859779 0.201624
1.8 1.3 0.490662 0.173377 0.443199 0.265957 0.199921
1.8 1.4 0.243019 0.447721 0.148641 0.483698 0.19827
1.8 1.5 -0.128884 0.481703 -0.219446 0.444087 0.196658
1.8 1.6 -0.421513 0.246147 -0.458363 0.158319 0.195127
1.8 1.7 -0.460331 -0.128337 -0.424097 -0.213485 0.193639
1.8 1.8 -0.216534 -0.414861 -0.132074 -0.44583 0.192232
1.8 1.9 0.158178 -0.430234 0.235748 -0.389744 0.190888
1.9 -2 0.438259 0.0735199 0.413522 0.154964 0.191541
1.9 -1.9 0.357882 -0.277823 0.402101 -0.202488 0.192808
1.9 -1.8 0.045826 -0.459743 0.133161 -0.439336 0.194119
1.9 -1.7 -0.301874 -0.361866 -0.224026 -0.411141 0.195507
1.9 -1.6 -0.478339 -0.0477928 -0.456629 -0.139956 0.196966
1.9 -1.5 -0.388753 0.298947 -0.437345 0.214642 0.198421
1.9 -1.4 -0.0912248 0.491874 -0.186285 0.460696 0.19998
1.9 -1.3 0.254643 0.442144 0.15946 0.481067 0.201543
1.9 -1.2 0.484786 0.188763 0.433508 0.28118 0.203156
1.9 -1.1 0.510516 -0.143154 0.525373 -0.0356148 0.204751
1.9 -1 0.343142 -0.416995 0.418736 -0.335066 0.206424
1.9 -0.9 0.0654544 -0.545677 0.176035 -0.516586 0.208052
1.9 -0.8 -0.220671 -0.513329 -0.10771 -0.544269 0.209613
1.9 -0.7 -0.438501 -0.360033 -0.350359 -0.441138 0.211112
1.9 -0.6 -0.555587 -0.149246 -0.507688 -0.261733 0.212522
1.9 -0.5 -0.579065 0.0616198 -0.574726 -0.0627906 0.213771
1.9 -0.4 -0.538687 0.236616 -0.572707 0.114871 0.214849
1.9 -0.3 -0.469539 0.362555 -0.532645 0.251215 0.215736
1.9 -0.2 -0.401031 0.441965 -0.483412 0.342502 0.216405
1.9 -0.1 -0.352917 0.48396 -0.445916 0.393338 0.216789
1.9 6.38378e-16 -0.335796 0.496878 -0.43216 0.409472 0.216938
1.9 0.1 -0.352917 0.48396 -0.445916 0.393338 0.216789
1.9 0.2 -0.401031 0.441965 -0.483413 0.342502 0.216406
1.9 0.3 -0.469539 0.362555 -0.532644 0.251216 0.215735
1.9 0.4 -0.538687 0.236616 -0.572707 0.11487 0.214849
1.9 0.5 -0.579065 0.0616198 -0.574726 -0.0627916 0.213772
1.9 0.6 -0.555587 -0.149246 -0.507687 -0.261734 0.212524
1.9 0.7 -0.438501 -0.360033 -0.350359 -0.441138 0.211113
1.9 0.8 -0.220671 -0.513329 -0.10771 -0.544269 0.209614
1.9 0.9 0.0654544 -0.545677 0.176035 -0.516585 0.208053
1.9 1 0.343142 -0.416995 0.418736 -0.335067 0.206424
1.9 1.1 0.510516 -0.143154 0.525373 -0.0356147 0.204751
1.9 1.2 0.484786 0.188763 0.433509 0.28118 0.203154
1.9 1.3 0.254643 0.442144 0.15946 0.481067 0.201543
1.9 1.4 -0.0912248 0.491874 -0.186285 0.460696 0.19998
1.9 1.5 -0.388753 0.298947 -0.437345 0.214642 0.19842
1.9 1.6 -0.478339 -0.0477928 -0.456629 -0.139956 0.196966
1.9 1.7 -0.301874 -0.361866 -0.224026 -0.411141 0.195507
1.9 1.8 0.045826 -0.459743 0.133161 -0.439336 0.194119
1.9 1.9 0.357882 -0.277823 0.402101 -0.202488 0.192808
