-2 -2 0.309594 0.215308 0.284044 0.24984 0.11391
-2 -1.9 0.3846 0.0820683 0.373476 0.119048 0.0981967
-2 -1.8 0.406853 -0.0651325 0.406369 -0.0303452 0.0844364
-2 -1.7 0.380425 -0.206993 0.386611 -0.17553 0.0740379
-2 -1.6 0.315591 -0.329209 0.326132 -0.300102 0.0678805
-2 -1.5 0.22637 -0.424179 0.240908 -0.396291 0.0654104
-2 -1.4 0.127218 -0.491847 0.146311 -0.465197 0.0645308
-2 -1.3 0.0293418 -0.538651 0.0529575 -0.514468 0.0626578
-2 -1.2 -0.0618088 -0.574248 -0.0352154 -0.553923 0.0579519
-2 -1.1 -0.146373 -0.607245 -0.11961 -0.591017 0.0501062
-2 -1 -0.227126 -0.642059 -0.203074 -0.628432 0.0405903
-2 -0.9 -0.305387 -0.67856 -0.285718 -0.664898 0.0321836
-2 -0.8 -0.378247 -0.714408 -0.362926 -0.698383 0.0274266
-2 -0.7 -0.438781 -0.748295 -0.426655 -0.729287 0.0259921
-2 -0.6 -0.479096 -0.781755 -0.469118 -0.761378 0.0247449
-2 -0.5 -0.494411 -0.818275 -0.486643 -0.799757 0.0210048
-2 -0.4 -0.485895 -0.860333 -0.481608 -0.847114 0.0140643
-2 -0.3 -0.460896 -0.906391 -0.461704 -0.900692 0.00566072
-2 -0.2 -0.430668 -0.949984 -0.437253 -0.951936 0.00658416
-2 -0.1 -0.406808 -0.981744 -0.418039 -0.989327 0.0127517
-2 6.38378e-16 -0.39782 -0.993423 -0.410836 -1.00307 0.0151382
-2 0.1 -0.406808 -0.981744 -0.418039 -0.989327 0.0127517
-2 0.2 -0.430668 -0.949984 -0.437253 -0.951936 0.00658416
-2 0.3 -0.460896 -0.906391 -0.461704 -0.900692 0.0056607
-2 0.4 -0.485895 -0.860333 -0.481608 -0.847114 0.0140643
-2 0.5 -0.494411 -0.818275 -0.486643 -0.799757 0.0210048
-2 0.6 -0.479096 -0.781755 -0.469118 -0.761378 0.0247449
-2 0.7 -0.438781 -0.748295 -0.426655 -0.729287 0.0259921
-2 0.8 -0.378247 -0.714408 -0.362926 -0.698383 0.0274266
-2 0.9 -0.305387 -0.67856 -0.285718 -0.664898 0.0321836
-2 1 -0.227126 -0.642059 -0.203074 -0.628432 0.0405903
-2 1.1 -0.146373 -0.607245 -0.11961 -0.591017 0.0501062
-2 1.2 -0.0618088 -0.574248 -0.0352154 -0.553923 0.0579519
-2 1.3 0.0293418 -0.538651 0.0529575 -0.514468 0.0626577
-2 1.4 0.127218 -0.491847 0.146311 -0.465197 0.0645307
-2 1.5 0.22637 -0.424179 0.240908 -0.396291 0.0654104
-2 1.6 0.315591 -0.329209 0.326132 -0.300102 0.0678805
-2 1.7 0.380425 -0.206993 0.386611 -0.17553 0.0740379
-2 1.8 0.406853 -0.0651325 0.406369 -0.0303453 0.0844363
-2 1.9 0.3846 0.0820683 0.373476 0.119048 0.0981966
-1.9 -2 0.360091 -0.11407 0.373218 -0.0694991 0.12301
-1.9 -1.9 0.296327 -0.257994 0.321995 -0.224925 0.106546
-1.9 -1.8 0.188107 -0.365678 0.219074 -0.344543 0.0911724
-1.9 -1.7 0.0544354 -0.42922 0.086114 -0.417329 0.0782073
-1.9 -1.6 -0.0869612 -0.448525 -0.056005 -0.442543 0.0690093
-1.9 -1.5 -0.221508 -0.429772 -0.190584 -0.427602 0.0641167
-1.9 -1.4 -0.339599 -0.383856 -0.307653 -0.3852 0.0623867
-1.9 -1.3 -0.438101 -0.32385 -0.405159 -0.329422 0.0613241
-1.9 -1.2 -0.520302 -0.261515 -0.487804 -0.271572 0.0584181
-1.9 -1.1 -0.593467 -0.204229 -0.563413 -0.217457 0.0523172
-1.9 -1 -0.664699 -0.154139 -0.638308 -0.167659 0.0434576
-1.9 -0.9 -0.737201 -0.110192 -0.71409 -0.120697 0.0340573
-1.9 -0.8 -0.808981 -0.0718231 -0.787519 -0.0770858 0.0272088
-1.9 -0.7 -0.874618 -0.0418176 -0.853257 -0.0416115 0.0243965
-1.9 -0.6 -0.92873 -0.0262735 -0.907457 -0.0221807 0.0233168
-1.9 -0.5 -0.968886 -0.0314337 -0.949794 -0.0257751 0.0205417
-1.9 -0.4 -0.99627 -0.0591966 -0.982815 -0.0538392 0.0145116
-1.9 -0.3 -1.01417 -0.104048 -1.00945 -0.0997943 0.006234
-1.9 -0.2 -1.0257 -0.153434 -1.03066 -0.150179 0.00572667
-1.9 -0.1 -1.03247 -0.191741 -1.04503 -0.189028 0.0122369
-1.9 6.38378e-16 -1.03475 -0.206155 -1.05018 -0.203593 0.0148278
-1.9 0.1 -1.03247 -0.191741 -1.04503 -0.189028 0.0122369
-1.9 0.2 -1.0257 -0.153434 -1.03066 -0.150179 0.00572667
-1.9 0.3 -1.01417 -0.104048 -1.00945 -0.0997943 0.00623398
-1.9 0.4 -0.99627 -0.0591966 -0.982815 -0.0538392 0.0145116
-1.9 0.5 -0.968886 -0.0314337 -0.949794 -0.0257751 0.0205417
-1.9 0.6 -0.92873 -0.0262735 -0.907457 -0.0221807 0.0233168
-1.9 0.7 -0.874618 -0.0418176 -0.853257 -0.0416115 0.0243965
-1.9 0.8 -0.808981 -0.0718231 -0.787519 -0.0770858 0.0272088
-1.9 0.9 -0.737201 -0.110192 -0.71409 -0.120697 0.0340572
-1.9 1 -0.664699 -0.154139 -0.638308 -0.167659 0.0434576
-1.9 1.1 -0.593467 -0.204229 -0.563413 -0.217457 0.0523172
-1.9 1.2 -0.520302 -0.261515 -0.487804 -0.271572 0.058418
-1.9 1.3 -0.438101 -0.32385 -0.405159 -0.329422 0.061324
-1.9 1.4 -0.339599 -0.383856 -0.307653 -0.3852 0.0623867
-1.9 1.5 -0.221508 -0.429772 -0.190584 -0.427602 0.0641167
-1.9 1.6 -0.0869612 -0.448525 -0.056005 -0.442543 0.0690092
-1.9 1.7 0.0544354 -0.42922 0.0861139 -0.417329 0.0782072
-1.9 1.8 0.188107 -0.365678 0.219074 -0.344543 0.0911723
-1.9 1.9 0.296327 -0.257994 0.321995 -0.224925 0.106546
-1.8 -2 0.132416 -0.355894 0.179118 -0.337673 0.132017
-1.8 -1.9 -0.0267891 -0.392778 0.0185075 -0.393978 0.115097
-1.8 -1.8 -0.182379 -0.368282 -0.144505 -0.382883 0.0987689
-1.8 -1.7 -0.315555 -0.294961 -0.286473 -0.31667 0.0840183
-1.8 -1.6 -0.41605 -0.188208 -0.394005 -0.2127 0.0721641
-1.8 -1.5 -0.480561 -0.0634403 -0.462801 -0.0891007 0.0643805
-1.8 -1.4 -0.511674 0.0653946 -0.496275 0.0381352 0.060694
-1.8 -1.3 -0.517099 0.187434 -0.503763 0.15763 0.0593651
-1.8 -1.2 -0.508004 0.296743 -0.497573 0.264444 0.0576927
-1.8 -1.1 -0.495919 0.39312 -0.489044 0.359992 0.0534631
-1.8 -1 -0.489244 0.480572 -0.485154 0.449305 0.0459804
-1.8 -0.9 -0.491297 0.563613 -0.487586 0.536577 0.0364991
-1.8 -0.8 -0.501135 0.643264 -0.494804 0.621397 0.0279188
-1.8 -0.7 -0.516523 0.715218 -0.505674 0.697941 0.0231243
-1.8 -0.6 -0.536827 0.771456 -0.521936 0.757648 0.0216074
-1.8 -0.5 -0.563641 0.804498 -0.547596 0.793759 0.0196557
-1.8 -0.4 -0.59861 0.811865 -0.585467 0.805078 0.0146652
-1.8 -0.3 -0.640113 0.798268 -0.633253 0.796981 0.00682204
-1.8 -0.2 -0.681494 0.774431 -0.68211 0.779448 0.00490016
-1.8 -0.1 -0.712615 0.753215 -0.71918 0.763402 0.0116876
-1.8 6.38378e-16 -0.724234 0.744852 -0.733053 0.757047 0.0144864
-1.8 0.1 -0.712615 0.753215 -0.71918 0.763402 0.0116876
-1.8 0.2 -0.681494 0.774431 -0.68211 0.779448 0.00490016
-1.8 0.3 -0.640113 0.798268 -0.633253 0.796981 0.00682203
-1.8 0.4 -0.59861 0.811865 -0.585467 0.805078 0.0146652
-1.8 0.5 -0.563641 0.804498 -0.547596 0.793759 0.0196557
-1.8 0.6 -0.536827 0.771456 -0.521936 0.757648 0.0216073
-1.8 0.7 -0.516523 0.715218 -0.505674 0.697941 0.0231243
-1.8 0.8 -0.501135 0.643264 -0.494804 0.621397 0.0279188
-1.8 0.9 -0.491297 0.563613 -0.487586 0.536577 0.036499
-1.8 1 -0.489244 0.480572 -0.485154 0.449305 0.0459804
-1.8 1.1 -0.495919 0.39312 -0.489044 0.359992 0.0534631
-1.8 1.2 -0.508004 0.296743 -0.497573 0.264444 0.0576926
-1.8 1.3 -0.517099 0.187434 -0.503763 0.15763 0.059365
-1.8 1.4 -0.511674 0.0653946 -0.496275 0.0381352 0.0606939
-1.8 1.5 -0.480561 -0.0634403 -0.462801 -0.0891006 0.0643804
-1.8 1.6 -0.41605 -0.188208 -0.394005 -0.2127 0.0721641
-1.8 1.7 -0.315555 -0.294961 -0.286473 -0.31667 0.0840182
-1.8 1.8 -0.182379 -0.368282 -0.144505 -0.382883 0.0987688
-1.8 1.9 -0.0267891 -0.392778 0.0185075 -0.393978 0.115097
-1.7 -2 -0.197673 -0.328064 -0.151052 -0.355523 0.141264
-1.7 -1.9 -0.329709 -0.219232 -0.301382 -0.259172 0.123669
-1.7 -1.8 -0.405314 -0.0737164 -0.394447 -0.116257 0.10658
-1.7 -1.7 -0.423914 0.0823834 -0.425977 0.0432856 0.0906628
-1.7 -1.6 -0.393749 0.230192 -0.403482 0.196494 0.0769033
-1.7 -1.5 -0.326663 0.35823 -0.340137 0.328942 0.0664995
-1.7 -1.4 -0.235479 0.460981 -0.250955 0.433908 0.060243
-1.7 -1.3 -0.132963 0.538003 -0.150565 0.511426 0.057521
-1.7 -1.2 -0.0306698 0.593734 -0.0511442 0.567386 0.0561255
-1.7 -1.1 0.0629422 0.63663 0.0397084 0.611574 0.053413
-1.7 -1 0.144044 0.676593 0.119878 0.654148 0.0476779
-1.7 -0.9 0.213042 0.721217 0.191142 0.701704 0.039004
-1.7 -0.8 0.271824 0.772802 0.2554 0.755084 0.0294918
-1.7 -0.7 0.320194 0.827983 0.310951 0.810263 0.0225129
-1.7 -0.6 0.35407 0.88022 0.351518 0.861639 0.0197681
-1.7 -0.5 0.367193 0.923521 0.369145 0.905412 0.0183266
-1.7 -0.4 0.355733 0.955088 0.359562 0.94086 0.0144566
-1.7 -0.3 0.32294 0.975609 0.326717 0.969088 0.00733244
-1.7 -0.2 0.280518 0.987672 0.283442 0.990777 0.00415441
-1.7 -0.1 0.245124 0.993868 0.247273 1.00501 0.0110884
-1.7 6.38378e-16 0.23139 0.995771 0.233249 1.01005 0.0140838
-1.7 0.1 0.245124 0.993868 0.247273 1.00501 0.0110884
-1.7 0.2 0.280518 0.987672 0.283442 0.990777 0.00415441
-1.7 0.3 0.32294 0.975609 0.326717 0.969088 0.00733243
-1.7 0.4 0.355733 0.955088 0.359562 0.94086 0.0144566
-1.7 0.5 0.367193 0.923521 0.369145 0.905412 0.0183266
-1.7 0.6 0.35407 0.88022 0.351518 0.861639 0.0197681
-1.7 0.7 0.320194 0.827983 0.310951 0.810263 0.0225129
-1.7 0.8 0.271824 0.772802 0.2554 0.755084 0.0294918
-1.7 0.9 0.213042 0.721217 0.191142 0.701704 0.039004
-1.7 1 0.144044 0.676593 0.119878 0.654148 0.0476779
-1.7 1.1 0.0629422 0.63663 0.0397084 0.611574 0.053413
-1.7 1.2 -0.0306698 0.593734 -0.0511442 0.567386 0.0561255
-1.7 1.3 -0.132963 0.538003 -0.150565 0.511426 0.057521
-1.7 1.4 -0.235479 0.460981 -0.250955 0.433908 0.060243
-1.7 1.5 -0.326663 0.35823 -0.340137 0.328942 0.0664994
-1.7 1.6 -0.393749 0.230192 -0.403482 0.196494 0.0769032
-1.7 1.7 -0.423914 0.0823834 -0.425977 0.0432856 0.0906627
-1.7 1.8 -0.405314 -0.0737164 -0.394447 -0.116257 0.106579
-1.7 1.9 -0.329709 -0.219232 -0.301382 -0.259172 0.123668
-1.6 -2 -0.383205 -0.054629 -0.374844 -0.112738 0.151668
-1.6 -1.9 -0.379243 0.125534 -0.395109 0.0749147 0.132791
-1.6 -1.8 -0.304816 0.280887 -0.335211 0.244418 0.114535
-1.6 -1.7 -0.184011 0.392072 -0.220052 0.37007 0.0974959
-1.6 -1.6 -0.0406033 0.454432 -0.0765988 0.443614 0.0823818
-1.6 -1.5 0.107287 0.472539 0.0735581 0.468656 0.0700657
-1.6 -1.4 0.247829 0.45512 0.216007 0.454725 0.0614096
-1.6 -1.3 0.37406 0.412486 0.342571 0.413775 0.0565984
-1.6 -1.2 0.482895 0.355896 0.450385 0.358651 0.0543889
-1.6 -1.1 0.575145 0.296939 0.541572 0.301672 0.0523814
-1.6 -1 0.655326 0.245792 0.622208 0.252454 0.0482661
-1.6 -0.9 0.729755 0.208977 0.699432 0.216012 0.0410085
-1.6 -0.8 0.802968 0.18831 0.777341 0.192806 0.0315468
-1.6 -0.7 0.874324 0.182091 0.853986 0.181155 0.0227973
-1.6 -0.6 0.937249 0.187765 0.921646 0.180361 0.0180674
-1.6 -0.5 0.982236 0.203895 0.970695 0.191932 0.0165696
-1.6 -0.4 1.00233 0.229785 0.995007 0.217601 0.0138233
-1.6 -0.3 0.998005 0.263067 0.995848 0.255434 0.00768517
-1.6 -0.2 0.978409 0.297616 0.982043 0.297313 0.00356537
-1.6 -0.1 0.95788 0.324213 0.966315 0.330515 0.0104117
-1.6 6.38378e-16 0.949318 0.334255 0.959639 0.343194 0.0135662
-1.6 0.1 0.95788 0.324213 0.966315 0.330515 0.0104117
-1.6 0.2 0.978409 0.297616 0.982043 0.297313 0.00356537
-1.6 0.3 0.998005 0.263067 0.995848 0.255434 0.00768517
-1.6 0.4 1.00233 0.229785 0.995007 0.217601 0.0138233
-1.6 0.5 0.982236 0.203895 0.970695 0.191932 0.0165696
-1.6 0.6 0.937249 0.187765 0.921646 0.180361 0.0180674
-1.6 0.7 0.874324 0.182091 0.853986 0.181155 0.0227973
-1.6 0.8 0.802968 0.18831 0.777341 0.192806 0.0315468
-1.6 0.9 0.729755 0.208977 0.699432 0.216012 0.0410085
-1.6 1 0.655326 0.245792 0.622208 0.252454 0.0482661
-1.6 1.1 0.575145 0.296939 0.541572 0.301672 0.0523813
-1.6 1.2 0.482895 0.355896 0.450385 0.358651 0.0543889
-1.6 1.3 0.37406 0.412486 0.342571 0.413775 0.0565984
-1.6 1.4 0.247829 0.45512 0.216007 0.454725 0.0614095
-1.6 1.5 0.107287 0.472539 0.0735582 0.468656 0.0700656
-1.6 1.6 -0.0406033 0.454432 -0.0765987 0.443614 0.0823817
-1.6 1.7 -0.184011 0.392072 -0.220052 0.37007 0.0974958
-1.6 1.8 -0.304816 0.280887 -0.335211 0.244418 0.114535
-1.6 1.9 -0.379243 0.125534 -0.395109 0.0749148 0.132791
-1.5 -2 -0.290867 0.261625 -0.334183 0.214093 0.164379
-1.5 -1.9 -0.140798 0.378332 -0.195165 0.35818 0.14363
-1.5 -1.8 0.0370899 0.416644 -0.0144291 0.419957 0.123419
-1.5 -1.7 0.206998 0.383699 0.165312 0.402183 0.104594
-1.5 -1.6 0.347065 0.298634 0.316178 0.324473 0.0879525
-1.5 -1.5 0.449468 0.18247 0.427004 0.210582 0.0741808
-1.5 -1.4 0.515854 0.052182 0.498489 0.0803416 0.0638072
-1.5 -1.3 0.552386 -0.0804408 0.53727 -0.0524217 0.0570332
-1.5 -1.2 0.56703 -0.207347 0.552453 -0.178661 0.0532952
-1.5 -1.1 0.569031 -0.322893 0.554588 -0.292841 0.0509618
-1.5 -1 0.568684 -0.423798 0.554886 -0.392826 0.0478076
-1.5 -0.9 0.575735 -0.509538 0.56312 -0.479751 0.0420744
-1.5 -0.8 0.596463 -0.581579 0.584726 -0.556266 0.0334927
-1.5 -0.7 0.631203 -0.640988 0.619109 -0.623226 0.0238861
-1.5 -0.6 0.674205 -0.685954 0.660629 -0.677058 0.0168752
-1.5 -0.5 0.716341 -0.711653 0.701783 -0.710441 0.0144675
-1.5 -0.4 0.749329 -0.713625 0.736602 -0.716968 0.0127164
-1.5 -0.3 0.769199 -0.692945 0.762345 -0.697254 0.00782072
-1.5 -0.2 0.777323 -0.659308 0.779099 -0.662089 0.00323767
-1.5 -0.1 0.778669 -0.628783 0.788265 -0.629471 0.00961223
-1.5 6.38378e-16 0.7784 -0.616535 0.791153 -0.616299 0.0128458
-1.5 0.1 0.778669 -0.628783 0.788265 -0.629471 0.00961222
-1.5 0.2 0.777323 -0.659308 0.779099 -0.662089 0.00323767
-1.5 0.3 0.769199 -0.692945 0.762345 -0.697254 0.00782071
-1.5 0.4 0.749329 -0.713625 0.736602 -0.716968 0.0127164
-1.5 0.5 0.716341 -0.711653 0.701783 -0.710441 0.0144675
-1.5 0.6 0.674205 -0.685954 0.660629 -0.677058 0.0168752
-1.5 0.7 0.631203 -0.640988 0.619109 -0.623226 0.0238861
-1.5 0.8 0.596463 -0.581579 0.584726 -0.556266 0.0334927
-1.5 0.9 0.575735 -0.509538 0.56312 -0.479751 0.0420743
-1.5 1 0.568684 -0.423798 0.554886 -0.392826 0.0478076
-1.5 1.1 0.569031 -0.322893 0.554588 -0.292841 0.0509618
-1.5 1.2 0.56703 -0.207347 0.552453 -0.178661 0.0532952
-1.5 1.3 0.552386 -0.0804408 0.53727 -0.0524217 0.0570332
-1.5 1.4 0.515854 0.052182 0.498489 0.0803416 0.0638072
-1.5 1.5 0.449468 0.18247 0.427004 0.210582 0.0741807
-1.5 1.6 0.347065 0.298634 0.316178 0.324473 0.0879524
-1.5 1.7 0.206998 0.383699 0.165312 0.402183 0.104594
-1.5 1.8 0.0370899 0.416644 -0.014429 0.419957 0.123419
-1.5 1.9 -0.140798 0.378332 -0.195165 0.35818 0.14363
-1.4 -2 0.00905635 0.394742 -0.0620618 0.396769 0.180189
-1.4 -1.9 0.204755 0.352644 0.149712 0.385725 0.157486
-1.4 -1.8 0.353848 0.231036 0.322896 0.278809 0.134701
-1.4 -1.7 0.434964 0.0665629 0.425592 0.115425 0.113068
-1.4 -1.6 0.448716 -0.106275 0.453696 -0.0632752 0.0938714
-1.4 -1.5 0.409305 -0.264296 0.421751 -0.228301 0.0781707
-1.4 -1.4 0.334928 -0.3973 0.350473 -0.366469 0.0664469
-1.4 -1.3 0.241448 -0.504528 0.258068 -0.476381 0.0584412
-1.4 -1.2 0.140676 -0.589845 0.15772 -0.562353 0.0533428
-1.4 -1.1 0.0416884 -0.658613 0.0590809 -0.630587 0.0499812
-1.4 -1 -0.0475408 -0.71685 -0.0299371 -0.688202 0.046802
-1.4 -0.9 -0.120053 -0.771064 -0.103126 -0.742919 0.0420873
-1.4 -0.8 -0.171182 -0.826913 -0.157033 -0.801213 0.0347416
-1.4 -0.7 -0.199726 -0.886361 -0.191253 -0.865006 0.0252862
-1.4 -0.6 -0.207829 -0.945218 -0.207189 -0.929287 0.0164748
-1.4 -0.5 -0.19976 -0.993736 -0.206485 -0.983335 0.012219
-1.4 -0.4 -0.180714 -1.02139 -0.190955 -1.01609 0.0111191
-1.4 -0.3 -0.156353 -1.02384 -0.164309 -1.02309 0.0077155
-1.4 -0.2 -0.132704 -1.00734 -0.13379 -1.01049 0.00327257
-1.4 -0.1 -0.115577 -0.98687 -0.109362 -0.992768 0.00862285
-1.4 6.38378e-16 -0.109326 -0.977872 -0.100007 -0.984781 0.0117901
-1.4 0.1 -0.115577 -0.98687 -0.109362 -0.992768 0.00862284
-1.4 0.2 -0.132704 -1.00734 -0.13379 -1.01049 0.00327257
-1.4 0.3 -0.156353 -1.02384 -0.164309 -1.02309 0.00771549
-1.4 0.4 -0.180714 -1.02139 -0.190955 -1.01609 0.0111191
-1.4 0.5 -0.19976 -0.993736 -0.206485 -0.983335 0.012219
-1.4 0.6 -0.207829 -0.945218 -0.207189 -0.929287 0.0164748
-1.4 0.7 -0.199726 -0.886361 -0.191253 -0.865006 0.0252862
-1.4 0.8 -0.171182 -0.826913 -0.157033 -0.801213 0.0347416
-1.4 0.9 -0.120053 -0.771064 -0.103126 -0.742919 0.0420872
-1.4 1 -0.0475408 -0.71685 -0.0299371 -0.688202 0.0468019
-1.4 1.1 0.0416884 -0.658613 0.0590809 -0.630587 0.0499811
-1.4 1.2 0.140676 -0.589845 0.15772 -0.562353 0.0533428
-1.4 1.3 0.241448 -0.504528 0.258068 -0.476381 0.0584411
-1.4 1.4 0.334928 -0.3973 0.350473 -0.366469 0.0664469
-1.4 1.5 0.409305 -0.264296 0.421751 -0.228301 0.0781706
-1.4 1.6 0.448716 -0.106275 0.453696 -0.0632752 0.0938713
-1.4 1.7 0.434964 0.0665629 0.425592 0.115425 0.113068
-1.4 1.8 0.353848 0.231036 0.322896 0.278809 0.134701
-1.4 1.9 0.204755 0.352644 0.149712 0.385725 0.157486
-1.3 -2 0.304465 0.256014 0.252787 0.315966 0.198972
-1.3 -1.9 0.404974 0.0715277 0.393527 0.142594 0.175036
-1.3 -1.8 0.405856 -0.131399 0.427012 -0.0710904 0.149816
-1.3 -1.7 0.321708 -0.306579 0.360136 -0.266617 0.124756
-1.3 -1.6 0.183042 -0.427965 0.225397 -0.406857 0.10167
-1.3 -1.5 0.021784 -0.490521 0.0613006 -0.481639 0.0824888
-1.3 -1.4 -0.138526 -0.503812 -0.102823 -0.500883 0.068559
-1.3 -1.3 -0.285737 -0.483346 -0.252227 -0.482694 0.0596931
-1.3 -1.2 -0.416632 -0.444042 -0.383656 -0.444063 0.0541568
-1.3 -1.1 -0.5323 -0.39778 -0.499055 -0.397647 0.0500307
-1.3 -1 -0.634462 -0.354141 -0.600981 -0.353154 0.0460974
-1.3 -0.9 -0.724001 -0.321761 -0.691275 -0.319358 0.0414175
-1.3 -0.8 -0.800967 -0.307981 -0.771257 -0.303795 0.0349639
-1.3 -0.7 -0.864535 -0.316387 -0.841153 -0.310144 0.0262884
-1.3 -0.6 -0.912504 -0.343977 -0.898488 -0.335647 0.016719
-1.3 -0.5 -0.941498 -0.380691 -0.937663 -0.371108 0.0101644
-1.3 -0.4 -0.94915 -0.413042 -0.952888 -0.404414 0.00908403
-1.3 -0.3 -0.937545 -0.430798 -0.943635 -0.426177 0.0074102
-1.3 -0.2 -0.915024 -0.432686 -0.918427 -0.434227 0.00369095
-1.3 -0.1 -0.893994 -0.426534 -0.892913 -0.43374 0.00735678
-1.3 6.38378e-16 -0.885516 -0.422882 -0.88231 -0.432384 0.0102184
-1.3 0.1 -0.893994 -0.426534 -0.892913 -0.43374 0.00735679
-1.3 0.2 -0.915024 -0.432686 -0.918427 -0.434227 0.00369095
-1.3 0.3 -0.937545 -0.430798 -0.943635 -0.426177 0.0074102
-1.3 0.4 -0.94915 -0.413042 -0.952888 -0.404414 0.00908403
-1.3 0.5 -0.941498 -0.380691 -0.937663 -0.371108 0.0101644
-1.3 0.6 -0.912504 -0.343977 -0.898488 -0.335647 0.016719
-1.3 0.7 -0.864535 -0.316387 -0.841153 -0.310144 0.0262884
-1.3 0.8 -0.800967 -0.307981 -0.771257 -0.303795 0.0349638
-1.3 0.9 -0.724001 -0.321761 -0.691275 -0.319358 0.0414175
-1.3 1 -0.634462 -0.354141 -0.600981 -0.353154 0.0460974
-1.3 1.1 -0.5323 -0.39778 -0.499055 -0.397647 0.0500306
-1.3 1.2 -0.416632 -0.444042 -0.383656 -0.444063 0.0541568
-1.3 1.3 -0.285737 -0.483346 -0.252227 -0.482694 0.0596931
-1.3 1.4 -0.138526 -0.503812 -0.102823 -0.500883 0.068559
-1.3 1.5 0.021784 -0.490521 0.0613006 -0.481639 0.0824887
-1.3 1.6 0.183042 -0.427965 0.225397 -0.406857 0.10167
-1.3 1.7 0.321708 -0.306579 0.360136 -0.266617 0.124756
-1.3 1.8 0.405856 -0.131399 0.427012 -0.0710904 0.149816
-1.3 1.9 0.404974 0.0715277 0.393527 0.142594 0.175036
-1.2 -2 0.396667 -0.0546674 0.404185 0.0328836 0.219455
-1.2 -1.9 0.321193 -0.261369 0.371906 -0.198132 0.19575
-1.2 -1.8 0.158601 -0.399576 0.226858 -0.374407 0.169223
-1.2 -1.7 -0.0413763 -0.446363 0.0214176 -0.454309 0.141195
-1.2 -1.6 -0.233313 -0.407865 -0.187033 -0.434501 0.11364
-1.2 -1.5 -0.388361 -0.308017 -0.357835 -0.340001 0.0891975
-1.2 -1.4 -0.496993 -0.175329 -0.475719 -0.205949 0.0707488
-1.2 -1.3 -0.564542 -0.033101 -0.546446 -0.0616663 0.0597949
-1.2 -1.2 -0.603728 0.104503 -0.585782 0.0763835 0.054444
-1.2 -1.1 -0.6281 0.231065 -0.609553 0.202569 0.0508033
-1.2 -1 -0.648567 0.343762 -0.629231 0.315696 0.0464318
-1.2 -0.9 -0.672779 0.439552 -0.652425 0.413724 0.0409195
-1.2 -0.8 -0.705406 0.513796 -0.684458 0.492378 0.0343293
-1.2 -0.7 -0.747389 0.561753 -0.727717 0.547012 0.026293
-1.2 -0.6 -0.794297 0.581782 -0.778896 0.57545 0.0169129
-1.2 -0.5 -0.836275 0.578194 -0.827717 0.580079 0.00861878
-1.2 -0.4 -0.862172 0.561322 -0.860813 0.568195 0.00681011
-1.2 -0.3 -0.86663 0.54345 -0.870014 0.549816 0.00704677
-1.2 -0.2 -0.854621 0.532557 -0.85889 0.533657 0.00437798
-1.2 -0.1 -0.838858 0.529026 -0.841541 0.524026 0.00572189
-1.2 6.38378e-16 -0.831904 0.528667 -0.833545 0.521052 0.00790284
-1.2 0.1 -0.838858 0.529026 -0.841541 0.524026 0.00572189
-1.2 0.2 -0.854621 0.532557 -0.85889 0.533657 0.00437797
-1.2 0.3 -0.86663 0.54345 -0.870014 0.549816 0.00704677
-1.2 0.4 -0.862172 0.561322 -0.860813 0.568195 0.00681012
-1.2 0.5 -0.836275 0.578194 -0.827717 0.580079 0.00861878
-1.2 0.6 -0.794297 0.581782 -0.778896 0.57545 0.0169129
-1.2 0.7 -0.747389 0.561753 -0.727717 0.547012 0.026293
-1.2 0.8 -0.705406 0.513796 -0.684458 0.492378 0.0343292
-1.2 0.9 -0.672779 0.439552 -0.652425 0.413724 0.0409195
-1.2 1 -0.648567 0.343762 -0.629231 0.315696 0.0464318
-1.2 1.1 -0.6281 0.231065 -0.609553 0.202569 0.0508032
-1.2 1.2 -0.603728 0.104503 -0.585782 0.0763835 0.054444
-1.2 1.3 -0.564542 -0.033101 -0.546446 -0.0616662 0.0597948
-1.2 1.4 -0.496993 -0.175329 -0.475719 -0.205949 0.0707487
-1.2 1.5 -0.388361 -0.308017 -0.357835 -0.340001 0.0891974
-1.2 1.6 -0.233313 -0.407865 -0.187033 -0.434501 0.11364
-1.2 1.7 -0.0413763 -0.446363 0.0214175 -0.454309 0.141195
-1.2 1.8 0.158601 -0.399576 0.226858 -0.374407 0.169223
-1.2 1.9 0.321193 -0.261369 0.371905 -0.198132 0.19575
-1.1 -2 0.231617 -0.330237 0.304088 -0.266377 0.239466
-1.1 -1.9 0.0176752 -0.416539 0.108064 -0.407777 0.21782
-1.1 -1.8 -0.203856 -0.381764 -0.130469 -0.420615 0.191867
-1.1 -1.7 -0.375848 -0.250155 -0.337252 -0.312548 0.162499
-1.1 -1.6 -0.469194 -0.0649677 -0.463227 -0.126912 0.13138
-1.1 -1.5 -0.482741 0.130957 -0.495734 0.0820477 0.101174
-1.1 -1.4 -0.434139 0.307792 -0.452332 0.271838 0.075717
-1.1 -1.3 -0.348209 0.452664 -0.364528 0.422987 0.0593025
-1.1 -1.2 -0.247762 0.566771 -0.261671 0.537191 0.0528429
-1.1 -1.1 -0.149219 0.659035 -0.162491 0.627296 0.0509123
-1.1 -1 -0.0628325 0.739531 -0.075749 0.70659 0.0476739
-1.1 -0.9 0.00457938 0.81481 -0.00594225 0.782658 0.0415184
-1.1 -0.8 0.047396 0.88577 0.0419345 0.856457 0.0336148
-1.1 -0.7 0.0619546 0.947858 0.0626078 0.923995 0.0251309
-1.1 -0.6 0.0503225 0.993521 0.0554135 0.978297 0.0161362
-1.1 -0.5 0.0233759 1.01703 0.0291974 1.01229 0.00737424
-1.1 -0.4 -0.0022704 1.01974 0.000651079 1.02366 0.00479047
-1.1 -0.3 -0.0140772 1.01089 -0.0153641 1.01771 0.00686608
-1.1 -0.2 -0.0115884 1.00121 -0.0151879 1.0047 0.00500754
-1.1 -0.1 -0.00385449 0.995882 -0.007107 0.994304 0.00362989
-1.1 6.38378e-16 -0.000120706 0.994459 -0.00280896 0.990798 0.00456724
-1.1 0.1 -0.00385449 0.995882 -0.007107 0.994304 0.00362989
-1.1 0.2 -0.0115884 1.00121 -0.0151879 1.0047 0.00500755
-1.1 0.3 -0.0140772 1.01089 -0.0153641 1.01771 0.00686608
-1.1 0.4 -0.0022704 1.01974 0.000651071 1.02366 0.00479047
-1.1 0.5 0.0233759 1.01703 0.0291974 1.01229 0.00737423
-1.1 0.6 0.0503225 0.993521 0.0554135 0.978297 0.0161362
-1.1 0.7 0.0619546 0.947858 0.0626078 0.923995 0.0251308
-1.1 0.8 0.047396 0.88577 0.0419345 0.856457 0.0336148
-1.1 0.9 0.00457938 0.81481 -0.00594224 0.782658 0.0415184
-1.1 1 -0.0628325 0.739531 -0.075749 0.70659 0.0476739
-1.1 1.1 -0.149219 0.659035 -0.162491 0.627296 0.0509123
-1.1 1.2 -0.247762 0.566771 -0.261671 0.537191 0.0528428
-1.1 1.3 -0.348209 0.452664 -0.364528 0.422987 0.0593024
-1.1 1.4 -0.434139 0.307792 -0.452332 0.271838 0.075717
-1.1 1.5 -0.482741 0.130957 -0.495734 0.0820478 0.101174
-1.1 1.6 -0.469194 -0.0649677 -0.463227 -0.126912 0.13138
-1.1 1.7 -0.375848 -0.250155 -0.337252 -0.312548 0.162499
-1.1 1.8 -0.203856 -0.381764 -0.130469 -0.420615 0.191867
-1.1 1.9 0.0176752 -0.416539 0.108064 -0.407777 0.21782
-1 -2 -0.0783961 -0.399589 0.0260947 -0.400475 0.256613
-1 -1.9 -0.298092 -0.296462 -0.219174 -0.358442 0.238687
-1 -1.8 -0.425027 -0.0971894 -0.398677 -0.187324 0.215383
-1 -1.7 -0.435236 0.131211 -0.459607 0.0497818 0.18698
-1 -1.6 -0.343637 0.330747 -0.396837 0.279758 0.154502
-1 -1.5 -0.186555 0.468232 -0.243744 0.448494 0.120031
-1 -1.4 -0.00313162 0.536956 -0.0499056 0.535503 0.0871501
-1 -1.3 0.177101 0.549263 0.141662 0.551463 0.061526
-1 -1.2 0.338562 0.526447 0.307698 0.524316 0.0494265
-1 -1.1 0.477566 0.490413 0.445015 0.483411 0.0486412
-1 -1 0.596727 0.458893 0.561412 0.449539 0.0485318
-1 -0.9 0.698616 0.443726 0.664282 0.43322 0.0433834
-1 -0.8 0.781237 0.450333 0.753321 0.437932 0.0338757
-1 -0.7 0.837829 0.476559 0.820383 0.462505 0.0232423
-1 -0.6 0.862617 0.511617 0.856186 0.499517 0.0136629
-1 -0.5 0.859813 0.53967 0.860948 0.534163 0.00553857
-1 -0.4 0.845976 0.550614 0.849086 0.553313 0.00407956
-1 -0.3 0.837801 0.548561 0.837806 0.555772 0.00720107
-1 -0.2 0.837806 0.544722 0.8352 0.548915 0.00494006
-1 -0.1 0.83904 0.543844 0.838493 0.543788 0.000549614
-1 0.1 0.83904 0.543844 0.838493 0.543788 0.000549625
-1 0.2 0.837806 0.544722 0.8352 0.548915 0.00494005
-1 0.3 0.837801 0.548561 0.837806 0.555772 0.00720107
-1 0.4 0.845976 0.550614 0.849086 0.553313 0.00407956
-1 0.5 0.859813 0.53967 0.860948 0.534163 0.00553857
-1 0.6 0.862617 0.511617 0.856186 0.499517 0.0136629
-1 0.7 0.837829 0.476559 0.820383 0.462505 0.0232423
-1 0.8 0.781237 0.450333 0.753321 0.437932 0.0338757
-1 0.9 0.698616 0.443726 0.664282 0.43322 0.0433834
-1 1 0.596727 0.458893 0.561412 0.449539 0.0485318
-1 1.1 0.477566 0.490413 0.445015 0.483411 0.0486412
-1 1.2 0.338562 0.526447 0.307698 0.524316 0.0494265
-1 1.3 0.177101 0.549263 0.141662 0.551463 0.0615259
-1 1.4 -0.00313162 0.536956 -0.0499056 0.535503 0.08715
-1 1.5 -0.186555 0.468232 -0.243744 0.448494 0.120031
-1 1.6 -0.343637 0.330747 -0.396837 0.279758 0.154502
-1 1.7 -0.435236 0.131211 -0.459607 0.0497818 0.18698
-1 1.8 -0.425027 -0.0971894 -0.398677 -0.187323 0.215383
-1 1.9 -0.298092 -0.296462 -0.219174 -0.358442 0.238687
-0.9 -2 -0.34185 -0.230035 -0.257799 -0.302336 0.269074
-0.9 -1.9 -0.424806 0.0125056 -0.405899 -0.0946099 0.255939
-0.9 -1.8 -0.359618 0.253906 -0.407635 0.161304 0.236952
-0.9 -1.7 -0.183257 0.420214 -0.269429 0.375501 0.211767
-0.9 -1.6 0.0425265 0.478662 -0.0439553 0.486098 0.180629
-0.9 -1.5 0.260592 0.435706 0.199279 0.476199 0.14473
-0.9 -1.4 0.435631 0.321162 0.403537 0.369163 0.106688
-0.9 -1.3 0.557195 0.17042 0.542257 0.209233 0.0713764
-0.9 -1.2 0.633442 0.0125434 0.619989 0.0394897 0.0475374
-0.9 -1.1 0.681928 -0.133778 0.660803 -0.112463 0.0431844
-0.9 -1 0.721421 -0.258317 0.692484 -0.236581 0.047231
-0.9 -0.9 0.765705 -0.354721 0.734095 -0.332756 0.0456136
-0.9 -0.8 0.818737 -0.417015 0.790312 -0.400807 0.0356119
-0.9 -0.7 0.871774 -0.441298 0.851667 -0.43609 0.0212575
-0.9 -0.6 0.907314 -0.433933 0.898591 -0.436484 0.00903674
-0.9 -0.5 0.915192 -0.416864 0.915441 -0.419564 0.00269686
-0.9 0.5 0.915192 -0.416864 0.915441 -0.419564 0.00269687
-0.9 0.6 0.907314 -0.433933 0.898591 -0.436484 0.00903674
-0.9 0.7 0.871774 -0.441298 0.851667 -0.43609 0.0212575
-0.9 0.8 0.818737 -0.417015 0.790312 -0.400807 0.0356119
-0.9 0.9 0.765705 -0.354721 0.734095 -0.332756 0.0456136
-0.9 1 0.721421 -0.258317 0.692484 -0.236581 0.047231
-0.9 1.1 0.681928 -0.133778 0.660803 -0.112463 0.0431844
-0.9 1.2 0.633442 0.0125434 0.619989 0.0394897 0.0475374
-0.9 1.3 0.557195 0.17042 0.542257 0.209233 0.0713764
-0.9 1.4 0.435631 0.321162 0.403537 0.369163 0.106688
-0.9 1.5 0.260592 0.435706 0.199279 0.476199 0.14473
-0.9 1.6 0.0425265 0.478662 -0.0439553 0.486098 0.180629
-0.9 1.7 -0.183257 0.420214 -0.269429 0.375501 0.211767
-0.9 1.8 -0.359618 0.253906 -0.407635 0.161304 0.236952
-0.9 1.9 -0.424806 0.0125056 -0.405899 -0.0946099 0.255938
-0.8 -2 -0.41157 0.0699104 -0.390386 -0.0433613 0.276036
-0.8 -1.9 -0.293949 0.314411 -0.352012 0.21469 0.268094
-0.8 -1.8 -0.0606983 0.441363 -0.166709 0.401318 0.254362
-0.8 -1.7 0.19664 0.41969 0.0925939 0.450286 0.233997
-0.8 -1.6 0.39964 0.275245 0.33659 0.353149 0.206533
-0.8 -1.5 0.508203 0.0634701 0.496713 0.150922 0.172222
-0.8 -1.4 0.52164 -0.160575 0.54597 -0.0924647 0.132514
-0.8 -1.3 0.464465 -0.360763 0.49856 -0.319689 0.0907657
-0.8 -1.2 0.369419 -0.523912 0.393765 -0.499428 0.0538613
-0.8 -1.1 0.266142 -0.653842 0.275283 -0.629869 0.0363441
-0.8 -1 0.177357 -0.76163 0.176287 -0.728534 0.0423429
-0.8 -0.9 0.119454 -0.855835 0.114566 -0.815538 0.046975
-0.8 -0.8 0.101843 -0.93443 0.0947782 -0.898583 0.0388697
-0.8 -0.7 0.119827 -0.982937 0.111849 -0.96639 0.0185506
-0.8 0.7 0.119827 -0.982937 0.111849 -0.96639 0.0185506
-0.8 0.8 0.101843 -0.93443 0.0947782 -0.898583 0.0388697
-0.8 0.9 0.119454 -0.855835 0.114566 -0.815538 0.046975
-0.8 1 0.177357 -0.76163 0.176287 -0.728534 0.0423429
-0.8 1.1 0.266142 -0.653842 0.275283 -0.629869 0.036344
-0.8 1.2 0.369419 -0.523912 0.393765 -0.499428 0.0538613
-0.8 1.3 0.464465 -0.360763 0.49856 -0.319689 0.0907656
-0.8 1.4 0.52164 -0.160575 0.54597 -0.0924647 0.132514
-0.8 1.5 0.508203 0.0634701 0.496713 0.150922 0.172222
-0.8 1.6 0.39964 0.275245 0.33659 0.353149 0.206533
-0.8 1.7 0.19664 0.41969 0.0925939 0.450286 0.233997
-0.8 1.8 -0.0606983 0.441363 -0.166709 0.401318 0.254361
-0.8 1.9 -0.293949 0.314411 -0.352011 0.21469 0.268094
-0.7 -2 -0.262232 0.331814 -0.314831 0.226916 0.277464
-0.7 -1.9 0.00525885 0.436079 -0.106524 0.392969 0.274719
-0.7 -1.8 0.276231 0.356964 0.162883 0.39734 0.266583
-0.7 -1.7 0.447699 0.140945 0.385834 0.241686 0.251875
-0.7 -1.6 0.474913 -0.124964 0.484868 -0.0126595 0.229586
-0.7 -1.5 0.372328 -0.35994 0.437163 -0.279722 0.199169
-0.7 -1.4 0.1885 -0.518342 0.271538 -0.48689 0.160991
-0.7 -1.3 -0.0240799 -0.593978 0.045248 -0.599295 0.116965
-0.7 -1.2 -0.228446 -0.607683 -0.18478 -0.623634 0.0716086
-0.7 -1.1 -0.40742 -0.591001 -0.382159 -0.595244 0.0356844
-0.7 -1 -0.556582 -0.574483 -0.535264 -0.558448 0.0333493
-0.7 -0.9 -0.672402 -0.581004 -0.646939 -0.548843 0.0461605
-0.7 -0.8 -0.742551 -0.617748 -0.720039 -0.580455 0.0450978
-0.7 0.8 -0.742551 -0.617748 -0.720039 -0.580455 0.0450978
-0.7 0.9 -0.672402 -0.581004 -0.646939 -0.548843 0.0461605
-0.7 1 -0.556582 -0.574483 -0.535264 -0.558448 0.0333493
-0.7 1.1 -0.40742 -0.591001 -0.382159 -0.595244 0.0356844
-0.7 1.2 -0.228446 -0.607683 -0.18478 -0.623634 0.0716086
-0.7 1.3 -0.0240799 -0.593978 0.0452479 -0.599295 0.116965
-0.7 1.4 0.1885 -0.518342 0.271538 -0.48689 0.160991
-0.7 1.5 0.372328 -0.35994 0.437163 -0.279722 0.199169
-0.7 1.6 0.474913 -0.124964 0.484868 -0.0126596 0.229585
-0.7 1.7 0.447699 0.140945 0.385834 0.241685 0.251875
-0.7 1.8 0.276231 0.356964 0.162883 0.39734 0.266583
-0.7 1.9 0.00525885 0.436079 -0.106524 0.392969 0.274719
-0.6 -2 0.0154386 0.427861 -0.0881563 0.373375 0.273391
-0.6 -1.9 0.300294 0.323818 0.183228 0.35743 0.275789
-0.6 -1.8 0.452434 0.0655978 0.386786 0.171969 0.273421
-0.6 -1.7 0.417818 -0.22683 0.437295 -0.102435 0.264841
-0.6 -1.6 0.227826 -0.442103 0.318875 -0.358452 0.248602
-0.6 -1.5 -0.0372463 -0.523023 0.0791809 -0.509634 0.223505
-0.6 -1.4 -0.296423 -0.473192 -0.201787 -0.519898 0.189003
-0.6 -1.3 -0.500559 -0.334612 -0.44994 -0.406337 0.145804
-0.6 -1.2 -0.639613 -0.15802 -0.624905 -0.220065 0.0967821
-0.6 -1.1 -0.731589 0.0164332 -0.727745 -0.0190391 0.0487582
-0.6 -1 -0.805274 0.162259 -0.789243 0.151244 0.0236775
-0.6 -0.9 -0.883063 0.257864 -0.845108 0.261372 0.041434
-0.6 0.9 -0.883063 0.257864 -0.845108 0.261372 0.041434
-0.6 1 -0.805274 0.162259 -0.789243 0.151244 0.0236775
-0.6 1.1 -0.731589 0.0164332 -0.727745 -0.0190391 0.0487582
-0.6 1.2 -0.639613 -0.15802 -0.624905 -0.220065 0.0967821
-0.6 1.3 -0.500559 -0.334612 -0.44994 -0.406337 0.145804
-0.6 1.4 -0.296423 -0.473192 -0.201787 -0.519898 0.189003
-0.6 1.5 -0.0372463 -0.523023 0.0791809 -0.509634 0.223505
-0.6 1.6 0.227826 -0.442103 0.318875 -0.358452 0.248602
-0.6 1.7 0.417818 -0.22683 0.437295 -0.102435 0.26484
-0.6 1.8 0.452434 0.0655978 0.386786 0.171969 0.273421
-0.6 1.9 0.300294 0.323818 0.183227 0.35743 0.275789
-0.5 -2 0.282284 0.328655 0.16889 0.340663 0.263198
-0.5 -1.9 0.443884 0.0526676 0.368176 0.147084 0.270742
-0.5 -1.8 0.383395 -0.259228 0.394896 -0.132738 0.274437
-0.5 -1.7 0.141915 -0.459942 0.238754 -0.371393 0.272615
-0.5 -1.6 -0.165928 -0.475434 -0.0333709 -0.470937 0.263394
-0.5 -1.5 -0.422863 -0.320998 -0.318021 -0.397883 0.244891
-0.5 -1.4 -0.56129 -0.0686302 -0.522651 -0.184262 0.215603
-0.5 -1.3 -0.57579 0.202393 -0.59957 0.0982497 0.175028
-0.5 -1.2 -0.503847 0.44103 -0.555809 0.375705 0.124657
-0.5 -1.1 -0.397668 0.633589 -0.43995 0.603085 0.0696975
-0.5 -1 -0.30649 0.791104 -0.318343 0.774161 0.0243721
-0.5 -0.9 -0.274257 0.923206 -0.255573 0.897759 0.0327797
-0.5 0.9 -0.274257 0.923206 -0.255573 0.897759 0.0327798
-0.5 1 -0.30649 0.791104 -0.318343 0.774161 0.0243721
-0.5 1.1 -0.397668 0.633589 -0.43995 0.603085 0.0696974
-0.5 1.2 -0.503847 0.44103 -0.555809 0.375705 0.124657
-0.5 1.3 -0.57579 0.202393 -0.59957 0.0982497 0.175028
-0.5 1.4 -0.56129 -0.0686302 -0.522651 -0.184262 0.215602
-0.5 1.5 -0.422863 -0.320998 -0.318021 -0.397883 0.244891
-0.5 1.6 -0.165928 -0.475434 -0.0333709 -0.470937 0.263394
-0.5 1.7 0.141915 -0.459942 0.238754 -0.371393 0.272614
-0.5 1.8 0.383395 -0.259228 0.394896 -0.132738 0.274437
-0.5 1.9 0.443884 0.0526676 0.368176 0.147084 0.270742
-0.4 -2 0.427751 0.0966974 0.342675 0.162549 0.245322
-0.4 -1.9 0.385195 -0.237533 0.37366 -0.121443 0.257792
-0.4 -1.8 0.125527 -0.451469 0.20584 -0.355045 0.2678
-0.4 -1.7 -0.208822 -0.440351 -0.0762381 -0.426226 0.273587
-0.4 -1.6 -0.458312 -0.223285 -0.34636 -0.305904 0.272921
-0.4 -1.5 -0.529308 0.0931269 -0.497335 -0.0446596 0.263188
-0.4 -1.4 -0.420823 0.388169 -0.479032 0.262648 0.241675
-0.4 -1.3 -0.196197 0.586553 -0.305847 0.521513 0.206126
-0.4 -1.2 0.0672381 0.677243 -0.0387334 0.674635 0.155757
-0.4 -1.1 0.315375 0.697812 0.247795 0.721461 0.0934981
-0.4 -1 0.523923 0.708498 0.497701 0.718584 0.0318834
-0.4 1 0.523923 0.708498 0.497701 0.718584 0.0318834
-0.4 1.1 0.315375 0.697812 0.247795 0.721461 0.0934981
-0.4 1.2 0.0672381 0.677243 -0.0387334 0.674635 0.155756
-0.4 1.3 -0.196197 0.586553 -0.305846 0.521513 0.206126
-0.4 1.4 -0.420823 0.388169 -0.479032 0.262648 0.241675
-0.4 1.5 -0.529308 0.0931269 -0.497335 -0.0446595 0.263188
-0.4 1.6 -0.458312 -0.223285 -0.34636 -0.305904 0.272921
-0.4 1.7 -0.208822 -0.440351 -0.0762381 -0.426225 0.273587
-0.4 1.8 0.125527 -0.451469 0.20584 -0.355045 0.2678
-0.4 1.9 0.385195 -0.237533 0.37366 -0.121442 0.257792
-0.3 -2 0.412909 -0.163701 0.375705 -0.0744588 0.217676
-0.3 -1.9 0.172833 -0.424627 0.218174 -0.327378 0.234046
-0.3 -1.8 -0.182843 -0.438148 -0.0702032 -0.400963 0.249846
-0.3 -1.7 -0.450172 -0.202877 -0.334622 -0.262722 0.263535
-0.3 -1.6 -0.494498 0.148975 -0.450267 0.015164 0.272885
-0.3 -1.5 -0.310031 0.447383 -0.371865 0.31114 0.274879
-0.3 -1.4 0.00720531 0.579694 -0.132476 0.514704 0.265741
-0.3 -1.3 0.335331 0.529351 0.188026 0.563057 0.241152
-0.3 -1.2 0.594506 0.352782 0.500954 0.451352 0.196582
-0.3 -1.1 0.77311 0.129301 0.74328 0.225097 0.128001
-0.3 -1 0.916038 -0.0728852 0.912122 -0.0378836 0.0383271
-0.3 1 0.916038 -0.0728852 0.912122 -0.0378836 0.0383271
-0.3 1.1 0.77311 0.129301 0.74328 0.225097 0.128001
-0.3 1.2 0.594506 0.352782 0.500954 0.451352 0.196582
-0.3 1.3 0.335331 0.529351 0.188026 0.563057 0.241152
-0.3 1.4 0.00720531 0.579694 -0.132476 0.514704 0.265741
-0.3 1.5 -0.310031 0.447383 -0.371865 0.31114 0.274879
-0.3 1.6 -0.494498 0.148975 -0.450267 0.015164 0.272885
-0.3 1.7 -0.450172 -0.202877 -0.334622 -0.262721 0.263535
-0.3 1.8 -0.182843 -0.438148 -0.0702032 -0.400962 0.249846
-0.3 1.9 0.172833 -0.424627 0.218173 -0.327377 0.234046
-0.2 -2 0.267619 -0.361691 0.275812 -0.281593 0.178951
-0.2 -1.9 -0.0928091 -0.45517 -0.0189971 -0.401242 0.196785
-0.2 -1.8 -0.409422 -0.252777 -0.307402 -0.273038 0.216167
-0.2 -1.7 -0.486446 0.117647 -0.423514 0.0176194 0.236132
-0.2 -1.6 -0.284657 0.439229 -0.315618 0.309398 0.255007
-0.2 -1.5 0.079138 0.545769 -0.0468537 0.46627 0.270141
-0.2 -1.4 0.426775 0.403245 0.266479 0.432978 0.277665
-0.2 -1.3 0.627521 0.094532 0.519199 0.22923 0.272377
-0.2 -1.2 0.651499 -0.259348 0.647826 -0.0858631 0.247459
-0.2 -1.1 0.554377 -0.577444 0.632636 -0.445232 0.191931
-0.2 -1 0.433184 -0.85398 0.486148 -0.801591 0.077798
-0.2 1 0.433184 -0.85398 0.486148 -0.801591 0.077798
-0.2 1.1 0.554377 -0.577444 0.632636 -0.445232 0.191931
-0.2 1.2 0.651499 -0.259348 0.647826 -0.0858632 0.247459
-0.2 1.3 0.627521 0.094532 0.519199 0.22923 0.272377
-0.2 1.4 0.426775 0.403245 0.266479 0.432978 0.277665
-0.2 1.5 0.079138 0.545769 -0.0468537 0.46627 0.270141
-0.2 1.6 -0.284657 0.439229 -0.315618 0.309398 0.255007
-0.2 1.7 -0.486446 0.117647 -0.423514 0.0176194 0.236132
-0.2 1.8 -0.409422 -0.252777 -0.307402 -0.273038 0.216167
-0.2 1.9 -0.0928091 -0.45517 -0.018997 -0.401241 0.196785
-0.1 -2 0.0581134 -0.451752 0.0939531 -0.403793 0.131448
-0.1 -1.9 -0.317326 -0.347262 -0.248884 -0.339743 0.146369
-0.1 -1.8 -0.487282 0.0096542 -0.426146 -0.0423817 0.164724
-0.1 -1.7 -0.335376 0.380215 -0.32991 0.28592 0.186301
-0.1 -1.6 0.0413773 0.52857 -0.0338065 0.44618 0.210374
-0.1 -1.5 0.417693 0.370653 0.286403 0.364356 0.235373
-0.1 -1.4 0.594183 0.001304 0.478268 0.102063 0.258482
-0.1 -1.3 0.504748 -0.396298 0.483908 -0.220813 0.275376
-0.1 -1.2 0.216581 -0.675264 0.325533 -0.508838 0.280503
-0.1 -1.1 -0.151688 -0.798385 0.0506308 -0.719106 0.267388
-0.1 -1 -0.521916 -0.839025 -0.299005 -0.836293 0.225611
-0.1 1 -0.521916 -0.839025 -0.299005 -0.836293 0.22561
-0.1 1.1 -0.151688 -0.798385 0.0506308 -0.719106 0.267388
-0.1 1.2 0.216581 -0.675264 0.325533 -0.508838 0.280503
-0.1 1.3 0.504748 -0.396298 0.483908 -0.220813 0.275376
-0.1 1.4 0.594183 0.001304 0.478268 0.102063 0.258482
-0.1 1.5 0.417693 0.370653 0.286403 0.364356 0.235373
-0.1 1.6 0.0413773 0.52857 -0.0338065 0.44618 0.210374
-0.1 1.7 -0.335376 0.380215 -0.32991 0.28592 0.186301
-0.1 1.8 -0.487282 0.0096542 -0.426146 -0.0423817 0.164724
-0.1 1.9 -0.317326 -0.347262 -0.248883 -0.339742 0.14637
6.38378e-16 -2 -0.14951 -0.435612 -0.108291 -0.4298 0.0903846
6.38378e-16 -1.9 -0.448011 -0.160245 -0.411478 -0.186727 0.0948309
6.38378e-16 -1.8 -0.423265 0.252944 -0.413389 0.202764 0.103718
6.38378e-16 -1.7 -0.0856696 0.505782 -0.117204 0.45417 0.117904
6.38378e-16 -1.6 0.334953 0.418965 0.263896 0.398643 0.137781
6.38378e-16 -1.5 0.562829 0.0463435 0.480599 0.0877731 0.163045
6.38378e-16 -1.4 0.460683 -0.384928 0.41975 -0.276965 0.192331
6.38378e-16 -1.3 0.0927532 -0.640704 0.144608 -0.506203 0.222667
6.38378e-16 -1.2 -0.357289 -0.618182 -0.200327 -0.534006 0.24945
6.38378e-16 -1.1 -0.730853 -0.366404 -0.513725 -0.406643 0.270104
6.38378e-16 1.1 -0.730853 -0.366404 -0.513725 -0.406643 0.270104
6.38378e-16 1.2 -0.357289 -0.618182 -0.200327 -0.534005 0.24945
6.38378e-16 1.3 0.0927532 -0.640704 0.144608 -0.506203 0.222667
6.38378e-16 1.4 0.460683 -0.384928 0.41975 -0.276965 0.192331
6.38378e-16 1.5 0.562829 0.0463435 0.480599 0.0877731 0.163045
6.38378e-16 1.6 0.334953 0.418965 0.263896 0.398643 0.137781
6.38378e-16 1.7 -0.0856696 0.505782 -0.117204 0.45417 0.117904
6.38378e-16 1.8 -0.423265 0.252944 -0.413388 0.202764 0.103719
6.38378e-16 1.9 -0.448011 -0.160245 -0.411478 -0.186727 0.0948316
0.1 -2 -0.312132 -0.344838 -0.283445 -0.381576 0.100213
0.1 -1.9 -0.478822 0.0419744 -0.48846 -0.00151574 0.0926755
0.1 -1.8 -0.269615 0.418954 -0.306272 0.397812 0.0849377
0.1 -1.7 0.166062 0.491031 0.126733 0.500262 0.0779353
0.1 -1.6 0.506457 0.192802 0.481024 0.223784 0.0739668
0.1 -1.5 0.501615 -0.271143 0.496028 -0.227567 0.0770467
0.1 -1.4 0.146262 -0.587455 0.168153 -0.536974 0.0908884
0.1 -1.3 -0.340426 -0.555256 -0.277611 -0.514087 0.115313
0.1 -1.2 -0.688122 -0.195827 -0.584298 -0.201771 0.145356
0.1 -1.1 -0.750897 0.314478 -0.648804 0.217571 0.172908
0.1 -1 -0.555027 0.817139 -0.564146 0.608712 0.211201
0.1 1 -0.555027 0.817139 -0.564146 0.608712 0.211201
0.1 1.1 -0.750897 0.314478 -0.648804 0.217571 0.172908
0.1 1.2 -0.688122 -0.195827 -0.584298 -0.201771 0.145356
0.1 1.3 -0.340426 -0.555256 -0.277611 -0.514087 0.115313
0.1 1.4 0.146262 -0.587455 0.168153 -0.536974 0.0908887
0.1 1.5 0.501615 -0.271143 0.496028 -0.227567 0.0770471
0.1 1.6 0.506457 0.192802 0.481024 0.223784 0.0739671
0.1 1.7 0.166062 0.491031 0.126732 0.500261 0.0779356
0.1 1.8 -0.269615 0.418954 -0.306272 0.397812 0.0849381
0.1 1.9 -0.478822 0.0419744 -0.488459 -0.00151601 0.0926759
0.2 -2 -0.414759 -0.219386 -0.407845 -0.295494 0.162873
0.2 -1.9 -0.434807 0.214818 -0.494419 0.16648 0.158248
0.2 -1.8 -0.0872103 0.495125 -0.160883 0.51675 0.152723
0.2 -1.7 0.357879 0.381443 0.332651 0.453372 0.145734
0.2 -1.6 0.543994 -0.0537558 0.58508 0.0085311 0.136501
0.2 -1.5 0.311112 -0.483233 0.381977 -0.475462 0.124043
0.2 -1.4 -0.184757 -0.580495 -0.134684 -0.622643 0.107439
0.2 -1.3 -0.599398 -0.260022 -0.588533 -0.315804 0.0869809
0.2 -1.2 -0.655154 0.282846 -0.666302 0.235359 0.068354
0.2 -1.1 -0.310659 0.740887 -0.332063 0.692078 0.0663394
0.2 -1 0.281489 0.913089 0.228418 0.880933 0.0649432
0.2 1 0.281489 0.913089 0.228418 0.880933 0.0649433
0.2 1.1 -0.310659 0.740887 -0.332063 0.692078 0.0663395
0.2 1.2 -0.655154 0.282846 -0.666302 0.235359 0.068354
0.2 1.3 -0.599398 -0.260022 -0.588532 -0.315804 0.0869808
0.2 1.4 -0.184757 -0.580495 -0.134684 -0.622643 0.107439
0.2 1.5 0.311112 -0.483233 0.381977 -0.475462 0.124043
0.2 1.6 0.543994 -0.0537558 0.58508 0.00853133 0.136501
0.2 1.7 0.357879 0.381443 0.33265 0.453372 0.145734
0.2 1.8 -0.0872103 0.495125 -0.160883 0.516749 0.152723
0.2 1.9 -0.434807 0.214818 -0.494419 0.16648 0.158249
0.3 -2 -0.463642 -0.0925311 -0.478763 -0.20601 0.242142
0.3 -1.9 -0.351644 0.339394 -0.459082 0.288982 0.242836
0.3 -1.8 0.0789383 0.50041 -0.0260684 0.565308 0.243671
0.3 -1.7 0.471915 0.234405 0.467373 0.363031 0.244259
0.3 -1.6 0.487046 -0.256348 0.594819 -0.176325 0.243888
0.3 -1.5 0.0868091 -0.571471 0.219709 -0.613812 0.241308
0.3 -1.4 -0.426493 -0.438169 -0.378193 -0.573103 0.234385
0.3 -1.3 -0.649721 0.0695511 -0.722754 -0.0539594 0.21959
0.3 -1.2 -0.389553 0.592289 -0.52193 0.562719 0.191335
0.3 -1.1 0.209199 0.759648 0.111676 0.813368 0.141307
0.3 -1 0.803507 0.433924 0.779839 0.479578 0.0563136
0.3 1 0.803507 0.433924 0.779839 0.479578 0.0563135
0.3 1.1 0.209199 0.759648 0.111676 0.813368 0.141307
0.3 1.2 -0.389553 0.592289 -0.52193 0.562719 0.191335
0.3 1.3 -0.649721 0.0695511 -0.722754 -0.0539595 0.21959
0.3 1.4 -0.426493 -0.438169 -0.378193 -0.573103 0.234385
0.3 1.5 0.0868091 -0.571471 0.21971 -0.613812 0.241308
0.3 1.6 0.487046 -0.256348 0.594818 -0.176324 0.243888
0.3 1.7 0.471915 0.234405 0.467372 0.363031 0.244259
0.3 1.8 0.0789383 0.50041 -0.026069 0.565308 0.243671
0.3 1.9 -0.351644 0.339394 -0.459082 0.288981 0.242837
0.4 -2 -0.475523 0.0149879 -0.505643 -0.136702 0.325063
0.4 -1.9 -0.260931 0.416795 -0.411533 0.357873 0.328874
0.4 -1.8 0.206746 0.465773 0.0690214 0.565043 0.333151
0.4 -1.7 0.521283 0.0945476 0.529378 0.27324 0.337637
0.4 -1.6 0.389219 -0.392724 0.551144 -0.295248 0.34182
0.4 -1.5 -0.105496 -0.570212 0.0761052 -0.653857 0.344787
0.4 -1.4 -0.556065 -0.255685 -0.518597 -0.463483 0.344996
0.4 -1.3 -0.566433 0.32188 -0.72011 0.162374 0.339973
0.4 -1.2 -0.0829514 0.697051 -0.309911 0.724876 0.325739
0.4 -1.1 0.553033 0.536149 0.434479 0.729711 0.294683
0.4 -1 0.863185 -0.111186 0.920526 0.075254 0.224123
0.4 1 0.863185 -0.111186 0.920526 0.0752541 0.224123
0.4 1.1 0.553033 0.536149 0.434479 0.729711 0.294683
0.4 1.2 -0.0829514 0.697051 -0.309911 0.724876 0.325739
0.4 1.3 -0.566433 0.32188 -0.72011 0.162373 0.339973
0.4 1.4 -0.556065 -0.255685 -0.518596 -0.463483 0.344997
0.4 1.5 -0.105496 -0.570212 0.0761057 -0.653857 0.344787
0.4 1.6 0.389219 -0.392724 0.551144 -0.295247 0.341821
0.4 1.7 0.521283 0.0945476 0.529377 0.273241 0.337638
0.4 1.8 0.206746 0.465773 0.0690206 0.565043 0.333152
0.4 1.9 -0.260931 0.416795 -0.411533 0.357872 0.328875
0.5 -2 -0.468692 0.09391 -0.501456 -0.0984545 0.408225
0.5 -1.9 -0.184115 0.458307 -0.371573 0.378169 0.412767
0.5 -1.8 0.29218 0.419966 0.115006 0.539106 0.417325
0.5 -1.7 0.531328 -0.0135201 0.534679 0.210561 0.421649
0.5 -1.6 0.293755 -0.469852 0.492982 -0.343812 0.425444
0.5 -1.5 -0.239584 -0.528449 -0.0132404 -0.631295 0.428479
0.5 -1.4 -0.60273 -0.0994352 -0.562499 -0.35957 0.430901
0.5 -1.3 -0.444412 0.471198 -0.653559 0.28349 0.433878
0.5 -1.2 0.149663 0.676959 -0.145314 0.756161 0.440535
0.5 -1.1 0.696983 0.282381 0.587462 0.607801 0.456582
0.5 -1 0.697003 -0.453783 0.932778 -0.119596 0.491746
0.5 -0.9 0.0350745 -0.946963 0.574044 -0.858984 0.576294
0.5 0.9 0.0350745 -0.946963 0.574045 -0.858984 0.576294
0.5 1 0.697003 -0.453783 0.932778 -0.119596 0.491746
0.5 1.1 0.696983 0.282381 0.587461 0.607801 0.456582
0.5 1.2 0.149663 0.676959 -0.145315 0.75616 0.440535
0.5 1.3 -0.444412 0.471198 -0.653559 0.28349 0.433879
0.5 1.4 -0.60273 -0.0994352 -0.562499 -0.359571 0.430902
0.5 1.5 -0.239584 -0.528449 -0.0132396 -0.631295 0.42848
0.5 1.6 0.293755 -0.469852 0.492983 -0.343811 0.425446
0.5 1.7 0.531328 -0.0135201 0.534679 0.210562 0.421651
0.5 1.8 0.29218 0.419966 0.115005 0.539106 0.417326
0.5 1.9 -0.184115 0.458307 -0.371573 0.378169 0.412769
0.6 -2 -0.457855 0.142305 -0.477176 -0.0920194 0.490384
0.6 -1.9 -0.132804 0.477027 -0.348002 0.360346 0.494367
0.6 -1.8 0.340365 0.38326 0.115764 0.504239 0.4977
0.6 -1.7 0.525833 -0.0810125 0.503033 0.184141 0.500213
0.6 -1.6 0.226272 -0.505681 0.445226 -0.334254 0.501952
0.6 -1.5 -0.315474 -0.48559 -0.0397635 -0.580463 0.503527
0.6 -1.4 -0.60809 0.00115536 -0.535342 -0.298252 0.506698
0.6 -1.3 -0.348012 0.539788 -0.577923 0.301873 0.515146
0.6 -1.2 0.280747 0.622943 -0.0771761 0.697053 0.534938
0.6 -1.1 0.725499 0.110437 0.570709 0.502058 0.573821
0.6 -1 0.528864 -0.597838 0.802836 -0.168351 0.638232
0.6 -0.9 -0.241586 -0.849491 0.390858 -0.763797 0.722646
0.6 0.9 -0.241586 -0.849491 0.390858 -0.763797 0.722646
0.6 1 0.528864 -0.597838 0.802836 -0.16835 0.638233
0.6 1.1 0.725499 0.110437 0.570708 0.502058 0.573822
0.6 1.2 0.280747 0.622943 -0.0771769 0.697053 0.534939
0.6 1.3 -0.348012 0.539788 -0.577924 0.301872 0.515147
0.6 1.4 -0.60809 0.00115536 -0.535342 -0.298253 0.5067
0.6 1.5 -0.315474 -0.48559 -0.0397625 -0.580463 0.503529
0.6 1.6 0.226272 -0.505681 0.445227 -0.334253 0.501954
0.6 1.7 0.525833 -0.0810125 0.503033 0.184142 0.500215
0.6 1.8 0.340365 0.38326 0.115763 0.50424 0.497702
0.6 1.9 -0.132804 0.477027 -0.348003 0.360346 0.494369
0.7 -2 -0.452203 0.161292 -0.439626 -0.112032 0.569901
0.7 -1.9 -0.111795 0.482755 -0.340922 0.314877 0.573217
0.7 -1.8 0.357977 0.366819 0.0810059 0.468477 0.575631
0.7 -1.7 0.520499 -0.107328 0.449224 0.191061 0.577258
0.7 -1.6 0.197903 -0.515963 0.416216 -0.282319 0.578641
0.7 -1.5 -0.342099 -0.464057 -0.0118708 -0.520285 0.581035
0.7 -1.4 -0.602477 0.040071 -0.460275 -0.284333 0.586615
0.7 -1.3 -0.305567 0.55699 -0.511448 0.23757 0.598175
0.7 -1.2 0.323338 0.589268 -0.0916381 0.578517 0.617595
0.7 -1.1 0.714475 0.0455878 0.435197 0.410757 0.642135
0.7 -1 0.45091 -0.622728 0.574521 -0.132686 0.657346
0.7 -0.9 -0.313418 -0.772726 0.15436 -0.53934 0.626919
0.7 -0.8 -0.902158 -0.151633 -0.491018 -0.353645 0.500746
0.7 0.8 -0.902158 -0.151633 -0.491017 -0.353645 0.500747
0.7 0.9 -0.313418 -0.772726 0.154361 -0.539339 0.626919
0.7 1 0.45091 -0.622728 0.574521 -0.132685 0.657347
0.7 1.1 0.714475 0.0455878 0.435196 0.410758 0.642137
0.7 1.2 0.323338 0.589268 -0.0916392 0.578517 0.617596
0.7 1.3 -0.305567 0.55699 -0.511449 0.237569 0.598176
0.7 1.4 -0.602477 0.040071 -0.460275 -0.284334 0.586616
0.7 1.5 -0.342099 -0.464057 -0.0118698 -0.520286 0.581037
0.7 1.6 0.197903 -0.515963 0.416217 -0.282319 0.578643
0.7 1.7 0.520499 -0.107328 0.449224 0.191062 0.57726
0.7 1.8 0.357977 0.366819 0.0810051 0.468478 0.575633
0.7 1.9 -0.111795 0.482755 -0.340923 0.314877 0.573219
0.8 -2 -0.455243 0.152121 -0.391598 -0.150423 0.644113
0.8 -1.9 -0.122009 0.479774 -0.344996 0.249678 0.64725
0.8 -1.8 0.34878 0.374247 0.0214297 0.432178 0.649831
0.8 -1.7 0.521396 -0.0940852 0.380432 0.221484 0.652342
0.8 -1.6 0.210778 -0.508088 0.400584 -0.201405 0.655671
0.8 -1.5 -0.326053 -0.470836 0.0521468 -0.453664 0.661049
0.8 -1.4 -0.597848 0.0201269 -0.354725 -0.29817 0.669568
0.8 -1.3 -0.321601 0.538331 -0.446448 0.130002 0.680917
0.8 -1.2 0.293045 0.591504 -0.135365 0.434845 0.691023
0.8 -1.1 0.693797 0.0783791 0.280273 0.323778 0.688698
0.8 -1 0.469859 -0.574878 0.376047 -0.0996615 0.652406
0.8 -0.9 -0.244046 -0.755671 0.00548997 -0.394739 0.552566
0.8 -0.8 -0.825088 -0.221254 -0.510353 -0.169023 0.373478
0.8 -0.7 -0.687186 0.616676 -0.578801 0.51981 0.157436
0.8 0.7 -0.687186 0.616676 -0.578801 0.51981 0.157436
0.8 0.8 -0.825088 -0.221254 -0.510353 -0.169024 0.373478
0.8 0.9 -0.244046 -0.755671 0.00549096 -0.39474 0.552566
0.8 1 0.469859 -0.574878 0.376048 -0.0996609 0.652406
0.8 1.1 0.693797 0.0783791 0.280273 0.323779 0.688698
0.8 1.2 0.293045 0.591504 -0.135366 0.434846 0.691024
0.8 1.3 -0.321601 0.538331 -0.446449 0.130002 0.680918
0.8 1.4 -0.597848 0.0201269 -0.354726 -0.298171 0.669569
0.8 1.5 -0.326053 -0.470836 0.0521477 -0.453666 0.66105
0.8 1.6 0.210778 -0.508088 0.400586 -0.201405 0.655673
0.8 1.7 0.521396 -0.0940852 0.380433 0.221485 0.652344
0.8 1.8 0.34878 0.374247 0.021429 0.43218 0.649832
0.8 1.9 -0.122009 0.479774 -0.344998 0.249678 0.647252
0.9 -2 -0.465147 0.11502 -0.333075 -0.19836 0.709734
0.9 -1.9 -0.161957 0.466461 -0.352027 0.170108 0.71301
0.9 -1.8 0.31223 0.402918 -0.0526959 0.390706 0.716312
0.9 -1.7 0.525499 -0.0426497 0.298665 0.261879 0.720232
0.9 -1.6 0.261239 -0.479994 0.385478 -0.103551 0.725397
0.9 -1.5 -0.267999 -0.500538 0.12884 -0.377045 0.732005
0.9 -1.4 -0.588974 -0.0537092 -0.237024 -0.31274 0.738896
0.9 -1.3 -0.386385 0.482078 -0.376584 0.0236987 0.742108
0.9 -1.2 0.196002 0.617022 -0.165293 0.309175 0.733176
0.9 -1.1 0.653468 0.190596 0.183481 0.260588 0.698065
0.9 -1 0.553732 -0.457369 0.303586 -0.0898421 0.619019
0.9 -0.9 -0.0655256 -0.757495 0.0192348 -0.398921 0.484604
0.9 -0.8 -0.696964 -0.407258 -0.460165 -0.312302 0.316054
0.9 -0.7 -0.78732 0.342225 -0.688347 0.18915 0.212333
0.9 -0.6 -0.2244 0.884641 -0.39369 0.723647 0.255977
0.9 -0.5 0.563073 0.786112 0.174597 0.924978 0.426644
0.9 0.5 0.563073 0.786112 0.174597 0.924979 0.426644
0.9 0.6 -0.2244 0.884641 -0.393691 0.723648 0.255977
0.9 0.7 -0.78732 0.342225 -0.688349 0.189149 0.212333
0.9 0.8 -0.696964 -0.407258 -0.460166 -0.312304 0.316053
0.9 0.9 -0.0655256 -0.757495 0.0192361 -0.398922 0.484603
0.9 1 0.553732 -0.457369 0.303588 -0.0898418 0.619018
0.9 1.1 0.653468 0.190596 0.183481 0.260589 0.698065
0.9 1.2 0.196002 0.617022 -0.165294 0.309176 0.733176
0.9 1.3 -0.386385 0.482078 -0.376586 0.0236986 0.742108
0.9 1.4 -0.588974 -0.0537092 -0.237024 -0.312741 0.738897
0.9 1.5 -0.267999 -0.500538 0.128841 -0.377046 0.732006
0.9 1.6 0.261239 -0.479994 0.38548 -0.103551 0.725398
0.9 1.7 0.525499 -0.0426497 0.298666 0.261881 0.720233
0.9 1.8 0.31223 0.402918 -0.0526964 0.390708 0.716313
0.9 1.9 -0.161957 0.466461 -0.352028 0.170108 0.713011
1 -2 -0.475077 0.049738 -0.26295 -0.246896 0.763446
1 -1.9 -0.22742 0.436049 -0.352821 0.0806175 0.76639
1 -1.8 0.244532 0.444254 -0.130975 0.338071 0.769525
1 -1.7 0.521841 0.044938 0.205671 0.297844 0.773001
1 -1.6 0.33978 -0.422218 0.358927 -0.00186762 0.776418
1 -1.5 -0.165077 -0.537065 0.196709 -0.291585 0.778138
1 -1.4 -0.557509 -0.172919 -0.127883 -0.313365 0.774356
1 -1.3 -0.477845 0.375528 -0.313988 -0.0551204 0.758157
1 -1.2 0.0353117 0.633254 -0.185833 0.234332 0.719159
1 -1.1 0.561045 0.354073 0.142332 0.265655 0.645051
1 -1 0.646367 -0.256792 0.358174 -0.0291567 0.528031
1 -0.9 0.192247 -0.704776 0.221486 -0.425477 0.384416
1 -0.8 -0.458661 -0.616351 -0.224943 -0.589153 0.306261
1 -0.7 -0.807034 -0.0430276 -0.691672 -0.350733 0.406617
1 -0.6 -0.600793 0.599954 -0.894433 0.181151 0.602421
1 -0.5 -0.00382469 0.889091 -0.777103 0.767003 0.880505
1 -0.4 0.595927 0.708719 -0.43534 1.19676 1.23214
1 -0.3 0.921352 0.25943 0.096762 1.19856 1.30567
1 -0.2 0.963982 -0.180154 0.667234 0.579894 0.832006
1 -0.1 0.884734 -0.455564 0.88389 -0.340375 0.115756
1 0.1 0.884734 -0.455564 0.883889 -0.340379 0.115752
1 0.2 0.963982 -0.180154 0.667237 0.579889 0.832
1 0.3 0.921352 0.25943 0.0967672 1.19856 1.30567
1 0.4 0.595927 0.708719 -0.435336 1.19676 1.23214
1 0.5 -0.00382469 0.889091 -0.777102 0.767007 0.880504
1 0.6 -0.600793 0.599954 -0.894435 0.181153 0.60242
1 0.7 -0.807034 -0.0430276 -0.691675 -0.350733 0.406616
1 0.8 -0.458661 -0.616351 -0.224944 -0.589155 0.306259
1 0.9 0.192247 -0.704776 0.221487 -0.425479 0.384414
1 1 0.646367 -0.256792 0.358177 -0.0291566 0.528029
1 1.1 0.561045 0.354073 0.142334 0.265657 0.645049
1 1.2 0.0353117 0.633254 -0.185834 0.234334 0.719157
1 1.3 -0.477845 0.375528 -0.31399 -0.0551202 0.758155
1 1.4 -0.557509 -0.172919 -0.127885 -0.313366 0.774354
1 1.5 -0.165077 -0.537065 0.19671 -0.291587 0.778137
1 1.6 0.33978 -0.422218 0.358929 -0.00186801 0.776418
1 1.7 0.521841 0.044938 0.205672 0.297846 0.773001
1 1.8 0.244532 0.444254 -0.130976 0.338073 0.769525
1 1.9 -0.22742 0.436049 -0.352823 0.0806181 0.76639
1.1 -2 -0.473689 -0.042509 -0.180921 -0.287197 0.802275
1.1 -1.9 -0.309836 0.378511 -0.339105 -0.0133597 0.803356
1.1 -1.8 0.141738 0.483418 -0.202843 0.270707 0.803835
1.1 -1.7 0.493478 0.162543 0.106382 0.318046 0.802917
1.1 -1.6 0.428928 -0.322504 0.316806 0.0912068 0.798731
1.1 -1.5 -0.0174143 -0.554895 0.245809 -0.205657 0.787736
1.1 -1.4 -0.47847 -0.319388 -0.0390319 -0.306329 0.764211
1.1 -1.3 -0.560081 0.207017 -0.27682 -0.116633 0.720296
1.1 -1.2 -0.174161 0.595892 -0.237829 0.198993 0.647485
1.1 -1.1 0.383532 0.520429 0.0770441 0.350888 0.541784
1.1 -1 0.673757 0.0221206 0.428443 0.162381 0.419184
1.1 -0.9 0.465098 -0.527967 0.522995 -0.285189 0.354723
1.1 -0.8 -0.0961621 -0.72832 0.232858 -0.711258 0.448468
1.1 -0.7 -0.622658 -0.447245 -0.322662 -0.836054 0.640578
1.1 -0.6 -0.790274 0.115571 -0.874815 -0.555929 0.847399
1.1 -0.5 -0.547676 0.623012 -1.16981 0.0146738 1.04896
1.1 -0.4 -0.0847863 0.853414 -1.06662 0.601763 1.18184
1.1 -0.3 0.358727 0.80509 -0.581921 0.887475 1.07131
1.1 -0.2 0.651973 0.619603 0.0641653 0.72912 0.664779
1.1 -0.1 0.792449 0.448705 0.546309 0.35703 0.288424
1.1 6.38378e-16 0.830506 0.38279 0.706369 0.185931 0.254496
1.1 0.1 0.792449 0.448705 0.546306 0.357013 0.288433
1.1 0.2 0.651973 0.619603 0.0641703 0.72911 0.664771
1.1 0.3 0.358727 0.80509 -0.581913 0.887473 1.0713
1.1 0.4 -0.0847863 0.853414 -1.06661 0.601767 1.18184
1.1 0.5 -0.547676 0.623012 -1.16981 0.0146797 1.04896
1.1 0.6 -0.790274 0.115571 -0.874819 -0.555926 0.847396
1.1 0.7 -0.622658 -0.447245 -0.322666 -0.836055 0.640576
1.1 0.8 -0.0961621 -0.72832 0.232857 -0.711262 0.448465
1.1 0.9 0.465098 -0.527967 0.522997 -0.285192 0.35472
1.1 1 0.673757 0.0221206 0.428446 0.162381 0.41918
1.1 1.1 0.383532 0.520429 0.0770456 0.350891 0.54178
1.1 1.2 -0.174161 0.595892 -0.237831 0.198996 0.647482
1.1 1.3 -0.560081 0.207017 -0.276823 -0.116632 0.720293
1.1 1.4 -0.47847 -0.319388 -0.0390334 -0.306331 0.764208
1.1 1.5 -0.0174143 -0.554895 0.24581 -0.205659 0.787733
1.1 1.6 0.428928 -0.322504 0.316808 0.0912063 0.798729
1.1 1.7 0.493478 0.162543 0.106384 0.318047 0.802915
1.1 1.8 0.141738 0.483418 -0.202843 0.270709 0.803833
1.1 1.9 -0.309836 0.378511 -0.339107 -0.013359 0.803355
1.2 -2 -0.446455 -0.156128 -0.0889947 -0.311227 0.823859
1.2 -1.9 -0.394346 0.283927 -0.30557 -0.104842 0.820654
1.2 -1.8 0.00448082 0.499787 -0.259429 0.189502 0.814992
1.2 -1.7 0.421397 0.29553 0.00768124 0.317833 0.804971
1.2 -1.6 0.501689 -0.173013 0.26294 0.169945 0.78743
1.2 -1.5 0.163376 -0.522933 0.281821 -0.125056 0.757735
1.2 -1.4 -0.330742 -0.459697 0.0408201 -0.305972 0.710042
1.2 -1.3 -0.585823 -0.018778 -0.257152 -0.198083 0.638772
1.2 -1.2 -0.392077 0.463825 -0.343525 0.137657 0.542964
1.2 -1.1 0.114025 0.619545 -0.0986013 0.443381 0.438325
1.2 -1 0.56532 0.328606 0.349083 0.455593 0.383502
1.2 -0.9 0.646853 -0.206317 0.708528 0.0981806 0.457584
1.2 -0.8 0.313332 -0.631363 0.723406 -0.462684 0.629097
1.2 -0.7 -0.214604 -0.698799 0.335495 -0.927779 0.815109
1.2 -0.6 -0.637947 -0.407066 -0.28565 -1.04982 0.968575
1.2 -0.5 -0.779249 0.0545405 -0.843083 -0.775127 1.06524
1.2 -0.4 -0.651187 0.470115 -1.07188 -0.268186 1.05801
1.2 -0.3 -0.386071 0.725301 -0.884246 0.197735 0.883106
1.2 -0.2 -0.123505 0.826486 -0.427672 0.434671 0.593566
1.2 -0.1 0.0529032 0.842739 0.0087891 0.468518 0.44625
1.2 6.38378e-16 0.113371 0.839747 0.182657 0.453304 0.463325
1.2 0.1 0.0529032 0.842739 0.00879214 0.46851 0.446259
1.2 0.2 -0.123505 0.826486 -0.427664 0.434665 0.593566
1.2 0.3 -0.386071 0.725301 -0.884238 0.197736 0.883098
1.2 0.4 -0.651187 0.470115 -1.07187 -0.26818 1.05801
1.2 0.5 -0.779249 0.0545405 -0.843084 -0.775121 1.06523
1.2 0.6 -0.637947 -0.407066 -0.285656 -1.04982 0.968569
1.2 0.7 -0.214604 -0.698799 0.33549 -0.927782 0.815104
1.2 0.8 0.313332 -0.631363 0.723406 -0.462688 0.629093
1.2 0.9 0.646853 -0.206317 0.708531 0.0981776 0.45758
1.2 1 0.56532 0.328606 0.349086 0.455593 0.383498
1.2 1.1 0.114025 0.619545 -0.0985998 0.443384 0.43832
1.2 1.2 -0.392077 0.463825 -0.343526 0.137659 0.542959
1.2 1.3 -0.585823 -0.018778 -0.257155 -0.198083 0.638767
1.2 1.4 -0.330742 -0.459697 0.0408185 -0.305974 0.710038
1.2 1.5 0.163376 -0.522933 0.281822 -0.125059 0.757731
1.2 1.6 0.501689 -0.173013 0.262943 0.169944 0.787427
1.2 1.7 0.421397 0.29553 0.0076829 0.317834 0.804968
1.2 1.8 0.00448082 0.499787 -0.25943 0.189504 0.81499
1.2 1.9 -0.394346 0.283927 -0.305572 -0.104841 0.820652
1.3 -2 -0.378659 -0.278176 0.00823223 -0.312961 0.826747
1.3 -1.9 -0.459073 0.147498 -0.250901 -0.186679 0.816515
1.3 -1.8 -0.156631 0.469899 -0.295932 0.0982571 0.801287
1.3 -1.7 0.29138 0.41772 -0.0866865 0.298495 0.778353
1.3 -1.6 0.523804 0.0207082 0.200312 0.238623 0.744056
1.3 -1.5 0.347232 -0.413683 0.315679 -0.0400871 0.694184
1.3 -1.4 -0.111545 -0.545716 0.142126 -0.307006 0.625362
1.3 -1.3 -0.508975 -0.267413 -0.204109 -0.322108 0.538715
1.3 -1.2 -0.550634 0.222624 -0.453539 -0.0257711 0.449035
1.3 -1.1 -0.204575 0.578816 -0.380916 0.406449 0.401675
1.3 -1 0.293926 0.562578 0.0291524 0.6808 0.456834
1.3 -0.9 0.627014 0.193573 0.565223 0.583808 0.602084
1.3 -0.8 0.609864 -0.296304 0.924433 0.121798 0.771677
1.3 -0.7 0.281104 -0.640811 0.901351 -0.486447 0.913415
1.3 -0.6 -0.168013 -0.700952 0.507486 -0.947576 0.99765
1.3 -0.5 -0.539387 -0.507344 -0.0455093 -1.06619 1.00716
1.3 -0.4 -0.733651 -0.190834 -0.480605 -0.84325 0.923103
1.3 -0.3 -0.763763 0.117358 -0.623784 -0.443466 0.748038
1.3 -0.2 -0.704469 0.343557 -0.4996 -0.0654964 0.583697
1.3 -0.1 -0.6346 0.471608 -0.289807 0.174202 0.575902
1.3 6.38378e-16 -0.60564 0.511885 -0.192436 0.25245 0.615266
1.3 0.1 -0.6346 0.471608 -0.289802 0.1742 0.575907
1.3 0.2 -0.704469 0.343557 -0.499593 -0.0654962 0.583701
1.3 0.3 -0.763763 0.117358 -0.623778 -0.443462 0.748035
1.3 0.4 -0.733651 -0.190834 -0.480604 -0.843243 0.923095
1.3 0.5 -0.539387 -0.507344 -0.0455134 -1.06618 1.00715
1.3 0.6 -0.168013 -0.700952 0.50748 -0.947576 0.997642
1.3 0.7 0.281104 -0.640811 0.901347 -0.486451 0.913408
1.3 0.8 0.609864 -0.296304 0.924434 0.121793 0.771672
1.3 0.9 0.627014 0.193573 0.565227 0.583806 0.60208
1.3 1 0.293926 0.562578 0.0291563 0.680801 0.456829
1.3 1.1 -0.204575 0.578816 -0.380916 0.406453 0.40167
1.3 1.2 -0.550634 0.222624 -0.453541 -0.0257684 0.449029
1.3 1.3 -0.508975 -0.267413 -0.204113 -0.322108 0.53871
1.3 1.4 -0.111545 -0.545716 0.142124 -0.307009 0.625356
1.3 1.5 0.347232 -0.413683 0.315681 -0.0400897 0.694179
1.3 1.6 0.523804 0.0207082 0.200315 0.238623 0.744051
1.3 1.7 0.29138 0.41772 -0.0866848 0.298497 0.778349
1.3 1.8 -0.156631 0.469899 -0.295932 0.0982595 0.801283
1.3 1.9 -0.459073 0.147498 -0.250904 -0.186678 0.816512
1.4 -2 -0.260487 -0.386782 0.104739 -0.289091 0.810743
1.4 -1.9 -0.477385 -0.0244745 -0.176389 -0.253451 0.791176
1.4 -1.8 -0.317071 0.374097 -0.310996 -0.000559883 0.764098
1.4 -1.7 0.103326 0.492778 -0.179106 0.260171 0.726697
1.4 -1.6 0.462424 0.232004 0.12014 0.303947 0.676053
1.4 -1.5 0.48543 -0.217716 0.34157 0.0734229 0.610398
1.4 -1.4 0.149832 -0.526576 0.28365 -0.267785 0.532153
1.4 -1.3 -0.30775 -0.472318 -0.0522627 -0.451107 0.454765
1.4 -1.2 -0.573405 -0.0920019 -0.452311 -0.299275 0.413359
1.4 -1.1 -0.476092 0.362538 -0.634204 0.142076 0.453362
1.4 -1 -0.0854572 0.610662 -0.43831 0.628644 0.572987
1.4 -0.9 0.36249 0.521535 0.0672415 0.874316 0.7243
1.4 -0.8 0.632051 0.166836 0.632532 0.729088 0.860108
1.4 -0.7 0.619293 -0.260714 0.982806 0.262025 0.947577
1.4 -0.6 0.373951 -0.579149 0.978393 -0.294552 0.969111
1.4 -0.5 0.02932 -0.704916 0.677764 -0.691013 0.919305
1.4 -0.4 -0.288738 -0.659334 0.274128 -0.7964 0.804842
1.4 -0.3 -0.514253 -0.520368 -0.0405206 -0.643368 0.668999
1.4 -0.2 -0.642013 -0.368911 -0.18611 -0.373209 0.615732
1.4 -0.1 -0.699084 -0.260226 -0.208149 -0.141414 0.677136
1.4 6.38378e-16 -0.714252 -0.221492 -0.200417 -0.052528 0.723318
1.4 0.1 -0.699084 -0.260226 -0.208147 -0.141413 0.67714
1.4 0.2 -0.642013 -0.368911 -0.186107 -0.373205 0.615736
1.4 0.3 -0.514253 -0.520368 -0.0405195 -0.643362 0.668999
1.4 0.4 -0.288738 -0.659334 0.274125 -0.796395 0.804837
1.4 0.5 0.02932 -0.704916 0.677758 -0.691011 0.919297
1.4 0.6 0.373951 -0.579149 0.978388 -0.294555 0.969103
1.4 0.7 0.619293 -0.260714 0.982805 0.26202 0.947569
1.4 0.8 0.632051 0.166836 0.632534 0.729083 0.860101
1.4 0.9 0.36249 0.521535 0.0672463 0.874315 0.724294
1.4 1 -0.0854572 0.610662 -0.438307 0.628647 0.572982
1.4 1.1 -0.476092 0.362538 -0.634204 0.14208 0.453357
1.4 1.2 -0.573405 -0.0920019 -0.452314 -0.299273 0.413353
1.4 1.3 -0.30775 -0.472318 -0.0522661 -0.451109 0.454759
1.4 1.4 0.149832 -0.526576 0.283649 -0.267788 0.532147
1.4 1.5 0.48543 -0.217716 0.341572 0.0734205 0.610392
1.4 1.6 0.462424 0.232004 0.120143 0.303947 0.676048
1.4 1.7 0.103326 0.492778 -0.179105 0.260173 0.726692
1.4 1.8 -0.317071 0.374097 -0.310997 -0.000557464 0.764093
1.4 1.9 -0.477385 -0.0244745 -0.176392 -0.253451 0.791172
1.5 -2 -0.0936166 -0.452846 0.194507 -0.238065 0.777147
1.5 -1.9 -0.424488 -0.209737 -0.0827466 -0.301006 0.747068
1.5 -1.8 -0.438997 0.206444 -0.301254 -0.108089 0.707814
1.5 -1.7 -0.12 0.48267 -0.272224 0.193266 0.65746
1.5 -1.6 0.301121 0.411908 0.00223373 0.357586 0.595376
1.5 -1.5 0.522101 0.0414374 0.322255 0.230069 0.524704
1.5 -1.4 0.388309 -0.372187 0.433535 -0.130364 0.457387
1.5 -1.3 -0.00944176 -0.552511 0.212829 -0.484202 0.4208
1.5 -1.2 -0.414301 -0.388325 -0.2391 -0.573826 0.44935
1.5 -1.1 -0.583393 0.0120839 -0.659656 -0.297576 0.546534
1.5 -1 -0.433291 0.414296 -0.792847 0.223714 0.678821
1.5 -0.9 -0.0628747 0.61233 -0.546462 0.725631 0.806892
1.5 -0.8 0.335553 0.534932 -0.037618 0.96307 0.899405
1.5 -0.7 0.596396 0.250638 0.491457 0.847094 0.936151
1.5 -0.6 0.65338 -0.103686 0.82062 0.47469 0.910082
1.5 -0.5 0.538567 -0.406834 0.863659 0.0479421 0.828233
1.5 -0.4 0.334207 -0.599884 0.682889 -0.251601 0.717678
1.5 -0.3 0.121136 -0.685741 0.416909 -0.351361 0.641079
1.5 -0.2 -0.0486791 -0.701876 0.187038 -0.296719 0.666234
1.5 -0.1 -0.153266 -0.691224 0.0484707 -0.196247 0.754944
1.5 6.38378e-16 -0.188077 -0.684136 0.00434402 -0.149697 0.800577
1.5 0.1 -0.153266 -0.691224 0.0484711 -0.196245 0.754947
1.5 0.2 -0.0486791 -0.701876 0.187038 -0.296716 0.666238
1.5 0.3 0.121136 -0.685741 0.416906 -0.351358 0.641081
1.5 0.4 0.334207 -0.599884 0.682884 -0.251599 0.717675
1.5 0.5 0.538567 -0.406834 0.863654 0.0479406 0.828227
1.5 0.6 0.65338 -0.103686 0.820617 0.474686 0.910074
1.5 0.7 0.596396 0.250638 0.491459 0.847089 0.936143
1.5 0.8 0.335553 0.534932 -0.0376136 0.963067 0.899397
1.5 0.9 -0.0628747 0.61233 -0.546457 0.725632 0.806885
1.5 1 -0.433291 0.414296 -0.792846 0.223718 0.678815
1.5 1.1 -0.583393 0.0120839 -0.659658 -0.297572 0.546528
1.5 1.2 -0.414301 -0.388325 -0.239104 -0.573825 0.449344
1.5 1.3 -0.00944176 -0.552511 0.212826 -0.484205 0.420793
1.5 1.4 0.388309 -0.372187 0.433535 -0.130368 0.45738
1.5 1.5 0.522101 0.0414374 0.322258 0.230067 0.524698
1.5 1.6 0.301121 0.411908 0.00223677 0.357588 0.59537
1.5 1.7 -0.12 0.48267 -0.272223 0.193269 0.657454
1.5 1.8 -0.438997 0.206444 -0.301256 -0.108087 0.707808
1.5 1.9 -0.424488 -0.209737 -0.0827494 -0.301007 0.747063
1.6 -2 0.10284 -0.446534 0.270935 -0.157967 0.728808
1.6 -1.9 -0.288045 -0.369682 0.0311829 -0.322144 0.688672
1.6 -1.8 -0.479334 -0.0151951 -0.254761 -0.223951 0.639345
1.6 -1.7 -0.330313 0.363286 -0.354586 0.079058 0.58098
1.6 -1.6 0.0563584 0.499771 -0.165146 0.363543 0.517047
1.6 -1.5 0.418005 0.301464 0.204011 0.401071 0.458
1.6 -1.4 0.51878 -0.0997376 0.501127 0.124276 0.425359
1.6 -1.3 0.30039 -0.450679 0.503291 -0.320183 0.445416
1.6 -1.2 -0.0993871 -0.546337 0.166205 -0.665097 0.523921
1.6 -1.1 -0.452505 -0.34537 -0.347401 -0.693001 0.637988
1.6 -1 -0.582467 0.0313041 -0.771892 -0.366998 0.756121
1.6 -0.9 -0.448673 0.394308 -0.898486 0.158084 0.850587
1.6 -0.8 -0.137169 0.595459 -0.685939 0.639088 0.900903
1.6 -0.7 0.212242 0.587081 -0.261288 0.885578 0.896666
1.6 -0.6 0.483943 0.413688 0.173138 0.849126 0.840292
1.6 -0.5 0.627082 0.162988 0.45545 0.617688 0.750117
1.6 -0.4 0.652304 -0.0841043 0.531645 0.337546 0.666826
1.6 -0.3 0.604062 -0.279777 0.44922 0.124218 0.649914
1.6 -0.2 0.532016 -0.409962 0.303054 0.015917 0.71991
1.6 -0.1 0.47428 -0.480723 0.180363 -0.0155852 0.814771
1.6 6.38378e-16 0.452736 -0.502729 0.133937 -0.0186441 0.856757
1.6 0.1 0.47428 -0.480723 0.180362 -0.0155842 0.814773
1.6 0.2 0.532016 -0.409962 0.303051 0.0159184 0.719913
1.6 0.3 0.604062 -0.279777 0.449217 0.124219 0.649917
1.6 0.4 0.652304 -0.0841043 0.531641 0.337544 0.666826
1.6 0.5 0.627082 0.162988 0.455448 0.617684 0.750113
1.6 0.6 0.483943 0.413688 0.173138 0.849121 0.840285
1.6 0.7 0.212242 0.587081 -0.261284 0.885574 0.896658
1.6 0.8 -0.137169 0.595459 -0.685934 0.639088 0.900895
1.6 0.9 -0.448673 0.394308 -0.898483 0.158087 0.850579
1.6 1 -0.582467 0.0313041 -0.771892 -0.366994 0.756114
1.6 1.1 -0.452505 -0.34537 -0.347405 -0.692998 0.637982
1.6 1.2 -0.0993871 -0.546337 0.166201 -0.665098 0.523915
1.6 1.3 0.30039 -0.450679 0.50329 -0.320186 0.44541
1.6 1.4 0.51878 -0.0997376 0.501128 0.124273 0.425352
1.6 1.5 0.418005 0.301464 0.204014 0.40107 0.457993
1.6 1.6 0.0563584 0.499771 -0.165143 0.363545 0.51704
1.6 1.7 -0.330313 0.363286 -0.354586 0.0790613 0.580973
1.6 1.8 -0.479334 -0.0151951 -0.254764 -0.223949 0.639338
1.6 1.9 -0.288045 -0.369682 0.0311802 -0.322145 0.688666
1.7 -2 0.29062 -0.348509 0.323172 -0.0462274 0.669988
1.7 -1.9 -0.0797268 -0.456697 0.163445 -0.301571 0.622166
1.7 -1.8 -0.405789 -0.24466 -0.152124 -0.333883 0.567491
1.7 -1.7 -0.463036 0.142573 -0.389632 -0.0931123 0.50951
1.7 -1.6 -0.214135 0.44689 -0.355402 0.269702 0.457294
1.7 -1.5 0.178711 0.474444 -0.0363438 0.503053 0.427919
1.7 -1.4 0.472811 0.213494 0.385578 0.425383 0.441698
1.7 -1.3 0.500691 -0.176427 0.650295 0.0460553 0.505031
1.7 -1.2 0.258432 -0.477757 0.583695 -0.441261 0.602576
1.7 -1.1 -0.115753 -0.543416 0.199564 -0.780126 0.709638
1.7 -1 -0.438175 -0.361484 -0.319379 -0.801634 0.802586
1.7 -0.9 -0.579342 -0.0335579 -0.736862 -0.508539 0.862326
1.7 -0.8 -0.51106 0.299292 -0.893584 -0.0518251 0.876723
1.7 -0.7 -0.291039 0.528834 -0.774732 0.369747 0.843534
1.7 -0.6 -0.0126982 0.61409 -0.487767 0.615657 0.773454
1.7 -0.5 0.243161 0.574421 -0.182029 0.654799 0.693721
1.7 -0.4 0.432902 0.460479 0.0318924 0.547302 0.649193
1.7 -0.3 0.549644 0.325363 0.12018 0.386632 0.679185
1.7 -0.2 0.609034 0.208342 0.114985 0.246421 0.76981
1.7 -0.1 0.633163 0.131766 0.0769314 0.160015 0.861178
1.7 6.38378e-16 0.639122 0.105402 0.0576991 0.131892 0.898528
1.7 0.1 0.633163 0.131766 0.0769303 0.160015 0.86118
1.7 0.2 0.609034 0.208342 0.114983 0.24642 0.769813
1.7 0.3 0.549644 0.325363 0.120178 0.38663 0.679188
1.7 0.4 0.432902 0.460479 0.0318912 0.547299 0.649194
1.7 0.5 0.243161 0.574421 -0.182028 0.654795 0.693718
1.7 0.6 -0.0126982 0.61409 -0.487764 0.615654 0.773449
1.7 0.7 -0.291039 0.528834 -0.774727 0.369746 0.843527
1.7 0.8 -0.51106 0.299292 -0.89358 -0.0518223 0.876715
1.7 0.9 -0.579342 -0.0335579 -0.736861 -0.508534 0.862318
1.7 1 -0.438175 -0.361484 -0.319382 -0.80163 0.802579
1.7 1.1 -0.115753 -0.543416 0.199559 -0.780126 0.709631
1.7 1.2 0.258432 -0.477757 0.583692 -0.441263 0.602569
1.7 1.3 0.500691 -0.176427 0.650295 0.0460512 0.505025
1.7 1.4 0.472811 0.213494 0.385581 0.425381 0.441691
1.7 1.5 0.178711 0.474444 -0.0363401 0.503054 0.427912
1.7 1.6 -0.214135 0.44689 -0.355401 0.269705 0.457287
1.7 1.7 -0.463036 0.142573 -0.389633 -0.0931092 0.509503
1.7 1.8 -0.405789 -0.24466 -0.152127 -0.333883 0.567484
1.7 1.9 -0.0797268 -0.456697 0.163443 -0.301573 0.622159
1.8 -2 0.418547 -0.162964 0.332132 0.0951961 0.606116
1.8 -1.9 0.158178 -0.430234 0.297833 -0.217588 0.554995
1.8 -1.8 -0.216534 -0.414861 0.0180299 -0.399936 0.50225
1.8 -1.7 -0.460331 -0.128337 -0.324931 -0.298911 0.455717
1.8 -1.6 -0.421513 0.246147 -0.490615 0.0484356 0.429074
1.8 -1.5 -0.128884 0.481703 -0.342469 0.435597 0.438195
1.8 -1.4 0.243019 0.447721 0.0620992 0.619214 0.489344
1.8 -1.3 0.490662 0.173377 0.508921 0.470685 0.572391
1.8 -1.2 0.496249 -0.190291 0.758937 0.048725 0.668231
1.8 -1.1 0.274457 -0.468067 0.684624 -0.445015 0.757122
1.8 -1 -0.0599882 -0.550369 0.32839 -0.787618 0.82205
1.8 -0.9 -0.36699 -0.428843 -0.140692 -0.852311 0.850657
1.8 -0.8 -0.547832 -0.174215 -0.530891 -0.655469 0.837679
1.8 -0.7 -0.573294 0.115116 -0.723359 -0.320385 0.787755
1.8 -0.6 -0.472676 0.35951 -0.709152 0.00444711 0.718358
1.8 -0.5 -0.303002 0.520223 -0.562392 0.217925 0.661645
1.8 -0.4 -0.119792 0.597154 -0.381205 0.294784 0.656277
1.8 -0.3 0.0389422 0.6135 -0.236626 0.269628 0.716838
1.8 -0.2 0.154906 0.599221 -0.152867 0.200621 0.813665
1.8 -0.1 0.223533 0.579892 -0.118122 0.138863 0.897666
1.8 6.38378e-16 0.246041 0.571646 -0.109997 0.115039 0.930365
1.8 0.1 0.223533 0.579892 -0.118123 0.138862 0.897667
1.8 0.2 0.154906 0.599221 -0.152868 0.200619 0.813668
1.8 0.3 0.0389422 0.6135 -0.236626 0.269625 0.716841
1.8 0.4 -0.119792 0.597154 -0.381204 0.294781 0.656278
1.8 0.5 -0.303002 0.520223 -0.562389 0.217923 0.661644
1.8 0.6 -0.472676 0.35951 -0.709148 0.00444722 0.718354
1.8 0.7 -0.573294 0.115116 -0.723356 -0.320382 0.787749
1.8 0.8 -0.547832 -0.174215 -0.530889 -0.655465 0.837672
1.8 0.9 -0.36699 -0.428843 -0.140694 -0.852307 0.85065
1.8 1 -0.0599882 -0.550369 0.328386 -0.787617 0.822042
1.8 1.1 0.274457 -0.468067 0.68462 -0.445017 0.757115
1.8 1.2 0.496249 -0.190291 0.758936 0.0487211 0.668224
1.8 1.3 0.490662 0.173377 0.508923 0.470682 0.572385
1.8 1.4 0.243019 0.447721 0.062103 0.619213 0.489337
1.8 1.5 -0.128884 0.481703 -0.342466 0.435599 0.438188
1.8 1.6 -0.421513 0.246147 -0.490615 0.0484393 0.429067
1.8 1.7 -0.460331 -0.128337 -0.324934 -0.298908 0.45571
1.8 1.8 -0.216534 -0.414861 0.0180266 -0.399937 0.502243
1.8 1.9 0.158178 -0.430234 0.297831 -0.217591 0.554988
1.9 -2 0.438259 0.0735199 0.272667 0.249328 0.543482
1.9 -1.9 0.357882 -0.277823 0.394877 -0.0564744 0.495338
1.9 -1.8 0.045826 -0.459743 0.234263 -0.368058 0.453569
1.9 -1.7 -0.301874 -0.361866 -0.127819 -0.46492 0.429233
1.9 -1.6 -0.478339 -0.0477928 -0.470606 -0.256706 0.434881
1.9 -1.5 -0.388753 0.298947 -0.5749 0.157864 0.476279
1.9 -1.4 -0.0912248 0.491874 -0.357712 0.553728 0.546857
1.9 -1.3 0.254643 0.442144 0.0836859 0.715535 0.631954
1.9 -1.2 0.484786 0.188763 0.536855 0.557214 0.715269
1.9 -1.1 0.510516 -0.143154 0.797509 0.156086 0.781997
1.9 -1 0.343142 -0.416995 0.77218 -0.306428 0.82043
1.9 -0.9 0.0654544 -0.545677 0.506191 -0.649284 0.8238
1.9 -0.8 -0.220671 -0.513329 0.135792 -0.776138 0.792608
1.9 -0.7 -0.438501 -0.360033 -0.193748 -0.699179 0.737155
1.9 -0.6 -0.555587 -0.149246 -0.393287 -0.504917 0.679581
1.9 -0.5 -0.579065 0.0616198 -0.449835 -0.295142 0.651595
1.9 -0.4 -0.538687 0.236616 -0.405395 -0.139707 0.678546
1.9 -0.3 -0.469539 0.362555 -0.319104 -0.0599025 0.755944
1.9 -0.2 -0.401031 0.441965 -0.237494 -0.0390385 0.851293
1.9 -0.1 -0.352917 0.48396 -0.184299 -0.0449505 0.926818
1.9 6.38378e-16 -0.335796 0.496878 -0.166356 -0.0503652 0.955259
1.9 0.1 -0.352917 0.48396 -0.184299 -0.0449511 0.926819
1.9 0.2 -0.401031 0.441965 -0.237494 -0.0390396 0.851296
1.9 0.3 -0.469539 0.362555 -0.319102 -0.0599036 0.755946
1.9 0.4 -0.538687 0.236616 -0.405392 -0.139707 0.678548
1.9 0.5 -0.579065 0.0616198 -0.449832 -0.295141 0.651595
1.9 0.6 -0.555587 -0.149246 -0.393285 -0.504915 0.679578
1.9 0.7 -0.438501 -0.360033 -0.193747 -0.699175 0.737151
1.9 0.8 -0.220671 -0.513329 0.13579 -0.776135 0.792602
1.9 0.9 0.0654544 -0.545677 0.506188 -0.649282 0.823793
1.9 1 0.343142 -0.416995 0.772176 -0.30643 0.820422
1.9 1.1 0.510516 -0.143154 0.797507 0.156083 0.781989
1.9 1.2 0.484786 0.188763 0.536856 0.55721 0.715262
1.9 1.3 0.254643 0.442144 0.0836894 0.715533 0.631947
1.9 1.4 -0.0912248 0.491874 -0.357708 0.553729 0.54685
1.9 1.5 -0.388753 0.298947 -0.574898 0.157868 0.476272
1.9 1.6 -0.478339 -0.0477928 -0.470608 -0.256702 0.434873
1.9 1.7 -0.301874 -0.361866 -0.127823 -0.464919 0.429226
1.9 1.8 0.045826 -0.459743 0.23426 -0.368059 0.453562
1.9 1.9 0.357882 -0.277823 0.394876 -0.0564777 0.49533
