-2 -2 0.309594 0.215308 0.309594 0.215308 9.99491e-08
-2 -1.9 0.3846 0.0820683 0.3846 0.0820683 9.71019e-08
-2 -1.8 0.406853 -0.0651325 0.406853 -0.0651326 8.58498e-08
-2 -1.7 0.380425 -0.206993 0.380425 -0.206993 7.54447e-08
-2 -1.6 0.315591 -0.329209 0.315591 -0.329209 6.54741e-08
-2 -1.5 0.22637 -0.424179 0.22637 -0.424179 5.97436e-08
-2 -1.4 0.127218 -0.491847 0.127218 -0.491847 5.88525e-08
-2 -1.3 0.0293418 -0.538651 0.0293418 -0.538651 4.85697e-08
-2 -1.2 -0.0618088 -0.574248 -0.0618089 -0.574248 4.09982e-08
-2 -1.1 -0.146373 -0.607245 -0.146373 -0.607245 3.48498e-08
-2 -1 -0.227126 -0.642059 -0.227126 -0.642059 2.55311e-08
-2 -0.9 -0.305387 -0.67856 -0.305387 -0.67856 2.05565e-08
-2 -0.8 -0.378247 -0.714408 -0.378247 -0.714408 1.72956e-08
-2 -0.7 -0.438781 -0.748295 -0.438781 -0.748295 1.77343e-08
-2 -0.6 -0.479096 -0.781755 -0.479096 -0.781755 1.88347e-08
-2 -0.5 -0.494411 -0.818275 -0.494411 -0.818275 1.52939e-08
-2 -0.4 -0.485895 -0.860333 -0.485895 -0.860333 1.18809e-08
-2 -0.3 -0.460896 -0.906391 -0.460896 -0.906391 7.40599e-09
-2 -0.2 -0.430668 -0.949984 -0.430668 -0.949984 3.92492e-09
-2 -0.1 -0.406808 -0.981744 -0.406808 -0.981744 1.16858e-08
-2 6.38378e-16 -0.39782 -0.993423 -0.39782 -0.993423 1.05427e-08
-2 0.1 -0.406808 -0.981744 -0.406808 -0.981744 1.16875e-08
-2 0.2 -0.430668 -0.949984 -0.430668 -0.949984 3.92701e-09
-2 0.3 -0.460896 -0.906391 -0.460896 -0.906391 7.40187e-09
-2 0.4 -0.485895 -0.860333 -0.485895 -0.860333 1.18765e-08
-2 0.5 -0.494411 -0.818275 -0.494411 -0.818275 1.5291e-08
-2 0.6 -0.479096 -0.781755 -0.479096 -0.781755 1.88337e-08
-2 0.7 -0.438781 -0.748295 -0.438781 -0.748295 1.77342e-08
-2 0.8 -0.378247 -0.714408 -0.378247 -0.714408 1.72939e-08
-2 0.9 -0.305387 -0.67856 -0.305387 -0.67856 2.05513e-08
-2 1 -0.227126 -0.642059 -0.227126 -0.642059 2.55239e-08
-2 1.1 -0.146373 -0.607245 -0.146373 -0.607245 3.48425e-08
-2 1.2 -0.0618088 -0.574248 -0.0618089 -0.574248 4.09926e-08
-2 1.3 0.0293418 -0.538651 0.0293418 -0.538651 4.85657e-08
-2 1.4 0.127218 -0.491847 0.127218 -0.491847 5.88503e-08
-2 1.5 0.22637 -0.424179 0.22637 -0.424179 5.97417e-08
-2 1.6 0.315591 -0.329209 0.315591 -0.329209 6.54711e-08
-2 1.7 0.380425 -0.206993 0.380425 -0.206993 7.5439e-08
-2 1.8 0.406853 -0.0651325 0.406853 -0.0651326 8.58418e-08
-2 1.9 0.3846 0.0820683 0.3846 0.0820683 9.70927e-08
-1.9 -2 0.360091 -0.11407 0.360091 -0.11407 1.10223e-07
-1.9 -1.9 0.296327 -0.257994 0.296327 -0.257994 9.70636e-08
-1.9 -1.8 0.188107 -0.365678 0.188107 -0.365678 8.64358e-08
-1.9 -1.7 0.0544354 -0.42922 0.0544354 -0.42922 7.37207e-08
-1.9 -1.6 -0.0869612 -0.448525 -0.0869612 -0.448525 6.76203e-08
-1.9 -1.5 -0.221508 -0.429772 -0.221508 -0.429772 6.48297e-08
-1.9 -1.4 -0.339599 -0.383856 -0.339599 -0.383856 5.66582e-08
-1.9 -1.3 -0.438101 -0.32385 -0.438101 -0.32385 4.90358e-08
-1.9 -1.2 -0.520302 -0.261515 -0.520302 -0.261515 4.52033e-08
-1.9 -1.1 -0.593467 -0.204229 -0.593467 -0.204229 3.7828e-08
-1.9 -1 -0.664699 -0.154139 -0.664699 -0.154139 3.1188e-08
-1.9 -0.9 -0.737201 -0.110192 -0.737201 -0.110192 2.19171e-08
-1.9 -0.8 -0.808981 -0.0718231 -0.808981 -0.0718231 1.48704e-08
-1.9 -0.7 -0.874618 -0.0418176 -0.874618 -0.0418176 1.66282e-08
-1.9 -0.6 -0.92873 -0.0262735 -0.92873 -0.0262735 1.67828e-08
-1.9 -0.5 -0.968886 -0.0314337 -0.968886 -0.0314337 1.81827e-08
-1.9 -0.4 -0.99627 -0.0591966 -0.99627 -0.0591966 1.49422e-08
-1.9 -0.3 -1.01417 -0.104048 -1.01417 -0.104048 6.16671e-09
-1.9 -0.2 -1.0257 -0.153434 -1.0257 -0.153434 6.34307e-09
-1.9 -0.1 -1.03247 -0.191741 -1.03247 -0.191741 7.68842e-09
-1.9 6.38378e-16 -1.03475 -0.206155 -1.03475 -0.206155 1.51422e-08
-1.9 0.1 -1.03247 -0.191741 -1.03247 -0.191741 7.69058e-09
-1.9 0.2 -1.0257 -0.153434 -1.0257 -0.153434 6.34371e-09
-1.9 0.3 -1.01417 -0.104048 -1.01417 -0.104048 6.16212e-09
-1.9 0.4 -0.99627 -0.0591966 -0.99627 -0.0591966 1.4938e-08
-1.9 0.5 -0.968886 -0.0314337 -0.968886 -0.0314337 1.81802e-08
-1.9 0.6 -0.92873 -0.0262735 -0.92873 -0.0262735 1.67824e-08
-1.9 0.7 -0.874618 -0.0418176 -0.874618 -0.0418176 1.66282e-08
-1.9 0.8 -0.808981 -0.0718231 -0.808981 -0.0718231 1.48685e-08
-1.9 0.9 -0.737201 -0.110192 -0.737201 -0.110192 2.19117e-08
-1.9 1 -0.664699 -0.154139 -0.664699 -0.154139 3.11807e-08
-1.9 1.1 -0.593467 -0.204229 -0.593467 -0.204229 3.78213e-08
-1.9 1.2 -0.520302 -0.261515 -0.520302 -0.261515 4.51987e-08
-1.9 1.3 -0.438101 -0.32385 -0.438101 -0.32385 4.90333e-08
-1.9 1.4 -0.339599 -0.383856 -0.339599 -0.383856 5.66564e-08
-1.9 1.5 -0.221508 -0.429772 -0.221508 -0.429772 6.48268e-08
-1.9 1.6 -0.0869612 -0.448525 -0.0869612 -0.448525 6.76151e-08
-1.9 1.7 0.0544354 -0.42922 0.0544354 -0.42922 7.37131e-08
-1.9 1.8 0.188107 -0.365678 0.188107 -0.365678 8.64266e-08
-1.9 1.9 0.296327 -0.257994 0.296327 -0.257994 9.70539e-08
-1.8 -2 0.132416 -0.355894 0.132416 -0.355894 1.00617e-07
-1.8 -1.9 -0.0267891 -0.392778 -0.0267891 -0.392778 9.37252e-08
-1.8 -1.8 -0.182379 -0.368282 -0.182379 -0.368282 8.84091e-08
-1.8 -1.7 -0.315555 -0.294961 -0.315555 -0.29496 8.49267e-08
-1.8 -1.6 -0.41605 -0.188208 -0.41605 -0.188207 7.00631e-08
-1.8 -1.5 -0.480561 -0.0634403 -0.480561 -0.0634403 6.30541e-08
-1.8 -1.4 -0.511674 0.0653946 -0.511674 0.0653946 5.665e-08
-1.8 -1.3 -0.517099 0.187434 -0.517099 0.187434 5.09689e-08
-1.8 -1.2 -0.508004 0.296743 -0.508004 0.296743 4.69596e-08
-1.8 -1.1 -0.495919 0.39312 -0.495919 0.39312 4.43346e-08
-1.8 -1 -0.489244 0.480572 -0.489244 0.480572 3.08768e-08
-1.8 -0.9 -0.491297 0.563613 -0.491297 0.563613 2.22956e-08
-1.8 -0.8 -0.501135 0.643264 -0.501135 0.643264 2.04868e-08
-1.8 -0.7 -0.516523 0.715218 -0.516523 0.715218 1.59423e-08
-1.8 -0.6 -0.536827 0.771456 -0.536827 0.771456 1.71876e-08
-1.8 -0.5 -0.563641 0.804498 -0.563641 0.804498 1.41089e-08
-1.8 -0.4 -0.59861 0.811865 -0.59861 0.811865 1.23289e-08
-1.8 -0.3 -0.640113 0.798268 -0.640113 0.798268 8.23997e-09
-1.8 -0.2 -0.681494 0.774431 -0.681494 0.774431 4.14947e-09
-1.8 -0.1 -0.712615 0.753215 -0.712615 0.753215 8.81467e-09
-1.8 6.38378e-16 -0.724234 0.744852 -0.724234 0.744851 1.22504e-08
-1.8 0.1 -0.712615 0.753215 -0.712615 0.753215 8.81691e-09
-1.8 0.2 -0.681494 0.774431 -0.681494 0.774431 4.15022e-09
-1.8 0.3 -0.640113 0.798268 -0.640113 0.798268 8.23593e-09
-1.8 0.4 -0.59861 0.811865 -0.59861 0.811865 1.23248e-08
-1.8 0.5 -0.563641 0.804498 -0.563641 0.804498 1.41074e-08
-1.8 0.6 -0.536827 0.771456 -0.536827 0.771456 1.71874e-08
-1.8 0.7 -0.516523 0.715218 -0.516523 0.715218 1.59418e-08
-1.8 0.8 -0.501135 0.643264 -0.501135 0.643264 2.04821e-08
-1.8 0.9 -0.491297 0.563613 -0.491297 0.563613 2.22889e-08
-1.8 1 -0.489244 0.480572 -0.489244 0.480572 3.08697e-08
-1.8 1.1 -0.495919 0.39312 -0.495919 0.39312 4.43294e-08
-1.8 1.2 -0.508004 0.296743 -0.508004 0.296743 4.69565e-08
-1.8 1.3 -0.517099 0.187434 -0.517099 0.187434 5.0967e-08
-1.8 1.4 -0.511674 0.0653946 -0.511674 0.0653946 5.66475e-08
-1.8 1.5 -0.480561 -0.0634403 -0.480561 -0.0634403 6.30498e-08
-1.8 1.6 -0.41605 -0.188208 -0.41605 -0.188207 7.00559e-08
-1.8 1.7 -0.315555 -0.294961 -0.315555 -0.29496 8.49176e-08
-1.8 1.8 -0.182379 -0.368282 -0.182379 -0.368282 8.83996e-08
-1.8 1.9 -0.0267891 -0.392778 -0.0267891 -0.392778 9.37162e-08
-1.7 -2 -0.197673 -0.328064 -0.197673 -0.328064 1.13418e-07
-1.7 -1.9 -0.329709 -0.219232 -0.329709 -0.219232 9.51742e-08
-1.7 -1.8 -0.405314 -0.0737164 -0.405314 -0.0737164 9.39547e-08
-1.7 -1.7 -0.423914 0.0823834 -0.423914 0.0823835 8.49845e-08
-1.7 -1.6 -0.393749 0.230192 -0.393749 0.230192 7.62662e-08
-1.7 -1.5 -0.326663 0.35823 -0.326663 0.35823 6.6796e-08
-1.7 -1.4 -0.235479 0.460981 -0.235479 0.460981 5.82296e-08
-1.7 -1.3 -0.132963 0.538003 -0.132963 0.538003 4.66562e-08
-1.7 -1.2 -0.0306698 0.593734 -0.0306698 0.593734 4.1412e-08
-1.7 -1.1 0.0629422 0.63663 0.0629422 0.63663 3.6839e-08
-1.7 -1 0.144044 0.676593 0.144044 0.676593 2.71781e-08
-1.7 -0.9 0.213042 0.721217 0.213042 0.721217 2.75256e-08
-1.7 -0.8 0.271824 0.772802 0.271824 0.772802 1.70192e-08
-1.7 -0.7 0.320194 0.827983 0.320194 0.827983 1.59414e-08
-1.7 -0.6 0.35407 0.88022 0.35407 0.88022 1.55893e-08
-1.7 -0.5 0.367193 0.923521 0.367193 0.923521 1.25187e-08
-1.7 -0.4 0.355733 0.955088 0.355733 0.955088 1.38646e-08
-1.7 -0.3 0.32294 0.975609 0.32294 0.975609 6.34018e-09
-1.7 -0.2 0.280518 0.987672 0.280518 0.987672 5.06849e-09
-1.7 -0.1 0.245124 0.993868 0.245124 0.993868 8.73635e-09
-1.7 6.38378e-16 0.23139 0.995771 0.23139 0.995771 1.22453e-08
-1.7 0.1 0.245124 0.993868 0.245124 0.993868 8.73833e-09
-1.7 0.2 0.280518 0.987672 0.280518 0.987672 5.07226e-09
-1.7 0.3 0.32294 0.975609 0.32294 0.975609 6.33514e-09
-1.7 0.4 0.355733 0.955088 0.355733 0.955088 1.38609e-08
-1.7 0.5 0.367193 0.923521 0.367193 0.923521 1.25177e-08
-1.7 0.6 0.35407 0.88022 0.35407 0.88022 1.55895e-08
-1.7 0.7 0.320194 0.827983 0.320194 0.827983 1.59402e-08
-1.7 0.8 0.271824 0.772802 0.271824 0.772802 1.70137e-08
-1.7 0.9 0.213042 0.721217 0.213042 0.721217 2.75187e-08
-1.7 1 0.144044 0.676593 0.144044 0.676593 2.7172e-08
-1.7 1.1 0.0629422 0.63663 0.0629422 0.63663 3.68352e-08
-1.7 1.2 -0.0306698 0.593734 -0.0306698 0.593734 4.14097e-08
-1.7 1.3 -0.132963 0.538003 -0.132963 0.538003 4.66539e-08
-1.7 1.4 -0.235479 0.460981 -0.235479 0.460981 5.82252e-08
-1.7 1.5 -0.326663 0.35823 -0.326663 0.35823 6.67891e-08
-1.7 1.6 -0.393749 0.230192 -0.393749 0.230192 7.62573e-08
-1.7 1.7 -0.423914 0.0823834 -0.423914 0.0823835 8.49752e-08
-1.7 1.8 -0.405314 -0.0737164 -0.405314 -0.0737164 9.39458e-08
-1.7 1.9 -0.329709 -0.219232 -0.329709 -0.219232 9.51673e-08
-1.6 -2 -0.383205 -0.054629 -0.383205 -0.054629 1.10289e-07
-1.6 -1.9 -0.379243 0.125534 -0.379243 0.125534 1.10014e-07
-1.6 -1.8 -0.304816 0.280887 -0.304816 0.280887 9.34149e-08
-1.6 -1.7 -0.184011 0.392072 -0.184011 0.392072 9.21809e-08
-1.6 -1.6 -0.0406033 0.454432 -0.0406032 0.454432 7.97752e-08
-1.6 -1.5 0.107287 0.472539 0.107287 0.472539 7.63693e-08
-1.6 -1.4 0.247829 0.45512 0.247829 0.45512 5.52095e-08
-1.6 -1.3 0.37406 0.412486 0.37406 0.412486 5.19736e-08
-1.6 -1.2 0.482895 0.355896 0.482895 0.355896 4.89776e-08
-1.6 -1.1 0.575145 0.296939 0.575145 0.296939 4.0099e-08
-1.6 -1 0.655326 0.245792 0.655326 0.245792 3.3411e-08
-1.6 -0.9 0.729755 0.208977 0.729756 0.208977 2.74997e-08
-1.6 -0.8 0.802968 0.18831 0.802968 0.18831 1.97529e-08
-1.6 -0.7 0.874324 0.182091 0.874324 0.182091 1.45075e-08
-1.6 -0.6 0.937249 0.187765 0.937249 0.187765 1.48346e-08
-1.6 -0.5 0.982236 0.203895 0.982236 0.203895 1.18881e-08
-1.6 -0.4 1.00233 0.229785 1.00233 0.229785 1.01548e-08
-1.6 -0.3 0.998005 0.263067 0.998005 0.263067 7.63628e-09
-1.6 -0.2 0.978409 0.297616 0.978409 0.297616 6.11462e-09
-1.6 -0.1 0.95788 0.324213 0.95788 0.324213 9.53193e-09
-1.6 6.38378e-16 0.949318 0.334255 0.949318 0.334255 1.23431e-08
-1.6 0.1 0.95788 0.324213 0.95788 0.324213 9.53467e-09
-1.6 0.2 0.978409 0.297616 0.978409 0.297616 6.11171e-09
-1.6 0.3 0.998005 0.263067 0.998005 0.263067 7.63123e-09
-1.6 0.4 1.00233 0.229785 1.00233 0.229785 1.01517e-08
-1.6 0.5 0.982236 0.203895 0.982236 0.203895 1.18876e-08
-1.6 0.6 0.937249 0.187765 0.937249 0.187765 1.48358e-08
-1.6 0.7 0.874324 0.182091 0.874324 0.182091 1.45052e-08
-1.6 0.8 0.802968 0.18831 0.802968 0.18831 1.97476e-08
-1.6 0.9 0.729755 0.208977 0.729756 0.208977 2.74932e-08
-1.6 1 0.655326 0.245792 0.655326 0.245792 3.34066e-08
-1.6 1.1 0.575145 0.296939 0.575145 0.296939 4.00965e-08
-1.6 1.2 0.482895 0.355896 0.482895 0.355896 4.89755e-08
-1.6 1.3 0.37406 0.412486 0.37406 0.412486 5.19696e-08
-1.6 1.4 0.247829 0.45512 0.247829 0.45512 5.52027e-08
-1.6 1.5 0.107287 0.472539 0.107287 0.472539 7.63605e-08
-1.6 1.6 -0.0406033 0.454432 -0.0406032 0.454432 7.97661e-08
-1.6 1.7 -0.184011 0.392072 -0.184011 0.392072 9.21723e-08
-1.6 1.8 -0.304816 0.280887 -0.304816 0.280887 9.3408e-08
-1.6 1.9 -0.379243 0.125534 -0.379243 0.125534 1.10009e-07
-1.5 -2 -0.290867 0.261625 -0.290867 0.261625 1.08958e-07
-1.5 -1.9 -0.140798 0.378332 -0.140798 0.378332 1.10757e-07
-1.5 -1.8 0.0370899 0.416644 0.0370899 0.416644 1.11467e-07
-1.5 -1.7 0.206998 0.383699 0.206998 0.383699 9.36116e-08
-1.5 -1.6 0.347065 0.298634 0.347066 0.298634 9.12263e-08
-1.5 -1.5 0.449468 0.18247 0.449468 0.18247 7.61117e-08
-1.5 -1.4 0.515854 0.052182 0.515854 0.052182 6.72033e-08
-1.5 -1.3 0.552386 -0.0804408 0.552386 -0.0804408 5.93977e-08
-1.5 -1.2 0.56703 -0.207347 0.56703 -0.207347 5.03387e-08
-1.5 -1.1 0.569031 -0.322893 0.569031 -0.322893 3.67713e-08
-1.5 -1 0.568684 -0.423798 0.568684 -0.423798 3.5265e-08
-1.5 -0.9 0.575735 -0.509538 0.575735 -0.509538 2.66358e-08
-1.5 -0.8 0.596463 -0.581579 0.596463 -0.581579 2.19626e-08
-1.5 -0.7 0.631203 -0.640988 0.631203 -0.640988 1.27166e-08
-1.5 -0.6 0.674205 -0.685954 0.674205 -0.685954 1.09556e-08
-1.5 -0.5 0.716341 -0.711653 0.716341 -0.711653 1.27103e-08
-1.5 -0.4 0.749329 -0.713625 0.749329 -0.713625 1.23935e-08
-1.5 -0.3 0.769199 -0.692945 0.769199 -0.692945 7.61286e-09
-1.5 -0.2 0.777323 -0.659308 0.777323 -0.659308 7.10318e-09
-1.5 -0.1 0.778669 -0.628783 0.778669 -0.628783 5.96983e-09
-1.5 6.38378e-16 0.7784 -0.616535 0.7784 -0.616535 1.14491e-08
-1.5 0.1 0.778669 -0.628783 0.778669 -0.628783 5.97227e-09
-1.5 0.2 0.777323 -0.659308 0.777323 -0.659308 7.0999e-09
-1.5 0.3 0.769199 -0.692945 0.769199 -0.692945 7.60805e-09
-1.5 0.4 0.749329 -0.713625 0.749329 -0.713625 1.2391e-08
-1.5 0.5 0.716341 -0.711653 0.716341 -0.711653 1.27105e-08
-1.5 0.6 0.674205 -0.685954 0.674205 -0.685954 1.09543e-08
-1.5 0.7 0.631203 -0.640988 0.631203 -0.640988 1.27129e-08
-1.5 0.8 0.596463 -0.581579 0.596463 -0.581579 2.19559e-08
-1.5 0.9 0.575735 -0.509538 0.575735 -0.509538 2.66304e-08
-1.5 1 0.568684 -0.423798 0.568684 -0.423798 3.5262e-08
-1.5 1.1 0.569031 -0.322893 0.569031 -0.322893 3.67694e-08
-1.5 1.2 0.56703 -0.207347 0.56703 -0.207347 5.03358e-08
-1.5 1.3 0.552386 -0.0804408 0.552386 -0.0804408 5.93916e-08
-1.5 1.4 0.515854 0.052182 0.515854 0.052182 6.71947e-08
-1.5 1.5 0.449468 0.18247 0.449468 0.18247 7.61024e-08
-1.5 1.6 0.347065 0.298634 0.347066 0.298634 9.12185e-08
-1.5 1.7 0.206998 0.383699 0.206998 0.383699 9.36051e-08
-1.5 1.8 0.0370899 0.416644 0.0370899 0.416644 1.11464e-07
-1.5 1.9 -0.140798 0.378332 -0.140798 0.378332 1.10756e-07
-1.4 -2 0.00905635 0.394742 0.00905639 0.394742 1.07489e-07
-1.4 -1.9 0.204755 0.352644 0.204755 0.352644 1.05598e-07
-1.4 -1.8 0.353848 0.231036 0.353848 0.231036 1.02367e-07
-1.4 -1.7 0.434964 0.0665629 0.434964 0.0665628 1.04649e-07
-1.4 -1.6 0.448716 -0.106275 0.448716 -0.106275 8.71479e-08
-1.4 -1.5 0.409305 -0.264296 0.409305 -0.264296 7.54079e-08
-1.4 -1.4 0.334928 -0.3973 0.334928 -0.3973 6.89338e-08
-1.4 -1.3 0.241448 -0.504528 0.241448 -0.504528 5.62368e-08
-1.4 -1.2 0.140676 -0.589845 0.140675 -0.589845 4.45845e-08
-1.4 -1.1 0.0416884 -0.658613 0.0416884 -0.658613 3.52355e-08
-1.4 -1 -0.0475408 -0.71685 -0.0475408 -0.71685 3.42995e-08
-1.4 -0.9 -0.120053 -0.771064 -0.120053 -0.771064 3.19077e-08
-1.4 -0.8 -0.171182 -0.826913 -0.171182 -0.826913 2.16361e-08
-1.4 -0.7 -0.199726 -0.886361 -0.199726 -0.886361 1.79109e-08
-1.4 -0.6 -0.207829 -0.945218 -0.207829 -0.945218 1.32644e-08
-1.4 -0.5 -0.19976 -0.993736 -0.19976 -0.993736 9.58586e-09
-1.4 -0.4 -0.180714 -1.02139 -0.180714 -1.02139 1.10186e-08
-1.4 -0.3 -0.156353 -1.02384 -0.156353 -1.02384 7.68812e-09
-1.4 -0.2 -0.132704 -1.00734 -0.132704 -1.00734 1.50902e-09
-1.4 -0.1 -0.115577 -0.98687 -0.115577 -0.98687 6.69268e-09
-1.4 6.38378e-16 -0.109326 -0.977872 -0.109326 -0.977872 9.62878e-09
-1.4 0.1 -0.115577 -0.98687 -0.115577 -0.98687 6.6963e-09
-1.4 0.2 -0.132704 -1.00734 -0.132704 -1.00734 1.50659e-09
-1.4 0.3 -0.156353 -1.02384 -0.156353 -1.02384 7.68324e-09
-1.4 0.4 -0.180714 -1.02139 -0.180714 -1.02139 1.1017e-08
-1.4 0.5 -0.19976 -0.993736 -0.19976 -0.993736 9.58649e-09
-1.4 0.6 -0.207829 -0.945218 -0.207829 -0.945218 1.32608e-08
-1.4 0.7 -0.199726 -0.886361 -0.199726 -0.886361 1.79052e-08
-1.4 0.8 -0.171182 -0.826913 -0.171182 -0.826913 2.163e-08
-1.4 0.9 -0.120053 -0.771064 -0.120053 -0.771064 3.19039e-08
-1.4 1 -0.0475408 -0.71685 -0.0475408 -0.71685 3.42975e-08
-1.4 1.1 0.0416884 -0.658613 0.0416884 -0.658613 3.52328e-08
-1.4 1.2 0.140676 -0.589845 0.140675 -0.589845 4.45788e-08
-1.4 1.3 0.241448 -0.504528 0.241448 -0.504528 5.62285e-08
-1.4 1.4 0.334928 -0.3973 0.334928 -0.3973 6.89245e-08
-1.4 1.5 0.409305 -0.264296 0.409305 -0.264296 7.53994e-08
-1.4 1.6 0.448716 -0.106275 0.448716 -0.106275 8.71416e-08
-1.4 1.7 0.434964 0.0665629 0.434964 0.0665628 1.04645e-07
-1.4 1.8 0.353848 0.231036 0.353848 0.231036 1.02365e-07
-1.4 1.9 0.204755 0.352644 0.204755 0.352644 1.05596e-07
-1.3 -2 0.304465 0.256014 0.304466 0.256014 1.26032e-07
-1.3 -1.9 0.404974 0.0715277 0.404974 0.0715276 1.02047e-07
-1.3 -1.8 0.405856 -0.131399 0.405856 -0.131399 1.03225e-07
-1.3 -1.7 0.321708 -0.306579 0.321708 -0.306579 1.02981e-07
-1.3 -1.6 0.183042 -0.427965 0.183042 -0.427965 8.27671e-08
-1.3 -1.5 0.021784 -0.490521 0.021784 -0.490521 8.1301e-08
-1.3 -1.4 -0.138526 -0.503812 -0.138526 -0.503812 7.19671e-08
-1.3 -1.3 -0.285737 -0.483346 -0.285737 -0.483346 5.70776e-08
-1.3 -1.2 -0.416632 -0.444042 -0.416632 -0.444042 5.52595e-08
-1.3 -1.1 -0.5323 -0.39778 -0.5323 -0.39778 3.66746e-08
-1.3 -1 -0.634462 -0.354141 -0.634462 -0.354141 3.46242e-08
-1.3 -0.9 -0.724001 -0.321761 -0.724001 -0.321761 2.54201e-08
-1.3 -0.8 -0.800967 -0.307981 -0.800967 -0.307981 2.2599e-08
-1.3 -0.7 -0.864535 -0.316387 -0.864535 -0.316387 1.51358e-08
-1.3 -0.6 -0.912504 -0.343977 -0.912504 -0.343977 1.20923e-08
-1.3 -0.5 -0.941498 -0.380691 -0.941498 -0.380691 8.21207e-09
-1.3 -0.4 -0.94915 -0.413042 -0.94915 -0.413042 9.52063e-09
-1.3 -0.3 -0.937545 -0.430798 -0.937545 -0.430798 7.87383e-09
-1.3 -0.2 -0.915024 -0.432686 -0.915024 -0.432686 3.66612e-09
-1.3 -0.1 -0.893994 -0.426534 -0.893994 -0.426534 8.44493e-09
-1.3 6.38378e-16 -0.885516 -0.422882 -0.885516 -0.422882 8.1532e-09
-1.3 0.1 -0.893994 -0.426534 -0.893994 -0.426534 8.44926e-09
-1.3 0.2 -0.915024 -0.432686 -0.915024 -0.432686 3.6657e-09
-1.3 0.3 -0.937545 -0.430798 -0.937545 -0.430798 7.86962e-09
-1.3 0.4 -0.94915 -0.413042 -0.94915 -0.413042 9.5198e-09
-1.3 0.5 -0.941498 -0.380691 -0.941498 -0.380691 8.2132e-09
-1.3 0.6 -0.912504 -0.343977 -0.912504 -0.343977 1.20884e-08
-1.3 0.7 -0.864535 -0.316387 -0.864535 -0.316387 1.51297e-08
-1.3 0.8 -0.800967 -0.307981 -0.800967 -0.307981 2.25944e-08
-1.3 0.9 -0.724001 -0.321761 -0.724001 -0.321761 2.54178e-08
-1.3 1 -0.634462 -0.354141 -0.634462 -0.354141 3.46218e-08
-1.3 1.1 -0.5323 -0.39778 -0.5323 -0.39778 3.66696e-08
-1.3 1.2 -0.416632 -0.444042 -0.416632 -0.444042 5.52514e-08
-1.3 1.3 -0.285737 -0.483346 -0.285737 -0.483346 5.70686e-08
-1.3 1.4 -0.138526 -0.503812 -0.138526 -0.503812 7.19593e-08
-1.3 1.5 0.021784 -0.490521 0.021784 -0.490521 8.12958e-08
-1.3 1.6 0.183042 -0.427965 0.183042 -0.427965 8.27638e-08
-1.3 1.7 0.321708 -0.306579 0.321708 -0.306579 1.02979e-07
-1.3 1.8 0.405856 -0.131399 0.405856 -0.131399 1.03224e-07
-1.3 1.9 0.404974 0.0715277 0.404974 0.0715276 1.02045e-07
-1.2 -2 0.396667 -0.0546674 0.396667 -0.0546674 1.22707e-07
-1.2 -1.9 0.321193 -0.261369 0.321193 -0.26137 1.08235e-07
-1.2 -1.8 0.158601 -0.399576 0.158601 -0.399576 1.19401e-07
-1.2 -1.7 -0.0413763 -0.446363 -0.0413763 -0.446363 1.06249e-07
-1.2 -1.6 -0.233313 -0.407865 -0.233313 -0.407865 8.72988e-08
-1.2 -1.5 -0.388361 -0.308017 -0.388361 -0.308017 9.67963e-08
-1.2 -1.4 -0.496993 -0.175329 -0.496993 -0.175329 7.24885e-08
-1.2 -1.3 -0.564542 -0.033101 -0.564542 -0.033101 6.6267e-08
-1.2 -1.2 -0.603728 0.104503 -0.603728 0.104503 5.79039e-08
-1.2 -1.1 -0.6281 0.231065 -0.6281 0.231065 3.52678e-08
-1.2 -1 -0.648567 0.343762 -0.648567 0.343762 3.73566e-08
-1.2 -0.9 -0.672779 0.439552 -0.672779 0.439552 2.75221e-08
-1.2 -0.8 -0.705406 0.513796 -0.705406 0.513796 2.16187e-08
-1.2 -0.7 -0.747389 0.561753 -0.747389 0.561753 1.75217e-08
-1.2 -0.6 -0.794297 0.581782 -0.794297 0.581782 1.27874e-08
-1.2 -0.5 -0.836275 0.578194 -0.836275 0.578194 5.35966e-09
-1.2 -0.4 -0.862172 0.561322 -0.862172 0.561322 7.35257e-09
-1.2 -0.3 -0.86663 0.54345 -0.86663 0.54345 8.73879e-09
-1.2 -0.2 -0.854621 0.532557 -0.854621 0.532557 3.78619e-09
-1.2 -0.1 -0.838858 0.529026 -0.838858 0.529026 5.75525e-09
-1.2 6.38378e-16 -0.831904 0.528667 -0.831904 0.528667 7.19113e-09
-1.2 0.1 -0.838858 0.529026 -0.838858 0.529026 5.76054e-09
-1.2 0.2 -0.854621 0.532557 -0.854621 0.532557 3.77925e-09
-1.2 0.3 -0.86663 0.54345 -0.86663 0.54345 8.73464e-09
-1.2 0.4 -0.862172 0.561322 -0.862172 0.561322 7.35253e-09
-1.2 0.5 -0.836275 0.578194 -0.836275 0.578194 5.3597e-09
-1.2 0.6 -0.794297 0.581782 -0.794297 0.581782 1.2782e-08
-1.2 0.7 -0.747389 0.561753 -0.747389 0.561753 1.75165e-08
-1.2 0.8 -0.705406 0.513796 -0.705406 0.513796 2.16158e-08
-1.2 0.9 -0.672779 0.439552 -0.672779 0.439552 2.75203e-08
-1.2 1 -0.648567 0.343762 -0.648567 0.343762 3.73522e-08
-1.2 1.1 -0.6281 0.231065 -0.6281 0.231065 3.52601e-08
-1.2 1.2 -0.603728 0.104503 -0.603728 0.104503 5.78949e-08
-1.2 1.3 -0.564542 -0.033101 -0.564542 -0.033101 6.62594e-08
-1.2 1.4 -0.496993 -0.175329 -0.496993 -0.175329 7.24835e-08
-1.2 1.5 -0.388361 -0.308017 -0.388361 -0.308017 9.67935e-08
-1.2 1.6 -0.233313 -0.407865 -0.233313 -0.407865 8.7297e-08
-1.2 1.7 -0.0413763 -0.446363 -0.0413763 -0.446363 1.06246e-07
-1.2 1.8 0.158601 -0.399576 0.158601 -0.399576 1.19397e-07
-1.2 1.9 0.321193 -0.261369 0.321193 -0.26137 1.0823e-07
-1.1 -2 0.231617 -0.330237 0.231617 -0.330237 1.52081e-07
-1.1 -1.9 0.0176752 -0.416539 0.0176752 -0.416539 1.36607e-07
-1.1 -1.8 -0.203856 -0.381764 -0.203856 -0.381764 1.2744e-07
-1.1 -1.7 -0.375848 -0.250155 -0.375848 -0.250155 8.89886e-08
-1.1 -1.6 -0.469194 -0.0649677 -0.469194 -0.0649677 1.00236e-07
-1.1 -1.5 -0.482741 0.130957 -0.482741 0.130957 9.3916e-08
-1.1 -1.4 -0.434139 0.307792 -0.434139 0.307792 8.08659e-08
-1.1 -1.3 -0.348209 0.452664 -0.348209 0.452664 7.31515e-08
-1.1 -1.2 -0.247762 0.566771 -0.247762 0.566771 5.777e-08
-1.1 -1.1 -0.149219 0.659035 -0.149219 0.659035 5.29931e-08
-1.1 -1 -0.0628325 0.739531 -0.0628325 0.739531 3.2546e-08
-1.1 -0.9 0.00457938 0.81481 0.00457939 0.81481 2.77143e-08
-1.1 -0.8 0.047396 0.88577 0.047396 0.88577 1.88378e-08
-1.1 -0.7 0.0619546 0.947858 0.0619546 0.947858 1.70538e-08
-1.1 -0.6 0.0503225 0.993521 0.0503225 0.993521 1.35698e-08
-1.1 -0.5 0.0233759 1.01703 0.0233759 1.01703 5.45507e-09
-1.1 -0.4 -0.0022704 1.01974 -0.00227041 1.01974 8.31983e-09
-1.1 -0.3 -0.0140772 1.01089 -0.0140772 1.01089 4.71302e-09
-1.1 -0.2 -0.0115884 1.00121 -0.0115884 1.00121 5.94977e-09
-1.1 -0.1 -0.00385449 0.995882 -0.00385449 0.995882 2.77763e-10
-1.1 6.38378e-16 -0.000120706 0.994459 -0.000120699 0.994459 7.55445e-09
-1.1 0.1 -0.00385449 0.995882 -0.00385449 0.995882 2.80449e-10
-1.1 0.2 -0.0115884 1.00121 -0.0115884 1.00121 5.94245e-09
-1.1 0.3 -0.0140772 1.01089 -0.0140772 1.01089 4.70977e-09
-1.1 0.4 -0.0022704 1.01974 -0.00227041 1.01974 8.32194e-09
-1.1 0.5 0.0233759 1.01703 0.0233759 1.01703 5.45486e-09
-1.1 0.6 0.0503225 0.993521 0.0503225 0.993521 1.35642e-08
-1.1 0.7 0.0619546 0.947858 0.0619546 0.947858 1.70501e-08
-1.1 0.8 0.047396 0.88577 0.047396 0.88577 1.88366e-08
-1.1 0.9 0.00457938 0.81481 0.00457939 0.81481 2.77113e-08
-1.1 1 -0.0628325 0.739531 -0.0628325 0.739531 3.25388e-08
-1.1 1.1 -0.149219 0.659035 -0.149219 0.659035 5.29844e-08
-1.1 1.2 -0.247762 0.566771 -0.247762 0.566771 5.77629e-08
-1.1 1.3 -0.348209 0.452664 -0.348209 0.452664 7.31472e-08
-1.1 1.4 -0.434139 0.307792 -0.434139 0.307792 8.08637e-08
-1.1 1.5 -0.482741 0.130957 -0.482741 0.130957 9.39143e-08
-1.1 1.6 -0.469194 -0.0649677 -0.469194 -0.0649677 1.00233e-07
-1.1 1.7 -0.375848 -0.250155 -0.375848 -0.250155 8.89835e-08
-1.1 1.8 -0.203856 -0.381764 -0.203856 -0.381764 1.27432e-07
-1.1 1.9 0.0176752 -0.416539 0.0176752 -0.416539 1.36598e-07
-1 -2 -0.0783961 -0.399589 -0.0783961 -0.399589 1.42502e-07
-1 -1.9 -0.298092 -0.296462 -0.298092 -0.296462 1.28554e-07
-1 -1.8 -0.425027 -0.0971894 -0.425027 -0.0971894 1.11947e-07
-1 -1.7 -0.435236 0.131211 -0.435236 0.131211 1.14825e-07
-1 -1.6 -0.343637 0.330747 -0.343637 0.330747 9.60595e-08
-1 -1.5 -0.186555 0.468232 -0.186555 0.468232 8.13056e-08
-1 -1.4 -0.00313162 0.536956 -0.00313158 0.536956 8.10112e-08
-1 -1.3 0.177101 0.549263 0.177101 0.549263 6.78152e-08
-1 -1.2 0.338562 0.526447 0.338562 0.526446 6.31312e-08
-1 -1.1 0.477566 0.490413 0.477566 0.490413 5.67382e-08
-1 -1 0.596727 0.458893 0.596727 0.458893 3.5335e-08
-1 -0.9 0.698616 0.443726 0.698616 0.443726 2.56965e-08
-1 -0.8 0.781237 0.450333 0.781237 0.450333 1.92539e-08
-1 -0.7 0.837829 0.476559 0.837829 0.476559 1.63604e-08
-1 -0.6 0.862617 0.511617 0.862617 0.511617 8.84784e-09
-1 -0.5 0.859813 0.53967 0.859813 0.53967 6.2875e-09
-1 -0.4 0.845976 0.550614 0.845976 0.550614 7.52973e-09
-1 -0.3 0.837801 0.548561 0.837801 0.548561 4.56027e-09
-1 -0.2 0.837806 0.544722 0.837806 0.544722 2.03006e-09
-1 -0.1 0.83904 0.543844 0.83904 0.543844 2.13523e-09
-1 0.1 0.83904 0.543844 0.83904 0.543844 2.14246e-09
-1 0.2 0.837806 0.544722 0.837806 0.544722 2.02271e-09
-1 0.3 0.837801 0.548561 0.837801 0.548561 4.55903e-09
-1 0.4 0.845976 0.550614 0.845976 0.550614 7.53061e-09
-1 0.5 0.859813 0.53967 0.859813 0.53967 6.28393e-09
-1 0.6 0.862617 0.511617 0.862617 0.511617 8.84287e-09
-1 0.7 0.837829 0.476559 0.837829 0.476559 1.63591e-08
-1 0.8 0.781237 0.450333 0.781237 0.450333 1.9252e-08
-1 0.9 0.698616 0.443726 0.698616 0.443726 2.56901e-08
-1 1 0.596727 0.458893 0.596727 0.458893 3.53264e-08
-1 1.1 0.477566 0.490413 0.477566 0.490413 5.67313e-08
-1 1.2 0.338562 0.526447 0.338562 0.526446 6.31275e-08
-1 1.3 0.177101 0.549263 0.177101 0.549263 6.78129e-08
-1 1.4 -0.00313162 0.536956 -0.00313158 0.536956 8.10091e-08
-1 1.5 -0.186555 0.468232 -0.186555 0.468232 8.13016e-08
-1 1.6 -0.343637 0.330747 -0.343637 0.330747 9.60529e-08
-1 1.7 -0.435236 0.131211 -0.435236 0.131211 1.14816e-07
-1 1.8 -0.425027 -0.0971894 -0.425027 -0.0971894 1.11937e-07
-1 1.9 -0.298092 -0.296462 -0.298092 -0.296462 1.28544e-07
-0.9 -2 -0.34185 -0.230035 -0.34185 -0.230035 1.47023e-07
-0.9 -1.9 -0.424806 0.0125056 -0.424806 0.0125057 1.44933e-07
-0.9 -1.8 -0.359618 0.253906 -0.359618 0.253906 1.30332e-07
-0.9 -1.7 -0.183257 0.420214 -0.183257 0.420214 1.13894e-07
-0.9 -1.6 0.0425265 0.478662 0.0425265 0.478662 1.09768e-07
-0.9 -1.5 0.260592 0.435706 0.260592 0.435706 1.00767e-07
-0.9 -1.4 0.435631 0.321162 0.435631 0.321162 7.86695e-08
-0.9 -1.3 0.557195 0.17042 0.557195 0.17042 6.36764e-08
-0.9 -1.2 0.633442 0.0125434 0.633442 0.0125434 5.79925e-08
-0.9 -1.1 0.681928 -0.133778 0.681928 -0.133778 5.03464e-08
-0.9 -1 0.721421 -0.258317 0.721421 -0.258317 4.02976e-08
-0.9 -0.9 0.765705 -0.354721 0.765705 -0.354721 2.42893e-08
-0.9 -0.8 0.818737 -0.417015 0.818737 -0.417015 1.42329e-08
-0.9 -0.7 0.871774 -0.441298 0.871774 -0.441298 1.41702e-08
-0.9 -0.6 0.907314 -0.433933 0.907314 -0.433933 1.27177e-08
-0.9 -0.5 0.915192 -0.416864 0.915192 -0.416864 3.8044e-09
-0.9 0.5 0.915192 -0.416864 0.915192 -0.416864 3.79681e-09
-0.9 0.6 0.907314 -0.433933 0.907314 -0.433933 1.27157e-08
-0.9 0.7 0.871774 -0.441298 0.871774 -0.441298 1.41712e-08
-0.9 0.8 0.818737 -0.417015 0.818737 -0.417015 1.42276e-08
-0.9 0.9 0.765705 -0.354721 0.765705 -0.354721 2.42809e-08
-0.9 1 0.721421 -0.258317 0.721421 -0.258317 4.0291e-08
-0.9 1.1 0.681928 -0.133778 0.681928 -0.133778 5.03429e-08
-0.9 1.2 0.633442 0.0125434 0.633442 0.0125434 5.79907e-08
-0.9 1.3 0.557195 0.17042 0.557195 0.17042 6.36737e-08
-0.9 1.4 0.435631 0.321162 0.435631 0.321162 7.86641e-08
-0.9 1.5 0.260592 0.435706 0.260592 0.435706 1.00759e-07
-0.9 1.6 0.0425265 0.478662 0.0425265 0.478662 1.09759e-07
-0.9 1.7 -0.183257 0.420214 -0.183257 0.420214 1.13884e-07
-0.9 1.8 -0.359618 0.253906 -0.359618 0.253906 1.30324e-07
-0.9 1.9 -0.424806 0.0125056 -0.424806 0.0125057 1.44926e-07
-0.8 -2 -0.41157 0.0699104 -0.41157 0.0699105 1.72842e-07
-0.8 -1.9 -0.293949 0.314411 -0.293949 0.314411 1.65916e-07
-0.8 -1.8 -0.0606983 0.441363 -0.0606982 0.441363 1.42619e-07
-0.8 -1.7 0.19664 0.41969 0.19664 0.41969 1.26756e-07
-0.8 -1.6 0.39964 0.275245 0.39964 0.275245 1.21341e-07
-0.8 -1.5 0.508203 0.0634701 0.508203 0.06347 1.09587e-07
-0.8 -1.4 0.52164 -0.160575 0.52164 -0.160575 8.17511e-08
-0.8 -1.3 0.464465 -0.360763 0.464465 -0.360763 7.78367e-08
-0.8 -1.2 0.369419 -0.523912 0.369419 -0.523912 7.03236e-08
-0.8 -1.1 0.266142 -0.653842 0.266142 -0.653842 5.19059e-08
-0.8 -1 0.177357 -0.76163 0.177357 -0.76163 4.24157e-08
-0.8 -0.9 0.119454 -0.855835 0.119454 -0.855835 3.1981e-08
-0.8 -0.8 0.101843 -0.93443 0.101843 -0.93443 1.6822e-08
-0.8 -0.7 0.119827 -0.982937 0.119827 -0.982937 1.57574e-08
-0.8 0.7 0.119827 -0.982937 0.119827 -0.982937 1.57603e-08
-0.8 0.8 0.101843 -0.93443 0.101843 -0.93443 1.68129e-08
-0.8 0.9 0.119454 -0.855835 0.119454 -0.855835 3.19746e-08
-0.8 1 0.177357 -0.76163 0.177357 -0.76163 4.24125e-08
-0.8 1.1 0.266142 -0.653842 0.266142 -0.653842 5.19043e-08
-0.8 1.2 0.369419 -0.523912 0.369419 -0.523912 7.03196e-08
-0.8 1.3 0.464465 -0.360763 0.464465 -0.360763 7.78292e-08
-0.8 1.4 0.52164 -0.160575 0.52164 -0.160575 8.17415e-08
-0.8 1.5 0.508203 0.0634701 0.508203 0.06347 1.09578e-07
-0.8 1.6 0.39964 0.275245 0.39964 0.275245 1.21333e-07
-0.8 1.7 0.19664 0.41969 0.19664 0.41969 1.2675e-07
-0.8 1.8 -0.0606983 0.441363 -0.0606982 0.441363 1.42614e-07
-0.8 1.9 -0.293949 0.314411 -0.293949 0.314411 1.65913e-07
-0.7 -2 -0.262232 0.331814 -0.262232 0.331814 1.8265e-07
-0.7 -1.9 0.00525885 0.436079 0.00525892 0.436079 1.61162e-07
-0.7 -1.8 0.276231 0.356964 0.276231 0.356964 1.6201e-07
-0.7 -1.7 0.447699 0.140945 0.447699 0.140945 1.54158e-07
-0.7 -1.6 0.474913 -0.124964 0.474913 -0.124964 1.33687e-07
-0.7 -1.5 0.372328 -0.35994 0.372328 -0.35994 1.20565e-07
-0.7 -1.4 0.1885 -0.518342 0.1885 -0.518342 9.73256e-08
-0.7 -1.3 -0.0240799 -0.593978 -0.02408 -0.593978 8.28297e-08
-0.7 -1.2 -0.228446 -0.607683 -0.228446 -0.607683 6.27087e-08
-0.7 -1.1 -0.40742 -0.591001 -0.40742 -0.591001 5.4978e-08
-0.7 -1 -0.556582 -0.574483 -0.556582 -0.574483 4.11705e-08
-0.7 -0.9 -0.672402 -0.581004 -0.672402 -0.581004 3.42196e-08
-0.7 -0.8 -0.742551 -0.617748 -0.742551 -0.617748 1.65909e-08
-0.7 0.8 -0.742551 -0.617748 -0.742551 -0.617748 1.65839e-08
-0.7 0.9 -0.672402 -0.581004 -0.672402 -0.581004 3.42176e-08
-0.7 1 -0.556582 -0.574483 -0.556582 -0.574483 4.1169e-08
-0.7 1.1 -0.40742 -0.591001 -0.40742 -0.591001 5.49724e-08
-0.7 1.2 -0.228446 -0.607683 -0.228446 -0.607683 6.26997e-08
-0.7 1.3 -0.0240799 -0.593978 -0.02408 -0.593978 8.28191e-08
-0.7 1.4 0.1885 -0.518342 0.1885 -0.518342 9.73168e-08
-0.7 1.5 0.372328 -0.35994 0.372328 -0.35994 1.20559e-07
-0.7 1.6 0.474913 -0.124964 0.474913 -0.124964 1.33683e-07
-0.7 1.7 0.447699 0.140945 0.447699 0.140945 1.54156e-07
-0.7 1.8 0.276231 0.356964 0.276231 0.356964 1.62009e-07
-0.7 1.9 0.00525885 0.436079 0.00525892 0.436079 1.61162e-07
-0.6 -2 0.0154386 0.427861 0.0154386 0.427861 1.77172e-07
-0.6 -1.9 0.300294 0.323818 0.300294 0.323818 1.72939e-07
-0.6 -1.8 0.452434 0.0655978 0.452434 0.0655977 1.60284e-07
-0.6 -1.7 0.417818 -0.22683 0.417818 -0.22683 1.63428e-07
-0.6 -1.6 0.227826 -0.442103 0.227825 -0.442103 1.4538e-07
-0.6 -1.5 -0.0372463 -0.523023 -0.0372463 -0.523023 1.17259e-07
-0.6 -1.4 -0.296423 -0.473192 -0.296424 -0.473192 1.14561e-07
-0.6 -1.3 -0.500559 -0.334612 -0.500559 -0.334612 8.89676e-08
-0.6 -1.2 -0.639613 -0.15802 -0.639613 -0.15802 7.10579e-08
-0.6 -1.1 -0.731589 0.0164332 -0.731589 0.0164332 4.70205e-08
-0.6 -1 -0.805274 0.162259 -0.805274 0.162259 4.0938e-08
-0.6 -0.9 -0.883063 0.257864 -0.883063 0.257864 2.98762e-08
-0.6 0.9 -0.883063 0.257864 -0.883063 0.257864 2.98756e-08
-0.6 1 -0.805274 0.162259 -0.805274 0.162259 4.09317e-08
-0.6 1.1 -0.731589 0.0164332 -0.731589 0.0164332 4.70099e-08
-0.6 1.2 -0.639613 -0.15802 -0.639613 -0.15802 7.10479e-08
-0.6 1.3 -0.500559 -0.334612 -0.500559 -0.334612 8.89611e-08
-0.6 1.4 -0.296423 -0.473192 -0.296424 -0.473192 1.14557e-07
-0.6 1.5 -0.0372463 -0.523023 -0.0372463 -0.523023 1.17257e-07
-0.6 1.6 0.227826 -0.442103 0.227825 -0.442103 1.4538e-07
-0.6 1.7 0.417818 -0.22683 0.417818 -0.22683 1.63428e-07
-0.6 1.8 0.452434 0.0655978 0.452434 0.0655977 1.60284e-07
-0.6 1.9 0.300294 0.323818 0.300294 0.323818 1.72938e-07
-0.5 -2 0.282284 0.328655 0.282284 0.328655 1.9665e-07
-0.5 -1.9 0.443884 0.0526676 0.443884 0.0526676 1.65123e-07
-0.5 -1.8 0.383395 -0.259228 0.383395 -0.259228 1.61079e-07
-0.5 -1.7 0.141915 -0.459942 0.141915 -0.459942 1.53649e-07
-0.5 -1.6 -0.165928 -0.475434 -0.165928 -0.475434 1.39266e-07
-0.5 -1.5 -0.422863 -0.320998 -0.422863 -0.320998 1.33643e-07
-0.5 -1.4 -0.56129 -0.0686302 -0.56129 -0.0686301 1.15372e-07
-0.5 -1.3 -0.57579 0.202393 -0.57579 0.202394 1.11608e-07
-0.5 -1.2 -0.503847 0.44103 -0.503847 0.44103 7.78022e-08
-0.5 -1.1 -0.397668 0.633589 -0.397668 0.633589 5.89563e-08
-0.5 -1 -0.30649 0.791104 -0.30649 0.791104 4.28437e-08
-0.5 -0.9 -0.274257 0.923206 -0.274257 0.923206 2.7584e-08
-0.5 0.9 -0.274257 0.923206 -0.274257 0.923206 2.75806e-08
-0.5 1 -0.30649 0.791104 -0.30649 0.791104 4.28324e-08
-0.5 1.1 -0.397668 0.633589 -0.397668 0.633589 5.89481e-08
-0.5 1.2 -0.503847 0.44103 -0.503847 0.44103 7.77979e-08
-0.5 1.3 -0.57579 0.202393 -0.57579 0.202394 1.11607e-07
-0.5 1.4 -0.56129 -0.0686302 -0.56129 -0.0686301 1.15373e-07
-0.5 1.5 -0.422863 -0.320998 -0.422863 -0.320998 1.33643e-07
-0.5 1.6 -0.165928 -0.475434 -0.165928 -0.475434 1.39266e-07
-0.5 1.7 0.141915 -0.459942 0.141915 -0.459942 1.53647e-07
-0.5 1.8 0.383395 -0.259228 0.383395 -0.259228 1.61076e-07
-0.5 1.9 0.443884 0.0526676 0.443884 0.0526676 1.65118e-07
-0.4 -2 0.427751 0.0966974 0.427751 0.0966973 1.78144e-07
-0.4 -1.9 0.385195 -0.237533 0.385195 -0.237533 1.73392e-07
-0.4 -1.8 0.125527 -0.451469 0.125527 -0.451469 1.83093e-07
-0.4 -1.7 -0.208822 -0.440351 -0.208822 -0.440351 1.61719e-07
-0.4 -1.6 -0.458312 -0.223285 -0.458312 -0.223285 1.45204e-07
-0.4 -1.5 -0.529308 0.0931269 -0.529308 0.0931269 1.45128e-07
-0.4 -1.4 -0.420823 0.388169 -0.420823 0.388169 1.19103e-07
-0.4 -1.3 -0.196197 0.586553 -0.196197 0.586553 1.20526e-07
-0.4 -1.2 0.0672381 0.677243 0.0672381 0.677243 9.64969e-08
-0.4 -1.1 0.315375 0.697812 0.315375 0.697812 7.08622e-08
-0.4 -1 0.523923 0.708498 0.523923 0.708498 5.20529e-08
-0.4 1 0.523923 0.708498 0.523923 0.708498 5.20479e-08
-0.4 1.1 0.315375 0.697812 0.315375 0.697812 7.08612e-08
-0.4 1.2 0.0672381 0.677243 0.0672381 0.677243 9.64972e-08
-0.4 1.3 -0.196197 0.586553 -0.196197 0.586553 1.20525e-07
-0.4 1.4 -0.420823 0.388169 -0.420823 0.388169 1.19101e-07
-0.4 1.5 -0.529308 0.0931269 -0.529308 0.0931269 1.45123e-07
-0.4 1.6 -0.458312 -0.223285 -0.458312 -0.223285 1.45198e-07
-0.4 1.7 -0.208822 -0.440351 -0.208822 -0.440351 1.61711e-07
-0.4 1.8 0.125527 -0.451469 0.125527 -0.451469 1.83084e-07
-0.4 1.9 0.385195 -0.237533 0.385195 -0.237533 1.73382e-07
-0.3 -2 0.412909 -0.163701 0.412909 -0.163701 1.86559e-07
-0.3 -1.9 0.172833 -0.424627 0.172833 -0.424627 1.92347e-07
-0.3 -1.8 -0.182843 -0.438148 -0.182843 -0.438148 1.92947e-07
-0.3 -1.7 -0.450172 -0.202877 -0.450172 -0.202877 1.59537e-07
-0.3 -1.6 -0.494498 0.148975 -0.494498 0.148975 1.58151e-07
-0.3 -1.5 -0.310031 0.447383 -0.31003 0.447383 1.37924e-07
-0.3 -1.4 0.00720531 0.579694 0.00720538 0.579694 1.32175e-07
-0.3 -1.3 0.335331 0.529351 0.335331 0.529351 1.24674e-07
-0.3 -1.2 0.594506 0.352782 0.594506 0.352782 1.06285e-07
-0.3 -1.1 0.77311 0.129301 0.77311 0.129301 7.82761e-08
-0.3 -1 0.916038 -0.0728852 0.916038 -0.0728853 6.08043e-08
-0.3 1 0.916038 -0.0728852 0.916038 -0.0728853 6.08039e-08
-0.3 1.1 0.77311 0.129301 0.77311 0.129301 7.82736e-08
-0.3 1.2 0.594506 0.352782 0.594506 0.352782 1.06279e-07
-0.3 1.3 0.335331 0.529351 0.335331 0.529351 1.24666e-07
-0.3 1.4 0.00720531 0.579694 0.00720538 0.579694 1.32165e-07
-0.3 1.5 -0.310031 0.447383 -0.31003 0.447383 1.37914e-07
-0.3 1.6 -0.494498 0.148975 -0.494498 0.148975 1.58139e-07
-0.3 1.7 -0.450172 -0.202877 -0.450172 -0.202877 1.59525e-07
-0.3 1.8 -0.182843 -0.438148 -0.182843 -0.438148 1.92936e-07
-0.3 1.9 0.172833 -0.424627 0.172833 -0.424627 1.92336e-07
-0.2 -2 0.267619 -0.361691 0.267619 -0.361691 2.14109e-07
-0.2 -1.9 -0.0928091 -0.45517 -0.0928092 -0.45517 2.04944e-07
-0.2 -1.8 -0.409422 -0.252777 -0.409422 -0.252777 1.8548e-07
-0.2 -1.7 -0.486446 0.117647 -0.486446 0.117647 2.05141e-07
-0.2 -1.6 -0.284657 0.439229 -0.284657 0.439229 1.8277e-07
-0.2 -1.5 0.079138 0.545769 0.0791381 0.545769 1.64778e-07
-0.2 -1.4 0.426775 0.403245 0.426775 0.403245 1.3869e-07
-0.2 -1.3 0.627521 0.094532 0.627521 0.0945319 1.39568e-07
-0.2 -1.2 0.651499 -0.259348 0.651499 -0.259348 1.19726e-07
-0.2 -1.1 0.554377 -0.577444 0.554377 -0.577444 9.60658e-08
-0.2 -1 0.433184 -0.85398 0.433184 -0.85398 6.86801e-08
-0.2 1 0.433184 -0.85398 0.433184 -0.85398 6.86723e-08
-0.2 1.1 0.554377 -0.577444 0.554377 -0.577444 9.6055e-08
-0.2 1.2 0.651499 -0.259348 0.651499 -0.259348 1.19715e-07
-0.2 1.3 0.627521 0.094532 0.627521 0.0945319 1.39557e-07
-0.2 1.4 0.426775 0.403245 0.426775 0.403245 1.38679e-07
-0.2 1.5 0.079138 0.545769 0.0791381 0.545769 1.64769e-07
-0.2 1.6 -0.284657 0.439229 -0.284657 0.439229 1.82762e-07
-0.2 1.7 -0.486446 0.117647 -0.486446 0.117647 2.05133e-07
-0.2 1.8 -0.409422 -0.252777 -0.409422 -0.252777 1.85473e-07
-0.2 1.9 -0.0928091 -0.45517 -0.0928092 -0.45517 2.04937e-07
-0.1 -2 0.0581134 -0.451752 0.0581133 -0.451752 2.43675e-07
-0.1 -1.9 -0.317326 -0.347262 -0.317326 -0.347262 2.29512e-07
-0.1 -1.8 -0.487282 0.0096542 -0.487282 0.0096543 2.02286e-07
-0.1 -1.7 -0.335376 0.380215 -0.335376 0.380215 1.94095e-07
-0.1 -1.6 0.0413773 0.52857 0.0413773 0.52857 1.85187e-07
-0.1 -1.5 0.417693 0.370653 0.417693 0.370653 1.84767e-07
-0.1 -1.4 0.594183 0.001304 0.594183 0.0013039 1.71073e-07
-0.1 -1.3 0.504748 -0.396298 0.504748 -0.396298 1.54928e-07
-0.1 -1.2 0.216581 -0.675264 0.216581 -0.675264 1.25259e-07
-0.1 -1.1 -0.151688 -0.798385 -0.151688 -0.798385 1.15288e-07
-0.1 -1 -0.521916 -0.839025 -0.521916 -0.839025 9.72427e-08
-0.1 1 -0.521916 -0.839025 -0.521916 -0.839025 9.72343e-08
-0.1 1.1 -0.151688 -0.798385 -0.151688 -0.798385 1.15282e-07
-0.1 1.2 0.216581 -0.675264 0.216581 -0.675264 1.25254e-07
-0.1 1.3 0.504748 -0.396298 0.504748 -0.396298 1.54925e-07
-0.1 1.4 0.594183 0.001304 0.594183 0.0013039 1.71071e-07
-0.1 1.5 0.417693 0.370653 0.417693 0.370653 1.84764e-07
-0.1 1.6 0.0413773 0.52857 0.0413773 0.52857 1.85185e-07
-0.1 1.7 -0.335376 0.380215 -0.335376 0.380215 1.94093e-07
-0.1 1.8 -0.487282 0.0096542 -0.487282 0.0096543 2.02284e-07
-0.1 1.9 -0.317326 -0.347262 -0.317326 -0.347262 2.2951e-07
6.38378e-16 -2 -0.14951 -0.435612 -0.14951 -0.435612 2.37063e-07
6.38378e-16 -1.9 -0.448011 -0.160245 -0.448011 -0.160245 2.11263e-07
6.38378e-16 -1.8 -0.423265 0.252944 -0.423265 0.252944 2.13646e-07
6.38378e-16 -1.7 -0.0856696 0.505782 -0.0856695 0.505782 2.29998e-07
6.38378e-16 -1.6 0.334953 0.418965 0.334953 0.418965 1.91266e-07
6.38378e-16 -1.5 0.562829 0.0463435 0.562829 0.0463434 1.92186e-07
6.38378e-16 -1.4 0.460683 -0.384928 0.460683 -0.384928 1.98928e-07
6.38378e-16 -1.3 0.0927532 -0.640704 0.0927531 -0.640704 1.8281e-07
6.38378e-16 -1.2 -0.357289 -0.618182 -0.357289 -0.618182 1.51527e-07
6.38378e-16 -1.1 -0.730853 -0.366404 -0.730853 -0.366403 1.1874e-07
6.38378e-16 1.1 -0.730853 -0.366404 -0.730853 -0.366403 1.1874e-07
6.38378e-16 1.2 -0.357289 -0.618182 -0.357289 -0.618182 1.51527e-07
6.38378e-16 1.3 0.0927532 -0.640704 0.0927531 -0.640704 1.8281e-07
6.38378e-16 1.4 0.460683 -0.384928 0.460683 -0.384928 1.98928e-07
6.38378e-16 1.5 0.562829 0.0463435 0.562829 0.0463434 1.92186e-07
6.38378e-16 1.6 0.334953 0.418965 0.334953 0.418965 1.91266e-07
6.38378e-16 1.7 -0.0856696 0.505782 -0.0856695 0.505782 2.29998e-07
6.38378e-16 1.8 -0.423265 0.252944 -0.423265 0.252944 2.13646e-07
6.38378e-16 1.9 -0.448011 -0.160245 -0.448011 -0.160245 2.11264e-07
0.1 -2 -0.312132 -0.344838 -0.312132 -0.344838 2.36955e-07
0.1 -1.9 -0.478822 0.0419744 -0.478822 0.0419745 2.30577e-07
0.1 -1.8 -0.269615 0.418954 -0.269615 0.418954 2.20099e-07
0.1 -1.7 0.166062 0.491031 0.166062 0.491031 2.38076e-07
0.1 -1.6 0.506457 0.192802 0.506457 0.192801 2.30646e-07
0.1 -1.5 0.501615 -0.271143 0.501614 -0.271144 1.95499e-07
0.1 -1.4 0.146262 -0.587455 0.146262 -0.587455 2.04181e-07
0.1 -1.3 -0.340426 -0.555256 -0.340426 -0.555256 1.8108e-07
0.1 -1.2 -0.688122 -0.195827 -0.688122 -0.195827 1.75199e-07
0.1 -1.1 -0.750897 0.314478 -0.750897 0.314478 1.38206e-07
0.1 -1 -0.555027 0.817139 -0.555027 0.817139 1.33707e-07
0.1 1 -0.555027 0.817139 -0.555027 0.817139 1.33699e-07
0.1 1.1 -0.750897 0.314478 -0.750897 0.314478 1.38199e-07
0.1 1.2 -0.688122 -0.195827 -0.688122 -0.195827 1.75192e-07
0.1 1.3 -0.340426 -0.555256 -0.340426 -0.555256 1.81074e-07
0.1 1.4 0.146262 -0.587455 0.146262 -0.587455 2.04152e-07
0.1 1.5 0.501615 -0.271143 0.501614 -0.271144 1.95494e-07
0.1 1.6 0.506457 0.192802 0.506457 0.192801 2.30642e-07
0.1 1.7 0.166062 0.491031 0.166062 0.491031 2.38073e-07
0.1 1.8 -0.269615 0.418954 -0.269615 0.418954 2.20096e-07
0.1 1.9 -0.478822 0.0419744 -0.478822 0.0419745 2.30574e-07
0.2 -2 -0.414759 -0.219386 -0.414759 -0.219386 2.50386e-07
0.2 -1.9 -0.434807 0.214818 -0.434807 0.214818 2.373e-07
0.2 -1.8 -0.0872103 0.495125 -0.0872101 0.495125 2.62687e-07
0.2 -1.7 0.357879 0.381443 0.357879 0.381442 2.51138e-07
0.2 -1.6 0.543994 -0.0537558 0.543994 -0.0537559 2.39838e-07
0.2 -1.5 0.311112 -0.483233 0.311112 -0.483233 2.35668e-07
0.2 -1.4 -0.184757 -0.580495 -0.184757 -0.580495 2.224e-07
0.2 -1.3 -0.599398 -0.260022 -0.599398 -0.260022 1.99071e-07
0.2 -1.2 -0.655154 0.282846 -0.655154 0.282846 2.077e-07
0.2 -1.1 -0.310659 0.740887 -0.310659 0.740887 1.68535e-07
0.2 -1 0.281489 0.913089 0.281489 0.913089 1.64574e-07
0.2 1 0.281489 0.913089 0.281489 0.913089 1.64566e-07
0.2 1.1 -0.310659 0.740887 -0.310659 0.740887 1.68526e-07
0.2 1.2 -0.655154 0.282846 -0.655154 0.282846 2.07689e-07
0.2 1.3 -0.599398 -0.260022 -0.599398 -0.260022 1.9906e-07
0.2 1.4 -0.184757 -0.580495 -0.184757 -0.580495 2.22389e-07
0.2 1.5 0.311112 -0.483233 0.311112 -0.483233 2.35658e-07
0.2 1.6 0.543994 -0.0537558 0.543994 -0.0537559 2.39828e-07
0.2 1.7 0.357879 0.381443 0.357879 0.381442 2.51129e-07
0.2 1.8 -0.0872103 0.495125 -0.0872101 0.495125 2.62679e-07
0.2 1.9 -0.434807 0.214818 -0.434807 0.214818 2.37292e-07
0.3 -2 -0.463642 -0.0925311 -0.463642 -0.092531 2.48515e-07
0.3 -1.9 -0.351644 0.339394 -0.351644 0.339394 2.62048e-07
0.3 -1.8 0.0789383 0.50041 0.0789384 0.50041 2.47714e-07
0.3 -1.7 0.471915 0.234405 0.471915 0.234405 2.58284e-07
0.3 -1.6 0.487046 -0.256348 0.487046 -0.256348 2.36588e-07
0.3 -1.5 0.0868091 -0.571471 0.086809 -0.571471 2.49029e-07
0.3 -1.4 -0.426493 -0.438169 -0.426493 -0.438169 2.17974e-07
0.3 -1.3 -0.649721 0.0695511 -0.649721 0.0695512 2.30645e-07
0.3 -1.2 -0.389553 0.592289 -0.389553 0.592289 2.20328e-07
0.3 -1.1 0.209199 0.759648 0.209199 0.759648 2.03102e-07
0.3 -1 0.803507 0.433924 0.803507 0.433923 1.86004e-07
0.3 1 0.803507 0.433924 0.803507 0.433923 1.86003e-07
0.3 1.1 0.209199 0.759648 0.209199 0.759648 2.031e-07
0.3 1.2 -0.389553 0.592289 -0.389553 0.592289 2.20324e-07
0.3 1.3 -0.649721 0.0695511 -0.649721 0.0695512 2.30639e-07
0.3 1.4 -0.426493 -0.438169 -0.426493 -0.438169 2.17967e-07
0.3 1.5 0.0868091 -0.571471 0.086809 -0.571471 2.4902e-07
0.3 1.6 0.487046 -0.256348 0.487046 -0.256348 2.36578e-07
0.3 1.7 0.471915 0.234405 0.471915 0.234405 2.58274e-07
0.3 1.8 0.0789383 0.50041 0.0789384 0.50041 2.47704e-07
0.3 1.9 -0.351644 0.339394 -0.351644 0.339394 2.62038e-07
0.4 -2 -0.475523 0.0149879 -0.475523 0.014988 2.67813e-07
0.4 -1.9 -0.260931 0.416795 -0.260931 0.416795 2.59835e-07
0.4 -1.8 0.206746 0.465773 0.206746 0.465773 2.63352e-07
0.4 -1.7 0.521283 0.0945476 0.521283 0.0945475 2.65487e-07
0.4 -1.6 0.389219 -0.392724 0.389219 -0.392724 2.67801e-07
0.4 -1.5 -0.105496 -0.570212 -0.105496 -0.570212 2.57721e-07
0.4 -1.4 -0.556065 -0.255685 -0.556065 -0.255685 2.67685e-07
0.4 -1.3 -0.566433 0.32188 -0.566433 0.32188 2.30454e-07
0.4 -1.2 -0.0829514 0.697051 -0.0829512 0.697051 2.51272e-07
0.4 -1.1 0.553033 0.536149 0.553033 0.536149 2.5116e-07
0.4 -1 0.863185 -0.111186 0.863185 -0.111186 2.27083e-07
0.4 1 0.863185 -0.111186 0.863185 -0.111186 2.27078e-07
0.4 1.1 0.553033 0.536149 0.553033 0.536149 2.51158e-07
0.4 1.2 -0.0829514 0.697051 -0.0829512 0.697051 2.51271e-07
0.4 1.3 -0.566433 0.32188 -0.566433 0.32188 2.30465e-07
0.4 1.4 -0.556065 -0.255685 -0.556065 -0.255685 2.67683e-07
0.4 1.5 -0.105496 -0.570212 -0.105496 -0.570212 2.57718e-07
0.4 1.6 0.389219 -0.392724 0.389219 -0.392724 2.67795e-07
0.4 1.7 0.521283 0.0945476 0.521283 0.0945475 2.6548e-07
0.4 1.8 0.206746 0.465773 0.206746 0.465773 2.63344e-07
0.4 1.9 -0.260931 0.416795 -0.260931 0.416795 2.59826e-07
0.5 -2 -0.468692 0.09391 -0.468692 0.0939101 2.8771e-07
0.5 -1.9 -0.184115 0.458307 -0.184115 0.458307 2.88722e-07
0.5 -1.8 0.29218 0.419966 0.29218 0.419966 2.84456e-07
0.5 -1.7 0.531328 -0.0135201 0.531328 -0.0135202 2.80131e-07
0.5 -1.6 0.293755 -0.469852 0.293755 -0.469852 2.74346e-07
0.5 -1.5 -0.239584 -0.528449 -0.239584 -0.528449 2.86557e-07
0.5 -1.4 -0.60273 -0.0994352 -0.60273 -0.099435 2.75932e-07
0.5 -1.3 -0.444412 0.471198 -0.444412 0.471198 2.56543e-07
0.5 -1.2 0.149663 0.676959 0.149663 0.676959 2.51492e-07
0.5 -1.1 0.696983 0.282381 0.696983 0.282381 2.72765e-07
0.5 -1 0.697003 -0.453783 0.697003 -0.453784 2.67216e-07
0.5 -0.9 0.0350745 -0.946963 0.0350742 -0.946963 2.55733e-07
0.5 0.9 0.0350745 -0.946963 0.0350742 -0.946963 2.55724e-07
0.5 1 0.697003 -0.453783 0.697003 -0.453784 2.67206e-07
0.5 1.1 0.696983 0.282381 0.696983 0.282381 2.72757e-07
0.5 1.2 0.149663 0.676959 0.149663 0.676959 2.51487e-07
0.5 1.3 -0.444412 0.471198 -0.444412 0.471198 2.5654e-07
0.5 1.4 -0.60273 -0.0994352 -0.60273 -0.099435 2.75931e-07
0.5 1.5 -0.239584 -0.528449 -0.239584 -0.528449 2.86557e-07
0.5 1.6 0.293755 -0.469852 0.293755 -0.469852 2.74345e-07
0.5 1.7 0.531328 -0.0135201 0.531328 -0.0135202 2.80129e-07
0.5 1.8 0.29218 0.419966 0.29218 0.419966 2.84452e-07
0.5 1.9 -0.184115 0.458307 -0.184115 0.458307 2.88716e-07
0.6 -2 -0.457855 0.142305 -0.457855 0.142305 3.00392e-07
0.6 -1.9 -0.132804 0.477027 -0.132804 0.477027 2.95699e-07
0.6 -1.8 0.340365 0.38326 0.340365 0.38326 2.89902e-07
0.6 -1.7 0.525833 -0.0810125 0.525833 -0.0810126 2.94932e-07
0.6 -1.6 0.226272 -0.505681 0.226272 -0.505681 2.9662e-07
0.6 -1.5 -0.315474 -0.48559 -0.315474 -0.48559 2.90307e-07
0.6 -1.4 -0.60809 0.00115536 -0.60809 0.00115553 2.82955e-07
0.6 -1.3 -0.348012 0.539788 -0.348012 0.539789 2.87214e-07
0.6 -1.2 0.280747 0.622943 0.280747 0.622943 2.8974e-07
0.6 -1.1 0.725499 0.110437 0.725499 0.110437 2.80148e-07
0.6 -1 0.528864 -0.597838 0.528864 -0.597838 2.73658e-07
0.6 -0.9 -0.241586 -0.849491 -0.241586 -0.849491 2.99578e-07
0.6 0.9 -0.241586 -0.849491 -0.241586 -0.849491 2.99575e-07
0.6 1 0.528864 -0.597838 0.528864 -0.597838 2.73651e-07
0.6 1.1 0.725499 0.110437 0.725499 0.110437 2.80138e-07
0.6 1.2 0.280747 0.622943 0.280747 0.622943 2.89731e-07
0.6 1.3 -0.348012 0.539788 -0.348012 0.539789 2.87207e-07
0.6 1.4 -0.60809 0.00115536 -0.60809 0.00115553 2.82951e-07
0.6 1.5 -0.315474 -0.48559 -0.315474 -0.48559 2.90305e-07
0.6 1.6 0.226272 -0.505681 0.226272 -0.505681 2.96619e-07
0.6 1.7 0.525833 -0.0810125 0.525833 -0.0810126 2.94932e-07
0.6 1.8 0.340365 0.38326 0.340365 0.38326 2.89902e-07
0.6 1.9 -0.132804 0.477027 -0.132804 0.477027 2.95698e-07
0.7 -2 -0.452203 0.161292 -0.452202 0.161292 2.97201e-07
0.7 -1.9 -0.111795 0.482755 -0.111794 0.482755 3.00185e-07
0.7 -1.8 0.357977 0.366819 0.357977 0.366819 3.0874e-07
0.7 -1.7 0.520499 -0.107328 0.520499 -0.107328 3.02752e-07
0.7 -1.6 0.197903 -0.515963 0.197903 -0.515963 3.10269e-07
0.7 -1.5 -0.342099 -0.464057 -0.3421 -0.464057 3.07377e-07
0.7 -1.4 -0.602477 0.040071 -0.602477 0.0400712 2.99909e-07
0.7 -1.3 -0.305567 0.55699 -0.305567 0.55699 3.04971e-07
0.7 -1.2 0.323338 0.589268 0.323338 0.589268 3.15923e-07
0.7 -1.1 0.714475 0.0455878 0.714475 0.0455875 3.02852e-07
0.7 -1 0.45091 -0.622728 0.450909 -0.622728 3.23617e-07
0.7 -0.9 -0.313418 -0.772726 -0.313419 -0.772726 2.99428e-07
0.7 -0.8 -0.902158 -0.151633 -0.902158 -0.151632 3.22169e-07
0.7 0.8 -0.902158 -0.151633 -0.902158 -0.151632 3.22165e-07
0.7 0.9 -0.313418 -0.772726 -0.313419 -0.772726 2.99428e-07
0.7 1 0.45091 -0.622728 0.450909 -0.622728 3.23616e-07
0.7 1.1 0.714475 0.0455878 0.714475 0.0455875 3.02847e-07
0.7 1.2 0.323338 0.589268 0.323338 0.589268 3.15915e-07
0.7 1.3 -0.305567 0.55699 -0.305567 0.55699 3.04962e-07
0.7 1.4 -0.602477 0.040071 -0.602477 0.0400712 2.99901e-07
0.7 1.5 -0.342099 -0.464057 -0.3421 -0.464057 3.07372e-07
0.7 1.6 0.197903 -0.515963 0.197903 -0.515963 3.10266e-07
0.7 1.7 0.520499 -0.107328 0.520499 -0.107328 3.02751e-07
0.7 1.8 0.357977 0.366819 0.357977 0.366819 3.0874e-07
0.7 1.9 -0.111795 0.482755 -0.111794 0.482755 3.00186e-07
0.8 -2 -0.455243 0.152121 -0.455243 0.152121 3.0906e-07
0.8 -1.9 -0.122009 0.479774 -0.122009 0.479774 3.32576e-07
0.8 -1.8 0.34878 0.374247 0.34878 0.374247 3.06181e-07
0.8 -1.7 0.521396 -0.0940852 0.521396 -0.0940853 3.12704e-07
0.8 -1.6 0.210778 -0.508088 0.210777 -0.508088 3.17091e-07
0.8 -1.5 -0.326053 -0.470836 -0.326053 -0.470836 3.1139e-07
0.8 -1.4 -0.597848 0.0201269 -0.597848 0.0201271 3.27387e-07
0.8 -1.3 -0.321601 0.538331 -0.321601 0.538331 3.25316e-07
0.8 -1.2 0.293045 0.591504 0.293045 0.591504 3.21005e-07
0.8 -1.1 0.693797 0.0783791 0.693797 0.0783789 3.22988e-07
0.8 -1 0.469859 -0.574878 0.469859 -0.574878 3.29107e-07
0.8 -0.9 -0.244046 -0.755671 -0.244046 -0.755671 3.19378e-07
0.8 -0.8 -0.825088 -0.221254 -0.825088 -0.221254 3.27545e-07
0.8 -0.7 -0.687186 0.616676 -0.687186 0.616676 3.30238e-07
0.8 0.7 -0.687186 0.616676 -0.687186 0.616676 3.3023e-07
0.8 0.8 -0.825088 -0.221254 -0.825088 -0.221254 3.27538e-07
0.8 0.9 -0.244046 -0.755671 -0.244046 -0.755671 3.19376e-07
0.8 1 0.469859 -0.574878 0.469859 -0.574878 3.29108e-07
0.8 1.1 0.693797 0.0783791 0.693797 0.0783789 3.22988e-07
0.8 1.2 0.293045 0.591504 0.293045 0.591504 3.21001e-07
0.8 1.3 -0.321601 0.538331 -0.321601 0.538331 3.25309e-07
0.8 1.4 -0.597848 0.0201269 -0.597848 0.0201271 3.27379e-07
0.8 1.5 -0.326053 -0.470836 -0.326053 -0.470836 3.11382e-07
0.8 1.6 0.210778 -0.508088 0.210777 -0.508088 3.17085e-07
0.8 1.7 0.521396 -0.0940852 0.521396 -0.0940853 3.127e-07
0.8 1.8 0.34878 0.374247 0.34878 0.374247 3.06179e-07
0.8 1.9 -0.122009 0.479774 -0.122009 0.479774 3.32575e-07
0.9 -2 -0.465147 0.11502 -0.465147 0.11502 3.35926e-07
0.9 -1.9 -0.161957 0.466461 -0.161956 0.466461 3.23857e-07
0.9 -1.8 0.31223 0.402918 0.31223 0.402918 3.45033e-07
0.9 -1.7 0.525499 -0.0426497 0.525499 -0.0426499 3.12758e-07
0.9 -1.6 0.261239 -0.479994 0.261239 -0.479994 3.38302e-07
0.9 -1.5 -0.267999 -0.500538 -0.267999 -0.500537 3.36346e-07
0.9 -1.4 -0.588974 -0.0537092 -0.588974 -0.053709 3.22768e-07
0.9 -1.3 -0.386385 0.482078 -0.386385 0.482078 3.54303e-07
0.9 -1.2 0.196002 0.617022 0.196002 0.617022 3.41102e-07
0.9 -1.1 0.653468 0.190596 0.653468 0.190596 3.34263e-07
0.9 -1 0.553732 -0.457369 0.553732 -0.457369 3.58316e-07
0.9 -0.9 -0.0655256 -0.757495 -0.0655258 -0.757495 3.50111e-07
0.9 -0.8 -0.696964 -0.407258 -0.696964 -0.407258 3.61772e-07
0.9 -0.7 -0.78732 0.342225 -0.78732 0.342225 3.62219e-07
0.9 -0.6 -0.2244 0.884641 -0.2244 0.884641 3.825e-07
0.9 -0.5 0.563073 0.786112 0.563073 0.786112 3.89608e-07
0.9 0.5 0.563073 0.786112 0.563073 0.786112 3.8961e-07
0.9 0.6 -0.2244 0.884641 -0.2244 0.884641 3.82503e-07
0.9 0.7 -0.78732 0.342225 -0.78732 0.342225 3.62216e-07
0.9 0.8 -0.696964 -0.407258 -0.696964 -0.407258 3.61766e-07
0.9 0.9 -0.0655256 -0.757495 -0.0655258 -0.757495 3.50108e-07
0.9 1 0.553732 -0.457369 0.553732 -0.457369 3.58316e-07
0.9 1.1 0.653468 0.190596 0.653468 0.190596 3.34266e-07
0.9 1.2 0.196002 0.617022 0.196002 0.617022 3.41103e-07
0.9 1.3 -0.386385 0.482078 -0.386385 0.482078 3.54301e-07
0.9 1.4 -0.588974 -0.0537092 -0.588974 -0.053709 3.22763e-07
0.9 1.5 -0.267999 -0.500538 -0.267999 -0.500537 3.36339e-07
0.9 1.6 0.261239 -0.479994 0.261239 -0.479994 3.38295e-07
0.9 1.7 0.525499 -0.0426497 0.525499 -0.0426499 3.12751e-07
0.9 1.8 0.31223 0.402918 0.31223 0.402918 3.45028e-07
0.9 1.9 -0.161957 0.466461 -0.161956 0.466461 3.23854e-07
1 -2 -0.475077 0.049738 -0.475077 0.0497382 3.52321e-07
1 -1.9 -0.22742 0.436049 -0.22742 0.436049 3.29957e-07
1 -1.8 0.244532 0.444254 0.244532 0.444254 3.33679e-07
1 -1.7 0.521841 0.044938 0.521841 0.0449378 3.55292e-07
1 -1.6 0.33978 -0.422218 0.33978 -0.422218 3.22911e-07
1 -1.5 -0.165077 -0.537065 -0.165077 -0.537065 3.45173e-07
1 -1.4 -0.557509 -0.172919 -0.557509 -0.172919 3.68419e-07
1 -1.3 -0.477845 0.375528 -0.477845 0.375528 3.34511e-07
1 -1.2 0.0353117 0.633254 0.0353119 0.633254 3.53943e-07
1 -1.1 0.561045 0.354073 0.561045 0.354072 3.72304e-07
1 -1 0.646367 -0.256792 0.646367 -0.256792 3.4502e-07
1 -0.9 0.192247 -0.704776 0.192246 -0.704777 3.64802e-07
1 -0.8 -0.458661 -0.616351 -0.458661 -0.616351 3.83103e-07
1 -0.7 -0.807034 -0.0430276 -0.807034 -0.0430273 3.60444e-07
1 -0.6 -0.600793 0.599954 -0.600793 0.599955 3.82909e-07
1 -0.5 -0.00382469 0.889091 -0.00382431 0.889091 4.24947e-07
1 -0.4 0.595927 0.708719 0.595927 0.708719 4.06207e-07
1 -0.3 0.921352 0.25943 0.921352 0.25943 4.02813e-07
1 -0.2 0.963982 -0.180154 0.963982 -0.180154 4.14265e-07
1 -0.1 0.884734 -0.455564 0.884734 -0.455565 4.87174e-07
1 0.1 0.884734 -0.455564 0.884734 -0.455565 4.87182e-07
1 0.2 0.963982 -0.180154 0.963982 -0.180154 4.14272e-07
1 0.3 0.921352 0.25943 0.921352 0.25943 4.02815e-07
1 0.4 0.595927 0.708719 0.595927 0.708719 4.06207e-07
1 0.5 -0.00382469 0.889091 -0.00382431 0.889091 4.24951e-07
1 0.6 -0.600793 0.599954 -0.600793 0.599955 3.82915e-07
1 0.7 -0.807034 -0.0430276 -0.807034 -0.0430273 3.60445e-07
1 0.8 -0.458661 -0.616351 -0.458661 -0.616351 3.83099e-07
1 0.9 0.192247 -0.704776 0.192246 -0.704777 3.64798e-07
1 1 0.646367 -0.256792 0.646367 -0.256792 3.4502e-07
1 1.1 0.561045 0.354073 0.561045 0.354072 3.72306e-07
1 1.2 0.0353117 0.633254 0.0353119 0.633254 3.53946e-07
1 1.3 -0.477845 0.375528 -0.477845 0.375528 3.34513e-07
1 1.4 -0.557509 -0.172919 -0.557509 -0.172919 3.68418e-07
1 1.5 -0.165077 -0.537065 -0.165077 -0.537065 3.4517e-07
1 1.6 0.33978 -0.422218 0.33978 -0.422218 3.22906e-07
1 1.7 0.521841 0.044938 0.521841 0.0449378 3.55286e-07
1 1.8 0.244532 0.444254 0.244532 0.444254 3.33673e-07
1 1.9 -0.22742 0.436049 -0.22742 0.436049 3.29952e-07
1.1 -2 -0.473689 -0.042509 -0.473689 -0.0425088 3.29412e-07
1.1 -1.9 -0.309836 0.378511 -0.309835 0.378511 3.59242e-07
1.1 -1.8 0.141738 0.483418 0.141738 0.483418 3.53075e-07
1.1 -1.7 0.493478 0.162543 0.493478 0.162543 3.52332e-07
1.1 -1.6 0.428928 -0.322504 0.428928 -0.322504 3.43007e-07
1.1 -1.5 -0.0174143 -0.554895 -0.0174145 -0.554895 3.6108e-07
1.1 -1.4 -0.47847 -0.319388 -0.47847 -0.319388 3.71267e-07
1.1 -1.3 -0.560081 0.207017 -0.560081 0.207017 3.66063e-07
1.1 -1.2 -0.174161 0.595892 -0.174161 0.595892 3.65423e-07
1.1 -1.1 0.383532 0.520429 0.383532 0.520429 3.60191e-07
1.1 -1 0.673757 0.0221206 0.673757 0.0221204 3.46623e-07
1.1 -0.9 0.465098 -0.527967 0.465098 -0.527967 3.71321e-07
1.1 -0.8 -0.0961621 -0.72832 -0.0961623 -0.72832 3.8065e-07
1.1 -0.7 -0.622658 -0.447245 -0.622658 -0.447244 3.75024e-07
1.1 -0.6 -0.790274 0.115571 -0.790274 0.115572 4.07193e-07
1.1 -0.5 -0.547676 0.623012 -0.547676 0.623012 4.05795e-07
1.1 -0.4 -0.0847863 0.853414 -0.0847859 0.853414 4.29924e-07
1.1 -0.3 0.358727 0.80509 0.358728 0.80509 4.22737e-07
1.1 -0.2 0.651973 0.619603 0.651973 0.619603 4.26368e-07
1.1 -0.1 0.792449 0.448705 0.792449 0.448705 4.29049e-07
1.1 6.38378e-16 0.830506 0.38279 0.830506 0.382789 4.51094e-07
1.1 0.1 0.792449 0.448705 0.792449 0.448705 4.29052e-07
1.1 0.2 0.651973 0.619603 0.651973 0.619603 4.26372e-07
1.1 0.3 0.358727 0.80509 0.358728 0.80509 4.22738e-07
1.1 0.4 -0.0847863 0.853414 -0.0847859 0.853414 4.29926e-07
1.1 0.5 -0.547676 0.623012 -0.547676 0.623012 4.058e-07
1.1 0.6 -0.790274 0.115571 -0.790274 0.115572 4.07201e-07
1.1 0.7 -0.622658 -0.447245 -0.622658 -0.447244 3.75029e-07
1.1 0.8 -0.0961621 -0.72832 -0.0961623 -0.72832 3.8065e-07
1.1 0.9 0.465098 -0.527967 0.465098 -0.527967 3.71318e-07
1.1 1 0.673757 0.0221206 0.673757 0.0221204 3.46621e-07
1.1 1.1 0.383532 0.520429 0.383532 0.520429 3.60193e-07
1.1 1.2 -0.174161 0.595892 -0.174161 0.595892 3.65427e-07
1.1 1.3 -0.560081 0.207017 -0.560081 0.207017 3.66067e-07
1.1 1.4 -0.47847 -0.319388 -0.47847 -0.319388 3.7127e-07
1.1 1.5 -0.0174143 -0.554895 -0.0174145 -0.554895 3.61081e-07
1.1 1.6 0.428928 -0.322504 0.428928 -0.322504 3.43005e-07
1.1 1.7 0.493478 0.162543 0.493478 0.162543 3.52328e-07
1.1 1.8 0.141738 0.483418 0.141738 0.483418 3.5307e-07
1.1 1.9 -0.309836 0.378511 -0.309835 0.378511 3.59236e-07
1.2 -2 -0.446455 -0.156128 -0.446455 -0.156128 3.58223e-07
1.2 -1.9 -0.394346 0.283927 -0.394346 0.283927 3.39887e-07
1.2 -1.8 0.00448082 0.499787 0.004481 0.499787 3.56404e-07
1.2 -1.7 0.421397 0.29553 0.421397 0.29553 3.64506e-07
1.2 -1.6 0.501689 -0.173013 0.501689 -0.173013 3.45431e-07
1.2 -1.5 0.163376 -0.522933 0.163376 -0.522933 3.56762e-07
1.2 -1.4 -0.330742 -0.459697 -0.330742 -0.459697 3.70698e-07
1.2 -1.3 -0.585823 -0.018778 -0.585823 -0.0187778 3.60723e-07
1.2 -1.2 -0.392077 0.463825 -0.392076 0.463825 3.81037e-07
1.2 -1.1 0.114025 0.619545 0.114026 0.619545 3.5989e-07
1.2 -1 0.56532 0.328606 0.56532 0.328605 3.66025e-07
1.2 -0.9 0.646853 -0.206317 0.646853 -0.206317 3.89116e-07
1.2 -0.8 0.313332 -0.631363 0.313332 -0.631363 3.71364e-07
1.2 -0.7 -0.214604 -0.698799 -0.214605 -0.698799 3.9888e-07
1.2 -0.6 -0.637947 -0.407066 -0.637947 -0.407066 3.97307e-07
1.2 -0.5 -0.779249 0.0545405 -0.779249 0.0545408 4.23181e-07
1.2 -0.4 -0.651187 0.470115 -0.651186 0.470116 4.19026e-07
1.2 -0.3 -0.386071 0.725301 -0.386071 0.725301 4.27209e-07
1.2 -0.2 -0.123505 0.826486 -0.123504 0.826486 4.31528e-07
1.2 -0.1 0.0529032 0.842739 0.0529035 0.842739 4.34907e-07
1.2 6.38378e-16 0.113371 0.839747 0.113371 0.839747 4.25301e-07
1.2 0.1 0.0529032 0.842739 0.0529035 0.842739 4.34907e-07
1.2 0.2 -0.123505 0.826486 -0.123504 0.826486 4.31528e-07
1.2 0.3 -0.386071 0.725301 -0.386071 0.725301 4.27208e-07
1.2 0.4 -0.651187 0.470115 -0.651186 0.470116 4.19027e-07
1.2 0.5 -0.779249 0.0545405 -0.779249 0.0545408 4.23186e-07
1.2 0.6 -0.637947 -0.407066 -0.637947 -0.407066 3.97315e-07
1.2 0.7 -0.214604 -0.698799 -0.214605 -0.698799 3.98886e-07
1.2 0.8 0.313332 -0.631363 0.313332 -0.631363 3.71367e-07
1.2 0.9 0.646853 -0.206317 0.646853 -0.206317 3.89115e-07
1.2 1 0.56532 0.328606 0.56532 0.328605 3.66023e-07
1.2 1.1 0.114025 0.619545 0.114026 0.619545 3.5989e-07
1.2 1.2 -0.392077 0.463825 -0.392076 0.463825 3.8104e-07
1.2 1.3 -0.585823 -0.018778 -0.585823 -0.0187778 3.60728e-07
1.2 1.4 -0.330742 -0.459697 -0.330742 -0.459697 3.70704e-07
1.2 1.5 0.163376 -0.522933 0.163376 -0.522933 3.56766e-07
1.2 1.6 0.501689 -0.173013 0.501689 -0.173013 3.45432e-07
1.2 1.7 0.421397 0.29553 0.421397 0.29553 3.64505e-07
1.2 1.8 0.00448082 0.499787 0.004481 0.499787 3.564e-07
1.2 1.9 -0.394346 0.283927 -0.394346 0.283927 3.39883e-07
1.3 -2 -0.378659 -0.278176 -0.378659 -0.278176 3.64401e-07
1.3 -1.9 -0.459073 0.147498 -0.459073 0.147498 3.6838e-07
1.3 -1.8 -0.156631 0.469899 -0.156631 0.469899 3.67727e-07
1.3 -1.7 0.29138 0.41772 0.29138 0.41772 3.58628e-07
1.3 -1.6 0.523804 0.0207082 0.523804 0.020708 3.62243e-07
1.3 -1.5 0.347232 -0.413683 0.347232 -0.413683 3.61939e-07
1.3 -1.4 -0.111545 -0.545716 -0.111545 -0.545716 3.75394e-07
1.3 -1.3 -0.508975 -0.267413 -0.508975 -0.267412 3.78507e-07
1.3 -1.2 -0.550634 0.222624 -0.550634 0.222624 3.70638e-07
1.3 -1.1 -0.204575 0.578816 -0.204575 0.578816 3.78066e-07
1.3 -1 0.293926 0.562578 0.293926 0.562578 3.89305e-07
1.3 -0.9 0.627014 0.193573 0.627014 0.193573 3.90752e-07
1.3 -0.8 0.609864 -0.296304 0.609864 -0.296305 3.97527e-07
1.3 -0.7 0.281104 -0.640811 0.281104 -0.640811 4.02196e-07
1.3 -0.6 -0.168013 -0.700952 -0.168013 -0.700952 4.16307e-07
1.3 -0.5 -0.539387 -0.507344 -0.539388 -0.507344 4.18465e-07
1.3 -0.4 -0.733651 -0.190834 -0.733651 -0.190833 4.24405e-07
1.3 -0.3 -0.763763 0.117358 -0.763763 0.117358 4.22286e-07
1.3 -0.2 -0.704469 0.343557 -0.704469 0.343557 4.40193e-07
1.3 -0.1 -0.6346 0.471608 -0.6346 0.471608 4.35735e-07
1.3 6.38378e-16 -0.60564 0.511885 -0.605639 0.511886 4.39616e-07
1.3 0.1 -0.6346 0.471608 -0.6346 0.471608 4.35734e-07
1.3 0.2 -0.704469 0.343557 -0.704469 0.343557 4.4019e-07
1.3 0.3 -0.763763 0.117358 -0.763763 0.117358 4.22283e-07
1.3 0.4 -0.733651 -0.190834 -0.733651 -0.190833 4.2437e-07
1.3 0.5 -0.539387 -0.507344 -0.539388 -0.507344 4.18469e-07
1.3 0.6 -0.168013 -0.700952 -0.168013 -0.700952 4.16315e-07
1.3 0.7 0.281104 -0.640811 0.281104 -0.640811 4.02204e-07
1.3 0.8 0.609864 -0.296304 0.609864 -0.296305 3.97532e-07
1.3 0.9 0.627014 0.193573 0.627014 0.193573 3.90753e-07
1.3 1 0.293926 0.562578 0.293926 0.562578 3.89304e-07
1.3 1.1 -0.204575 0.578816 -0.204575 0.578816 3.78066e-07
1.3 1.2 -0.550634 0.222624 -0.550634 0.222624 3.7064e-07
1.3 1.3 -0.508975 -0.267413 -0.508975 -0.267412 3.78512e-07
1.3 1.4 -0.111545 -0.545716 -0.111545 -0.545716 3.754e-07
1.3 1.5 0.347232 -0.413683 0.347232 -0.413683 3.61945e-07
1.3 1.6 0.523804 0.0207082 0.523804 0.020708 3.62247e-07
1.3 1.7 0.29138 0.41772 0.29138 0.41772 3.5863e-07
1.3 1.8 -0.156631 0.469899 -0.156631 0.469899 3.67727e-07
1.3 1.9 -0.459073 0.147498 -0.459073 0.147498 3.68378e-07
1.4 -2 -0.260487 -0.386782 -0.260487 -0.386782 3.62029e-07
1.4 -1.9 -0.477385 -0.0244745 -0.477385 -0.0244743 3.57801e-07
1.4 -1.8 -0.317071 0.374097 -0.317071 0.374097 3.65488e-07
1.4 -1.7 0.103326 0.492778 0.103326 0.492778 3.69088e-07
1.4 -1.6 0.462424 0.232004 0.462424 0.232003 3.71318e-07
1.4 -1.5 0.48543 -0.217716 0.48543 -0.217717 3.73242e-07
1.4 -1.4 0.149832 -0.526576 0.149831 -0.526576 3.66357e-07
1.4 -1.3 -0.30775 -0.472318 -0.30775 -0.472318 3.75983e-07
1.4 -1.2 -0.573405 -0.0920019 -0.573405 -0.0920017 3.79618e-07
1.4 -1.1 -0.476092 0.362538 -0.476092 0.362538 3.82534e-07
1.4 -1 -0.0854572 0.610662 -0.0854569 0.610662 3.88149e-07
1.4 -0.9 0.36249 0.521535 0.362491 0.521535 3.93766e-07
1.4 -0.8 0.632051 0.166836 0.632051 0.166836 3.8936e-07
1.4 -0.7 0.619293 -0.260714 0.619293 -0.260715 4.072e-07
1.4 -0.6 0.373951 -0.579149 0.373951 -0.579149 4.13663e-07
1.4 -0.5 0.02932 -0.704916 0.0293197 -0.704916 4.08563e-07
1.4 -0.4 -0.288738 -0.659334 -0.288738 -0.659334 4.0939e-07
1.4 -0.3 -0.514253 -0.520368 -0.514253 -0.520367 4.1449e-07
1.4 -0.2 -0.642013 -0.368911 -0.642013 -0.368911 4.13526e-07
1.4 -0.1 -0.699084 -0.260226 -0.699084 -0.260225 4.31431e-07
1.4 6.38378e-16 -0.714252 -0.221492 -0.714252 -0.221492 4.3243e-07
1.4 0.1 -0.699084 -0.260226 -0.699084 -0.260225 4.31428e-07
1.4 0.2 -0.642013 -0.368911 -0.642013 -0.368911 4.13521e-07
1.4 0.3 -0.514253 -0.520368 -0.514253 -0.520367 4.14485e-07
1.4 0.4 -0.288738 -0.659334 -0.288738 -0.659334 4.09388e-07
1.4 0.5 0.02932 -0.704916 0.0293197 -0.704916 4.08565e-07
1.4 0.6 0.373951 -0.579149 0.373951 -0.579149 4.1367e-07
1.4 0.7 0.619293 -0.260714 0.619293 -0.260715 4.07208e-07
1.4 0.8 0.632051 0.166836 0.632051 0.166836 3.89366e-07
1.4 0.9 0.36249 0.521535 0.362491 0.521535 3.93769e-07
1.4 1 -0.0854572 0.610662 -0.0854569 0.610662 3.88149e-07
1.4 1.1 -0.476092 0.362538 -0.476092 0.362538 3.82534e-07
1.4 1.2 -0.573405 -0.0920019 -0.573405 -0.0920017 3.7962e-07
1.4 1.3 -0.30775 -0.472318 -0.30775 -0.472318 3.75987e-07
1.4 1.4 0.149832 -0.526576 0.149831 -0.526576 3.66363e-07
1.4 1.5 0.48543 -0.217716 0.48543 -0.217717 3.73249e-07
1.4 1.6 0.462424 0.232004 0.462424 0.232003 3.71324e-07
1.4 1.7 0.103326 0.492778 0.103326 0.492778 3.69093e-07
1.4 1.8 -0.317071 0.374097 -0.317071 0.374097 3.65491e-07
1.4 1.9 -0.477385 -0.0244745 -0.477385 -0.0244743 3.57802e-07
1.5 -2 -0.0936166 -0.452846 -0.0936167 -0.452846 3.61824e-07
1.5 -1.9 -0.424488 -0.209737 -0.424488 -0.209737 3.67036e-07
1.5 -1.8 -0.438997 0.206444 -0.438997 0.206444 3.69553e-07
1.5 -1.7 -0.12 0.48267 -0.12 0.48267 3.77273e-07
1.5 -1.6 0.301121 0.411908 0.301121 0.411908 3.71036e-07
1.5 -1.5 0.522101 0.0414374 0.522101 0.0414372 3.74556e-07
1.5 -1.4 0.388309 -0.372187 0.388308 -0.372187 3.76459e-07
1.5 -1.3 -0.00944176 -0.552511 -0.00944197 -0.552511 3.87241e-07
1.5 -1.2 -0.414301 -0.388325 -0.414301 -0.388325 3.92896e-07
1.5 -1.1 -0.583393 0.0120839 -0.583393 0.0120841 4.00577e-07
1.5 -1 -0.433291 0.414296 -0.433291 0.414296 3.86369e-07
1.5 -0.9 -0.0628747 0.61233 -0.0628744 0.61233 4.05524e-07
1.5 -0.8 0.335553 0.534932 0.335553 0.534932 4.07682e-07
1.5 -0.7 0.596396 0.250638 0.596396 0.250638 4.19034e-07
1.5 -0.6 0.65338 -0.103686 0.65338 -0.103686 3.93539e-07
1.5 -0.5 0.538567 -0.406834 0.538567 -0.406834 4.14141e-07
1.5 -0.4 0.334207 -0.599884 0.334207 -0.599884 4.372e-07
1.5 -0.3 0.121136 -0.685741 0.121136 -0.685741 4.2182e-07
1.5 -0.2 -0.0486791 -0.701876 -0.0486794 -0.701876 4.26774e-07
1.5 -0.1 -0.153266 -0.691224 -0.153266 -0.691224 4.32513e-07
1.5 6.38378e-16 -0.188077 -0.684136 -0.188078 -0.684136 4.06789e-07
1.5 0.1 -0.153266 -0.691224 -0.153266 -0.691224 4.32509e-07
1.5 0.2 -0.0486791 -0.701876 -0.0486794 -0.701876 4.26768e-07
1.5 0.3 0.121136 -0.685741 0.121136 -0.685741 4.21814e-07
1.5 0.4 0.334207 -0.599884 0.334207 -0.599884 4.37197e-07
1.5 0.5 0.538567 -0.406834 0.538567 -0.406834 4.14142e-07
1.5 0.6 0.65338 -0.103686 0.65338 -0.103686 3.93544e-07
1.5 0.7 0.596396 0.250638 0.596396 0.250638 4.19041e-07
1.5 0.8 0.335553 0.534932 0.335553 0.534932 4.07688e-07
1.5 0.9 -0.0628747 0.61233 -0.0628744 0.61233 4.05528e-07
1.5 1 -0.433291 0.414296 -0.433291 0.414296 3.8637e-07
1.5 1.1 -0.583393 0.0120839 -0.583393 0.0120841 4.00577e-07
1.5 1.2 -0.414301 -0.388325 -0.414301 -0.388325 3.92896e-07
1.5 1.3 -0.00944176 -0.552511 -0.00944197 -0.552511 3.87243e-07
1.5 1.4 0.388309 -0.372187 0.388308 -0.372187 3.76464e-07
1.5 1.5 0.522101 0.0414374 0.522101 0.0414372 3.74563e-07
1.5 1.6 0.301121 0.411908 0.301121 0.411908 3.71043e-07
1.5 1.7 -0.12 0.48267 -0.12 0.48267 3.7728e-07
1.5 1.8 -0.438997 0.206444 -0.438997 0.206444 3.69558e-07
1.5 1.9 -0.424488 -0.209737 -0.424488 -0.209737 3.67039e-07
1.6 -2 0.10284 -0.446534 0.10284 -0.446534 3.671e-07
1.6 -1.9 -0.288045 -0.369682 -0.288045 -0.369682 3.78878e-07
1.6 -1.8 -0.479334 -0.0151951 -0.479334 -0.0151949 3.81711e-07
1.6 -1.7 -0.330313 0.363286 -0.330313 0.363286 3.77373e-07
1.6 -1.6 0.0563584 0.499771 0.0563586 0.499771 3.74067e-07
1.6 -1.5 0.418005 0.301464 0.418005 0.301464 3.87471e-07
1.6 -1.4 0.51878 -0.0997376 0.518779 -0.0997378 3.78073e-07
1.6 -1.3 0.30039 -0.450679 0.300389 -0.45068 3.66895e-07
1.6 -1.2 -0.0993871 -0.546337 -0.0993873 -0.546337 3.80999e-07
1.6 -1.1 -0.452505 -0.34537 -0.452505 -0.34537 4.0369e-07
1.6 -1 -0.582467 0.0313041 -0.582467 0.0313043 3.97148e-07
1.6 -0.9 -0.448673 0.394308 -0.448673 0.394308 4.0766e-07
1.6 -0.8 -0.137169 0.595459 -0.137169 0.595459 4.25571e-07
1.6 -0.7 0.212242 0.587081 0.212242 0.587081 4.19054e-07
1.6 -0.6 0.483943 0.413688 0.483943 0.413688 4.26368e-07
1.6 -0.5 0.627082 0.162988 0.627082 0.162988 4.05774e-07
1.6 -0.4 0.652304 -0.0841043 0.652304 -0.0841046 4.26186e-07
1.6 -0.3 0.604062 -0.279777 0.604062 -0.279777 4.26051e-07
1.6 -0.2 0.532016 -0.409962 0.532016 -0.409962 4.21648e-07
1.6 -0.1 0.47428 -0.480723 0.47428 -0.480723 4.31944e-07
1.6 6.38378e-16 0.452736 -0.502729 0.452736 -0.502729 4.51983e-07
1.6 0.1 0.47428 -0.480723 0.47428 -0.480723 4.3194e-07
1.6 0.2 0.532016 -0.409962 0.532016 -0.409962 4.21641e-07
1.6 0.3 0.604062 -0.279777 0.604062 -0.279777 4.26044e-07
1.6 0.4 0.652304 -0.0841043 0.652304 -0.0841046 4.26181e-07
1.6 0.5 0.627082 0.162988 0.627082 0.162988 4.05773e-07
1.6 0.6 0.483943 0.413688 0.483943 0.413688 4.26371e-07
1.6 0.7 0.212242 0.587081 0.212242 0.587081 4.1906e-07
1.6 0.8 -0.137169 0.595459 -0.137169 0.595459 4.25578e-07
1.6 0.9 -0.448673 0.394308 -0.448673 0.394308 4.07665e-07
1.6 1 -0.582467 0.0313041 -0.582467 0.0313043 3.9715e-07
1.6 1.1 -0.452505 -0.34537 -0.452505 -0.34537 4.03691e-07
1.6 1.2 -0.0993871 -0.546337 -0.0993873 -0.546337 3.81e-07
1.6 1.3 0.30039 -0.450679 0.300389 -0.45068 3.66896e-07
1.6 1.4 0.51878 -0.0997376 0.518779 -0.0997378 3.78077e-07
1.6 1.5 0.418005 0.301464 0.418005 0.301464 3.87477e-07
1.6 1.6 0.0563584 0.499771 0.0563586 0.499771 3.74074e-07
1.6 1.7 -0.330313 0.363286 -0.330313 0.363286 3.77381e-07
1.6 1.8 -0.479334 -0.0151951 -0.479334 -0.0151949 3.81718e-07
1.6 1.9 -0.288045 -0.369682 -0.288045 -0.369682 3.78884e-07
1.7 -2 0.29062 -0.348509 0.29062 -0.348509 3.84228e-07
1.7 -1.9 -0.0797268 -0.456697 -0.0797269 -0.456697 3.73122e-07
1.7 -1.8 -0.405789 -0.24466 -0.405789 -0.24466 3.88918e-07
1.7 -1.7 -0.463036 0.142573 -0.463036 0.142574 3.80789e-07
1.7 -1.6 -0.214135 0.44689 -0.214135 0.44689 3.94412e-07
1.7 -1.5 0.178711 0.474444 0.178711 0.474444 3.80875e-07
1.7 -1.4 0.472811 0.213494 0.472811 0.213494 4.04676e-07
1.7 -1.3 0.500691 -0.176427 0.500691 -0.176427 4.0379e-07
1.7 -1.2 0.258432 -0.477757 0.258432 -0.477757 4.01511e-07
1.7 -1.1 -0.115753 -0.543416 -0.115754 -0.543416 3.84832e-07
1.7 -1 -0.438175 -0.361484 -0.438175 -0.361484 4.02254e-07
1.7 -0.9 -0.579342 -0.0335579 -0.579342 -0.0335576 3.96369e-07
1.7 -0.8 -0.51106 0.299292 -0.51106 0.299292 4.14411e-07
1.7 -0.7 -0.291039 0.528834 -0.291039 0.528834 4.1521e-07
1.7 -0.6 -0.0126982 0.61409 -0.0126979 0.61409 4.26577e-07
1.7 -0.5 0.243161 0.574421 0.243161 0.574421 4.21123e-07
1.7 -0.4 0.432902 0.460479 0.432902 0.460479 4.20781e-07
1.7 -0.3 0.549644 0.325363 0.549644 0.325363 4.2936e-07
1.7 -0.2 0.609034 0.208342 0.609034 0.208342 4.20565e-07
1.7 -0.1 0.633163 0.131766 0.633163 0.131766 4.36148e-07
1.7 6.38378e-16 0.639122 0.105402 0.639122 0.105402 4.29495e-07
1.7 0.1 0.633163 0.131766 0.633163 0.131766 4.36144e-07
1.7 0.2 0.609034 0.208342 0.609034 0.208342 4.20558e-07
1.7 0.3 0.549644 0.325363 0.549644 0.325363 4.29353e-07
1.7 0.4 0.432902 0.460479 0.432902 0.460479 4.20775e-07
1.7 0.5 0.243161 0.574421 0.243161 0.574421 4.21121e-07
1.7 0.6 -0.0126982 0.61409 -0.0126979 0.61409 4.26579e-07
1.7 0.7 -0.291039 0.528834 -0.291039 0.528834 4.15215e-07
1.7 0.8 -0.51106 0.299292 -0.51106 0.299292 4.14417e-07
1.7 0.9 -0.579342 -0.0335579 -0.579342 -0.0335576 3.96374e-07
1.7 1 -0.438175 -0.361484 -0.438175 -0.361484 4.02257e-07
1.7 1.1 -0.115753 -0.543416 -0.115754 -0.543416 3.84832e-07
1.7 1.2 0.258432 -0.477757 0.258432 -0.477757 4.01511e-07
1.7 1.3 0.500691 -0.176427 0.500691 -0.176427 4.03791e-07
1.7 1.4 0.472811 0.213494 0.472811 0.213494 4.04678e-07
1.7 1.5 0.178711 0.474444 0.178711 0.474444 3.8088e-07
1.7 1.6 -0.214135 0.44689 -0.214135 0.44689 3.94419e-07
1.7 1.7 -0.463036 0.142573 -0.463036 0.142574 3.80796e-07
1.7 1.8 -0.405789 -0.24466 -0.405789 -0.24466 3.88926e-07
1.7 1.9 -0.0797268 -0.456697 -0.0797269 -0.456697 3.7313e-07
1.8 -2 0.418547 -0.162964 0.418547 -0.162964 3.91733e-07
1.8 -1.9 0.158178 -0.430234 0.158178 -0.430234 3.68646e-07
1.8 -1.8 -0.216534 -0.414861 -0.216534 -0.414861 3.87298e-07
1.8 -1.7 -0.460331 -0.128337 -0.460331 -0.128337 3.70462e-07
1.8 -1.6 -0.421513 0.246147 -0.421513 0.246148 3.76419e-07
1.8 -1.5 -0.128884 0.481703 -0.128884 0.481703 3.93995e-07
1.8 -1.4 0.243019 0.447721 0.243019 0.44772 3.68656e-07
1.8 -1.3 0.490662 0.173377 0.490662 0.173377 3.86384e-07
1.8 -1.2 0.496249 -0.190291 0.496249 -0.190291 4.07914e-07
1.8 -1.1 0.274457 -0.468067 0.274457 -0.468067 4.13059e-07
1.8 -1 -0.0599882 -0.550369 -0.0599885 -0.550369 3.98718e-07
1.8 -0.9 -0.36699 -0.428843 -0.36699 -0.428843 4.1543e-07
1.8 -0.8 -0.547832 -0.174215 -0.547832 -0.174214 4.10056e-07
1.8 -0.7 -0.573294 0.115116 -0.573294 0.115116 4.17938e-07
1.8 -0.6 -0.472676 0.35951 -0.472675 0.359511 4.208e-07
1.8 -0.5 -0.303002 0.520223 -0.303001 0.520223 4.25228e-07
1.8 -0.4 -0.119792 0.597154 -0.119792 0.597154 4.16448e-07
1.8 -0.3 0.0389422 0.6135 0.0389425 0.6135 4.1929e-07
1.8 -0.2 0.154906 0.599221 0.154906 0.599221 4.41575e-07
1.8 -0.1 0.223533 0.579892 0.223534 0.579892 4.38254e-07
1.8 6.38378e-16 0.246041 0.571646 0.246041 0.571646 4.33532e-07
1.8 0.1 0.223533 0.579892 0.223534 0.579892 4.3825e-07
1.8 0.2 0.154906 0.599221 0.154906 0.599221 4.41568e-07
1.8 0.3 0.0389422 0.6135 0.0389425 0.6135 4.19283e-07
1.8 0.4 -0.119792 0.597154 -0.119792 0.597154 4.16442e-07
1.8 0.5 -0.303002 0.520223 -0.303001 0.520223 4.25225e-07
1.8 0.6 -0.472676 0.35951 -0.472675 0.359511 4.208e-07
1.8 0.7 -0.573294 0.115116 -0.573294 0.115116 4.17942e-07
1.8 0.8 -0.547832 -0.174215 -0.547832 -0.174214 4.10061e-07
1.8 0.9 -0.36699 -0.428843 -0.36699 -0.428843 4.15434e-07
1.8 1 -0.0599882 -0.550369 -0.0599885 -0.550369 3.98721e-07
1.8 1.1 0.274457 -0.468067 0.274457 -0.468067 4.1306e-07
1.8 1.2 0.496249 -0.190291 0.496249 -0.190291 4.07914e-07
1.8 1.3 0.490662 0.173377 0.490662 0.173377 3.86385e-07
1.8 1.4 0.243019 0.447721 0.243019 0.44772 3.68657e-07
1.8 1.5 -0.128884 0.481703 -0.128884 0.481703 3.93998e-07
1.8 1.6 -0.421513 0.246147 -0.421513 0.246148 3.76425e-07
1.8 1.7 -0.460331 -0.128337 -0.460331 -0.128337 3.70469e-07
1.8 1.8 -0.216534 -0.414861 -0.216534 -0.414861 3.87306e-07
1.8 1.9 0.158178 -0.430234 0.158178 -0.430234 3.68655e-07
1.9 -2 0.438259 0.0735199 0.438259 0.0735197 4.00292e-07
1.9 -1.9 0.357882 -0.277823 0.357882 -0.277823 3.84273e-07
1.9 -1.8 0.045826 -0.459743 0.0458258 -0.459743 3.83333e-07
1.9 -1.7 -0.301874 -0.361866 -0.301874 -0.361866 3.71542e-07
1.9 -1.6 -0.478339 -0.0477928 -0.478339 -0.0477926 3.78877e-07
1.9 -1.5 -0.388753 0.298947 -0.388753 0.298947 3.99895e-07
1.9 -1.4 -0.0912248 0.491874 -0.0912246 0.491874 3.81873e-07
1.9 -1.3 0.254643 0.442144 0.254643 0.442144 3.88564e-07
1.9 -1.2 0.484786 0.188763 0.484787 0.188763 4.02587e-07
1.9 -1.1 0.510516 -0.143154 0.510516 -0.143154 4.0451e-07
1.9 -1 0.343142 -0.416995 0.343142 -0.416995 4.0376e-07
1.9 -0.9 0.0654544 -0.545677 0.0654541 -0.545677 4.0519e-07
1.9 -0.8 -0.220671 -0.513329 -0.220672 -0.513329 4.19659e-07
1.9 -0.7 -0.438501 -0.360033 -0.438502 -0.360033 4.20159e-07
1.9 -0.6 -0.555587 -0.149246 -0.555588 -0.149246 4.21725e-07
1.9 -0.5 -0.579065 0.0616198 -0.579065 0.06162 4.32195e-07
1.9 -0.4 -0.538687 0.236616 -0.538687 0.236616 4.23776e-07
1.9 -0.3 -0.469539 0.362555 -0.469539 0.362555 4.37006e-07
1.9 -0.2 -0.401031 0.441965 -0.401031 0.441965 4.23339e-07
1.9 -0.1 -0.352917 0.48396 -0.352917 0.48396 4.28255e-07
1.9 6.38378e-16 -0.335796 0.496878 -0.335796 0.496878 4.29591e-07
1.9 0.1 -0.352917 0.48396 -0.352917 0.48396 4.28251e-07
1.9 0.2 -0.401031 0.441965 -0.401031 0.441965 4.23333e-07
1.9 0.3 -0.469539 0.362555 -0.469539 0.362555 4.36999e-07
1.9 0.4 -0.538687 0.236616 -0.538687 0.236616 4.2377e-07
1.9 0.5 -0.579065 0.0616198 -0.579065 0.06162 4.32191e-07
1.9 0.6 -0.555587 -0.149246 -0.555588 -0.149246 4.21724e-07
1.9 0.7 -0.438501 -0.360033 -0.438502 -0.360033 4.20161e-07
1.9 0.8 -0.220671 -0.513329 -0.220672 -0.513329 4.19663e-07
1.9 0.9 0.0654544 -0.545677 0.0654541 -0.545677 4.05194e-07
1.9 1 0.343142 -0.416995 0.343142 -0.416995 4.03763e-07
1.9 1.1 0.510516 -0.143154 0.510516 -0.143154 4.04511e-07
1.9 1.2 0.484786 0.188763 0.484787 0.188763 4.02588e-07
1.9 1.3 0.254643 0.442144 0.254643 0.442144 3.88564e-07
1.9 1.4 -0.0912248 0.491874 -0.0912246 0.491874 3.81874e-07
1.9 1.5 -0.388753 0.298947 -0.388753 0.298947 3.99897e-07
1.9 1.6 -0.478339 -0.0477928 -0.478339 -0.0477926 3.78881e-07
1.9 1.7 -0.301874 -0.361866 -0.301874 -0.361866 3.71548e-07
1.9 1.8 0.045826 -0.459743 0.0458258 -0.459743 3.83341e-07
1.9 1.9 0.357882 -0.277823 0.357882 -0.277823 3.84281e-07
