-2 -2 0.309594 0.215308 0.309594 0.215308 1.3612e-06
-2 -1.9 0.3846 0.0820683 0.3846 0.0820685 7.21506e-07
-2 -1.8 0.406853 -0.0651325 0.406854 -0.0651321 1.65948e-06
-2 -1.7 0.380425 -0.206993 0.380425 -0.206992 2.55933e-07
-2 -1.6 0.315591 -0.329209 0.315592 -0.329209 3.02347e-06
-2 -1.5 0.22637 -0.424179 0.226369 -0.42418 2.59929e-06
-2 -1.4 0.127218 -0.491847 0.127218 -0.491848 1.41336e-06
-2 -1.3 0.0293418 -0.538651 0.0293415 -0.538651 1.19359e-06
-2 -1.2 -0.0618088 -0.574248 -0.0618096 -0.574248 1.29758e-06
-2 -1.1 -0.146373 -0.607245 -0.146373 -0.607245 4.06665e-07
-2 -1 -0.227126 -0.642059 -0.227126 -0.642059 6.20791e-07
-2 -0.9 -0.305387 -0.67856 -0.305387 -0.678559 6.68801e-07
-2 -0.8 -0.378247 -0.714408 -0.378247 -0.714408 5.3158e-07
-2 -0.7 -0.438781 -0.748295 -0.43878 -0.748295 7.78578e-07
-2 -0.6 -0.479096 -0.781755 -0.479096 -0.781755 3.92099e-07
-2 -0.5 -0.494411 -0.818275 -0.494411 -0.818275 1.47779e-07
-2 -0.4 -0.485895 -0.860333 -0.485895 -0.860333 8.16751e-07
-2 -0.3 -0.460896 -0.906391 -0.460896 -0.906391 4.47454e-07
-2 -0.2 -0.430668 -0.949984 -0.430669 -0.949985 4.88663e-07
-2 -0.1 -0.406808 -0.981744 -0.406807 -0.981744 4.70823e-07
-2 6.38378e-16 -0.39782 -0.993423 -0.39782 -0.993423 6.4502e-07
-2 0.1 -0.406808 -0.981744 -0.406807 -0.981744 4.70814e-07
-2 0.2 -0.430668 -0.949984 -0.430669 -0.949985 4.88681e-07
-2 0.3 -0.460896 -0.906391 -0.460896 -0.906391 4.47479e-07
-2 0.4 -0.485895 -0.860333 -0.485895 -0.860333 8.16736e-07
-2 0.5 -0.494411 -0.818275 -0.494411 -0.818275 1.47754e-07
-2 0.6 -0.479096 -0.781755 -0.479096 -0.781755 3.92103e-07
-2 0.7 -0.438781 -0.748295 -0.43878 -0.748295 7.78568e-07
-2 0.8 -0.378247 -0.714408 -0.378247 -0.714408 5.31581e-07
-2 0.9 -0.305387 -0.67856 -0.305387 -0.678559 6.68792e-07
-2 1 -0.227126 -0.642059 -0.227126 -0.642059 6.20796e-07
-2 1.1 -0.146373 -0.607245 -0.146373 -0.607245 4.06681e-07
-2 1.2 -0.0618088 -0.574248 -0.0618096 -0.574248 1.2976e-06
-2 1.3 0.0293418 -0.538651 0.0293415 -0.538651 1.19363e-06
-2 1.4 0.127218 -0.491847 0.127218 -0.491848 1.41341e-06
-2 1.5 0.22637 -0.424179 0.226369 -0.42418 2.59933e-06
-2 1.6 0.315591 -0.329209 0.315592 -0.329209 3.02352e-06
-2 1.7 0.380425 -0.206993 0.380425 -0.206992 2.55892e-07
-2 1.8 0.406853 -0.0651325 0.406854 -0.0651321 1.65953e-06
-2 1.9 0.3846 0.0820683 0.3846 0.0820685 7.21527e-07
-1.9 -2 0.360091 -0.11407 0.360091 -0.11407 7.37113e-07
-1.9 -1.9 0.296327 -0.257994 0.296327 -0.257993 9.96987e-07
-1.9 -1.8 0.188107 -0.365678 0.188108 -0.365678 9.6191e-07
-1.9 -1.7 0.0544354 -0.42922 0.0544355 -0.42922 4.39796e-07
-1.9 -1.6 -0.0869612 -0.448525 -0.0869608 -0.448526 2.09197e-06
-1.9 -1.5 -0.221508 -0.429772 -0.221509 -0.429772 1.94517e-06
-1.9 -1.4 -0.339599 -0.383856 -0.3396 -0.383856 2.42491e-06
-1.9 -1.3 -0.438101 -0.32385 -0.438102 -0.32385 2.52893e-06
-1.9 -1.2 -0.520302 -0.261515 -0.520303 -0.261515 1.4219e-06
-1.9 -1.1 -0.593467 -0.204229 -0.593467 -0.204229 1.64049e-06
-1.9 -1 -0.664699 -0.154139 -0.664699 -0.154139 5.61858e-07
-1.9 -0.9 -0.737201 -0.110192 -0.737201 -0.110191 9.01707e-07
-1.9 -0.8 -0.808981 -0.0718231 -0.808981 -0.0718224 8.89616e-07
-1.9 -0.7 -0.874618 -0.0418176 -0.874617 -0.0418177 7.217e-07
-1.9 -0.6 -0.92873 -0.0262735 -0.92873 -0.0262737 7.39144e-07
-1.9 -0.5 -0.968886 -0.0314337 -0.968886 -0.0314337 2.25037e-07
-1.9 -0.4 -0.99627 -0.0591966 -0.99627 -0.0591968 1.8185e-07
-1.9 -0.3 -1.01417 -0.104048 -1.01417 -0.104048 4.31535e-07
-1.9 -0.2 -1.0257 -0.153434 -1.0257 -0.153435 7.65117e-07
-1.9 -0.1 -1.03247 -0.191741 -1.03247 -0.191741 5.21786e-07
-1.9 6.38378e-16 -1.03475 -0.206155 -1.03475 -0.206155 5.54734e-07
-1.9 0.1 -1.03247 -0.191741 -1.03247 -0.191741 5.21796e-07
-1.9 0.2 -1.0257 -0.153434 -1.0257 -0.153435 7.65112e-07
-1.9 0.3 -1.01417 -0.104048 -1.01417 -0.104048 4.31554e-07
-1.9 0.4 -0.99627 -0.0591966 -0.99627 -0.0591968 1.81849e-07
-1.9 0.5 -0.968886 -0.0314337 -0.968886 -0.0314337 2.25006e-07
-1.9 0.6 -0.92873 -0.0262735 -0.92873 -0.0262737 7.39118e-07
-1.9 0.7 -0.874618 -0.0418176 -0.874617 -0.0418177 7.2168e-07
-1.9 0.8 -0.808981 -0.0718231 -0.808981 -0.0718224 8.89605e-07
-1.9 0.9 -0.737201 -0.110192 -0.737201 -0.110191 9.01705e-07
-1.9 1 -0.664699 -0.154139 -0.664699 -0.154139 5.61849e-07
-1.9 1.1 -0.593467 -0.204229 -0.593467 -0.204229 1.64051e-06
-1.9 1.2 -0.520302 -0.261515 -0.520303 -0.261515 1.42193e-06
-1.9 1.3 -0.438101 -0.32385 -0.438102 -0.32385 2.52898e-06
-1.9 1.4 -0.339599 -0.383856 -0.3396 -0.383856 2.42495e-06
-1.9 1.5 -0.221508 -0.429772 -0.221509 -0.429772 1.9452e-06
-1.9 1.6 -0.0869612 -0.448525 -0.0869608 -0.448526 2.09202e-06
-1.9 1.7 0.0544354 -0.42922 0.0544355 -0.42922 4.39779e-07
-1.9 1.8 0.188107 -0.365678 0.188108 -0.365678 9.61957e-07
-1.9 1.9 0.296327 -0.257994 0.296327 -0.257993 9.96985e-07
-1.8 -2 0.132416 -0.355894 0.132415 -0.355895 1.71409e-06
-1.8 -1.9 -0.0267891 -0.392778 -0.0267894 -0.392778 1.87067e-06
-1.8 -1.8 -0.182379 -0.368282 -0.182379 -0.368283 8.17103e-07
-1.8 -1.7 -0.315555 -0.294961 -0.315554 -0.294961 1.36059e-06
-1.8 -1.6 -0.41605 -0.188208 -0.41605 -0.188208 7.72524e-07
-1.8 -1.5 -0.480561 -0.0634403 -0.480562 -0.0634405 1.05034e-06
-1.8 -1.4 -0.511674 0.0653946 -0.511674 0.0653948 7.32618e-07
-1.8 -1.3 -0.517099 0.187434 -0.517099 0.187435 1.42189e-06
-1.8 -1.2 -0.508004 0.296743 -0.508004 0.296744 1.59707e-06
-1.8 -1.1 -0.495919 0.39312 -0.49592 0.39312 1.48576e-06
-1.8 -1 -0.489244 0.480572 -0.489244 0.480572 3.82664e-07
-1.8 -0.9 -0.491297 0.563613 -0.491296 0.563614 1.5618e-06
-1.8 -0.8 -0.501135 0.643264 -0.501134 0.643264 1.38223e-06
-1.8 -0.7 -0.516523 0.715218 -0.516523 0.715218 3.4169e-07
-1.8 -0.6 -0.536827 0.771456 -0.536826 0.771456 6.45788e-07
-1.8 -0.5 -0.563641 0.804498 -0.563642 0.804498 7.4455e-07
-1.8 -0.4 -0.59861 0.811865 -0.59861 0.811865 2.16967e-07
-1.8 -0.3 -0.640113 0.798268 -0.640114 0.798268 5.89632e-07
-1.8 -0.2 -0.681494 0.774431 -0.681493 0.774431 2.75749e-07
-1.8 -0.1 -0.712615 0.753215 -0.712615 0.753215 6.61068e-07
-1.8 6.38378e-16 -0.724234 0.744852 -0.724234 0.744852 4.1624e-07
-1.8 0.1 -0.712615 0.753215 -0.712615 0.753215 6.61076e-07
-1.8 0.2 -0.681494 0.774431 -0.681493 0.774431 2.7575e-07
-1.8 0.3 -0.640113 0.798268 -0.640114 0.798268 5.89616e-07
-1.8 0.4 -0.59861 0.811865 -0.59861 0.811865 2.1694e-07
-1.8 0.5 -0.563641 0.804498 -0.563642 0.804498 7.44543e-07
-1.8 0.6 -0.536827 0.771456 -0.536826 0.771456 6.45764e-07
-1.8 0.7 -0.516523 0.715218 -0.516523 0.715218 3.41672e-07
-1.8 0.8 -0.501135 0.643264 -0.501134 0.643264 1.38222e-06
-1.8 0.9 -0.491297 0.563613 -0.491296 0.563614 1.56181e-06
-1.8 1 -0.489244 0.480572 -0.489244 0.480572 3.8266e-07
-1.8 1.1 -0.495919 0.39312 -0.49592 0.39312 1.48577e-06
-1.8 1.2 -0.508004 0.296743 -0.508004 0.296744 1.59711e-06
-1.8 1.3 -0.517099 0.187434 -0.517099 0.187435 1.42193e-06
-1.8 1.4 -0.511674 0.0653946 -0.511674 0.0653948 7.32666e-07
-1.8 1.5 -0.480561 -0.0634403 -0.480562 -0.0634405 1.05039e-06
-1.8 1.6 -0.41605 -0.188208 -0.41605 -0.188208 7.72561e-07
-1.8 1.7 -0.315555 -0.294961 -0.315554 -0.294961 1.36064e-06
-1.8 1.8 -0.182379 -0.368282 -0.182379 -0.368283 8.17137e-07
-1.8 1.9 -0.0267891 -0.392778 -0.0267894 -0.392778 1.87066e-06
-1.7 -2 -0.197673 -0.328064 -0.197673 -0.328063 1.05866e-06
-1.7 -1.9 -0.329709 -0.219232 -0.329709 -0.219232 9.54482e-07
-1.7 -1.8 -0.405314 -0.0737164 -0.405314 -0.0737167 1.02589e-06
-1.7 -1.7 -0.423914 0.0823834 -0.423914 0.0823828 1.94753e-06
-1.7 -1.6 -0.393749 0.230192 -0.393749 0.230192 1.20901e-06
-1.7 -1.5 -0.326663 0.35823 -0.326663 0.358231 6.48778e-07
-1.7 -1.4 -0.235479 0.460981 -0.23548 0.460982 1.66394e-06
-1.7 -1.3 -0.132963 0.538003 -0.132963 0.538004 1.69051e-06
-1.7 -1.2 -0.0306698 0.593734 -0.0306693 0.593735 1.60011e-06
-1.7 -1.1 0.0629422 0.63663 0.0629426 0.63663 6.36553e-07
-1.7 -1 0.144044 0.676593 0.144045 0.676593 1.05176e-06
-1.7 -0.9 0.213042 0.721217 0.213042 0.721216 1.37193e-06
-1.7 -0.8 0.271824 0.772802 0.271825 0.772802 8.6285e-07
-1.7 -0.7 0.320194 0.827983 0.320194 0.827982 6.2103e-07
-1.7 -0.6 0.35407 0.88022 0.354071 0.880219 1.12627e-06
-1.7 -0.5 0.367193 0.923521 0.367192 0.923522 7.0714e-07
-1.7 -0.4 0.355733 0.955088 0.355732 0.955088 6.60715e-07
-1.7 -0.3 0.32294 0.975609 0.322939 0.97561 1.13466e-06
-1.7 -0.2 0.280518 0.987672 0.280518 0.987673 5.60455e-07
-1.7 -0.1 0.245124 0.993868 0.245123 0.993868 5.40107e-07
-1.7 6.38378e-16 0.23139 0.995771 0.231389 0.995772 9.36978e-07
-1.7 0.1 0.245124 0.993868 0.245123 0.993868 5.40097e-07
-1.7 0.2 0.280518 0.987672 0.280518 0.987673 5.60477e-07
-1.7 0.3 0.32294 0.975609 0.322939 0.97561 1.13467e-06
-1.7 0.4 0.355733 0.955088 0.355732 0.955088 6.60708e-07
-1.7 0.5 0.367193 0.923521 0.367192 0.923522 7.0715e-07
-1.7 0.6 0.35407 0.88022 0.354071 0.880219 1.12625e-06
-1.7 0.7 0.320194 0.827983 0.320194 0.827982 6.21017e-07
-1.7 0.8 0.271824 0.772802 0.271825 0.772802 8.62849e-07
-1.7 0.9 0.213042 0.721217 0.213042 0.721216 1.37194e-06
-1.7 1 0.144044 0.676593 0.144045 0.676593 1.05178e-06
-1.7 1.1 0.0629422 0.63663 0.0629426 0.63663 6.36586e-07
-1.7 1.2 -0.0306698 0.593734 -0.0306693 0.593735 1.60015e-06
-1.7 1.3 -0.132963 0.538003 -0.132963 0.538004 1.69055e-06
-1.7 1.4 -0.235479 0.460981 -0.23548 0.460982 1.66399e-06
-1.7 1.5 -0.326663 0.35823 -0.326663 0.358231 6.48793e-07
-1.7 1.6 -0.393749 0.230192 -0.393749 0.230192 1.20906e-06
-1.7 1.7 -0.423914 0.0823834 -0.423914 0.0823828 1.94757e-06
-1.7 1.8 -0.405314 -0.0737164 -0.405314 -0.0737167 1.02592e-06
-1.7 1.9 -0.329709 -0.219232 -0.329709 -0.219232 9.54461e-07
-1.6 -2 -0.383205 -0.054629 -0.383205 -0.0546295 1.2245e-06
-1.6 -1.9 -0.379243 0.125534 -0.379243 0.125534 1.03728e-06
-1.6 -1.8 -0.304816 0.280887 -0.304816 0.280887 1.40842e-06
-1.6 -1.7 -0.184011 0.392072 -0.184011 0.392072 8.14936e-07
-1.6 -1.6 -0.0406033 0.454432 -0.0406035 0.454432 6.04214e-07
-1.6 -1.5 0.107287 0.472539 0.107287 0.47254 6.00042e-07
-1.6 -1.4 0.247829 0.45512 0.24783 0.45512 1.73331e-06
-1.6 -1.3 0.37406 0.412486 0.374061 0.412487 1.75864e-06
-1.6 -1.2 0.482895 0.355896 0.482895 0.355896 1.20231e-06
-1.6 -1.1 0.575145 0.296939 0.575146 0.296939 1.68617e-06
-1.6 -1 0.655326 0.245792 0.655327 0.245792 6.61702e-07
-1.6 -0.9 0.729755 0.208977 0.729756 0.208976 6.8563e-07
-1.6 -0.8 0.802968 0.18831 0.802968 0.18831 8.97669e-07
-1.6 -0.7 0.874324 0.182091 0.874324 0.182091 6.17612e-08
-1.6 -0.6 0.937249 0.187765 0.937248 0.187764 7.71076e-07
-1.6 -0.5 0.982236 0.203895 0.982236 0.203896 5.01826e-07
-1.6 -0.4 1.00233 0.229785 1.00233 0.229785 4.83903e-07
-1.6 -0.3 0.998005 0.263067 0.998005 0.263068 1.07792e-06
-1.6 -0.2 0.978409 0.297616 0.978408 0.297617 7.4321e-07
-1.6 -0.1 0.95788 0.324213 0.95788 0.324213 3.27315e-07
-1.6 6.38378e-16 0.949318 0.334255 0.949318 0.334257 1.81916e-06
-1.6 0.1 0.95788 0.324213 0.95788 0.324213 3.27319e-07
-1.6 0.2 0.978409 0.297616 0.978408 0.297617 7.43188e-07
-1.6 0.3 0.998005 0.263067 0.998005 0.263068 1.07793e-06
-1.6 0.4 1.00233 0.229785 1.00233 0.229785 4.83874e-07
-1.6 0.5 0.982236 0.203895 0.982236 0.203896 5.01842e-07
-1.6 0.6 0.937249 0.187765 0.937248 0.187764 7.71057e-07
-1.6 0.7 0.874324 0.182091 0.874324 0.182091 6.17667e-08
-1.6 0.8 0.802968 0.18831 0.802968 0.18831 8.97664e-07
-1.6 0.9 0.729755 0.208977 0.729756 0.208976 6.85647e-07
-1.6 1 0.655326 0.245792 0.655327 0.245792 6.61701e-07
-1.6 1.1 0.575145 0.296939 0.575146 0.296939 1.68621e-06
-1.6 1.2 0.482895 0.355896 0.482895 0.355896 1.20235e-06
-1.6 1.3 0.37406 0.412486 0.374061 0.412487 1.75868e-06
-1.6 1.4 0.247829 0.45512 0.24783 0.45512 1.73332e-06
-1.6 1.5 0.107287 0.472539 0.107287 0.47254 6.00074e-07
-1.6 1.6 -0.0406033 0.454432 -0.0406035 0.454432 6.04246e-07
-1.6 1.7 -0.184011 0.392072 -0.184011 0.392072 8.14927e-07
-1.6 1.8 -0.304816 0.280887 -0.304816 0.280887 1.4084e-06
-1.6 1.9 -0.379243 0.125534 -0.379243 0.125534 1.03727e-06
-1.5 -2 -0.290867 0.261625 -0.290867 0.261625 2.07344e-06
-1.5 -1.9 -0.140798 0.378332 -0.140798 0.378332 3.57658e-07
-1.5 -1.8 0.0370899 0.416644 0.0370897 0.416645 9.71821e-07
-1.5 -1.7 0.206998 0.383699 0.206998 0.383699 1.58582e-06
-1.5 -1.6 0.347065 0.298634 0.347065 0.298635 1.17878e-06
-1.5 -1.5 0.449468 0.18247 0.449468 0.182471 1.24114e-06
-1.5 -1.4 0.515854 0.052182 0.515855 0.0521822 7.3224e-07
-1.5 -1.3 0.552386 -0.0804408 0.552386 -0.0804408 2.54438e-07
-1.5 -1.2 0.56703 -0.207347 0.56703 -0.207348 1.24714e-06
-1.5 -1.1 0.569031 -0.322893 0.569031 -0.322894 1.3911e-06
-1.5 -1 0.568684 -0.423798 0.568684 -0.423798 9.48171e-07
-1.5 -0.9 0.575735 -0.509538 0.575735 -0.509539 9.01353e-07
-1.5 -0.8 0.596463 -0.581579 0.596463 -0.581578 4.08542e-07
-1.5 -0.7 0.631203 -0.640988 0.631203 -0.640988 7.87559e-07
-1.5 -0.6 0.674205 -0.685954 0.674205 -0.685953 6.0472e-07
-1.5 -0.5 0.716341 -0.711653 0.716342 -0.711652 7.60267e-07
-1.5 -0.4 0.749329 -0.713625 0.749329 -0.713625 5.13248e-07
-1.5 -0.3 0.769199 -0.692945 0.7692 -0.692944 5.71796e-07
-1.5 -0.2 0.777323 -0.659308 0.777323 -0.659308 9.33903e-08
-1.5 -0.1 0.778669 -0.628783 0.778669 -0.628782 8.14602e-07
-1.5 6.38378e-16 0.7784 -0.616535 0.7784 -0.616536 5.1696e-07
-1.5 0.1 0.778669 -0.628783 0.778669 -0.628782 8.14595e-07
-1.5 0.2 0.777323 -0.659308 0.777323 -0.659308 9.34165e-08
-1.5 0.3 0.769199 -0.692945 0.7692 -0.692944 5.71794e-07
-1.5 0.4 0.749329 -0.713625 0.749329 -0.713625 5.13246e-07
-1.5 0.5 0.716341 -0.711653 0.716342 -0.711652 7.60269e-07
-1.5 0.6 0.674205 -0.685954 0.674205 -0.685953 6.04725e-07
-1.5 0.7 0.631203 -0.640988 0.631203 -0.640988 7.87555e-07
-1.5 0.8 0.596463 -0.581579 0.596463 -0.581578 4.08542e-07
-1.5 0.9 0.575735 -0.509538 0.575735 -0.509539 9.01375e-07
-1.5 1 0.568684 -0.423798 0.568684 -0.423798 9.48205e-07
-1.5 1.1 0.569031 -0.322893 0.569031 -0.322894 1.39114e-06
-1.5 1.2 0.56703 -0.207347 0.56703 -0.207348 1.24717e-06
-1.5 1.3 0.552386 -0.0804408 0.552386 -0.0804408 2.54471e-07
-1.5 1.4 0.515854 0.052182 0.515855 0.0521822 7.32283e-07
-1.5 1.5 0.449468 0.18247 0.449468 0.182471 1.24117e-06
-1.5 1.6 0.347065 0.298634 0.347065 0.298635 1.1788e-06
-1.5 1.7 0.206998 0.383699 0.206998 0.383699 1.58584e-06
-1.5 1.8 0.0370899 0.416644 0.0370897 0.416645 9.71823e-07
-1.5 1.9 -0.140798 0.378332 -0.140798 0.378332 3.57659e-07
-1.4 -2 0.00905635 0.394742 0.00905682 0.394742 1.91458e-06
-1.4 -1.9 0.204755 0.352644 0.204755 0.352644 8.38547e-07
-1.4 -1.8 0.353848 0.231036 0.353849 0.231035 2.22826e-06
-1.4 -1.7 0.434964 0.0665629 0.434965 0.0665627 1.54938e-06
-1.4 -1.6 0.448716 -0.106275 0.448717 -0.106275 1.10817e-06
-1.4 -1.5 0.409305 -0.264296 0.409305 -0.264296 2.16784e-07
-1.4 -1.4 0.334928 -0.3973 0.334928 -0.3973 1.61639e-06
-1.4 -1.3 0.241448 -0.504528 0.241449 -0.504528 1.44663e-07
-1.4 -1.2 0.140676 -0.589845 0.140676 -0.589845 1.13702e-07
-1.4 -1.1 0.0416884 -0.658613 0.0416874 -0.658614 1.90198e-06
-1.4 -1 -0.0475408 -0.71685 -0.0475411 -0.71685 4.58793e-07
-1.4 -0.9 -0.120053 -0.771064 -0.120053 -0.771063 7.30432e-07
-1.4 -0.8 -0.171182 -0.826913 -0.171184 -0.826912 1.99035e-06
-1.4 -0.7 -0.199726 -0.886361 -0.199726 -0.88636 5.04945e-07
-1.4 -0.6 -0.207829 -0.945218 -0.20783 -0.945218 6.28801e-07
-1.4 -0.5 -0.19976 -0.993736 -0.19976 -0.993735 5.67044e-07
-1.4 -0.4 -0.180714 -1.02139 -0.180713 -1.02139 4.93524e-07
-1.4 -0.3 -0.156353 -1.02384 -0.156353 -1.02384 4.79567e-07
-1.4 -0.2 -0.132704 -1.00734 -0.132704 -1.00734 4.16076e-07
-1.4 -0.1 -0.115577 -0.98687 -0.115577 -0.986871 6.45259e-07
-1.4 6.38378e-16 -0.109326 -0.977872 -0.109326 -0.977872 4.04595e-07
-1.4 0.1 -0.115577 -0.98687 -0.115577 -0.986871 6.45275e-07
-1.4 0.2 -0.132704 -1.00734 -0.132704 -1.00734 4.161e-07
-1.4 0.3 -0.156353 -1.02384 -0.156353 -1.02384 4.79542e-07
-1.4 0.4 -0.180714 -1.02139 -0.180713 -1.02139 4.93499e-07
-1.4 0.5 -0.19976 -0.993736 -0.19976 -0.993735 5.67031e-07
-1.4 0.6 -0.207829 -0.945218 -0.20783 -0.945218 6.28794e-07
-1.4 0.7 -0.199726 -0.886361 -0.199726 -0.88636 5.04946e-07
-1.4 0.8 -0.171182 -0.826913 -0.171184 -0.826912 1.99037e-06
-1.4 0.9 -0.120053 -0.771064 -0.120053 -0.771063 7.30429e-07
-1.4 1 -0.0475408 -0.71685 -0.0475411 -0.71685 4.58831e-07
-1.4 1.1 0.0416884 -0.658613 0.0416874 -0.658614 1.90201e-06
-1.4 1.2 0.140676 -0.589845 0.140676 -0.589845 1.13743e-07
-1.4 1.3 0.241448 -0.504528 0.241449 -0.504528 1.44707e-07
-1.4 1.4 0.334928 -0.3973 0.334928 -0.3973 1.61643e-06
-1.4 1.5 0.409305 -0.264296 0.409305 -0.264296 2.16755e-07
-1.4 1.6 0.448716 -0.106275 0.448717 -0.106275 1.10817e-06
-1.4 1.7 0.434964 0.0665629 0.434965 0.0665627 1.54937e-06
-1.4 1.8 0.353848 0.231036 0.353849 0.231035 2.22827e-06
-1.4 1.9 0.204755 0.352644 0.204755 0.352644 8.38544e-07
-1.3 -2 0.304465 0.256014 0.304466 0.256013 3.26591e-06
-1.3 -1.9 0.404974 0.0715277 0.404973 0.0715273 1.65599e-06
-1.3 -1.8 0.405856 -0.131399 0.405856 -0.131399 1.98149e-06
-1.3 -1.7 0.321708 -0.306579 0.321708 -0.306579 1.82899e-07
-1.3 -1.6 0.183042 -0.427965 0.183042 -0.427965 2.76691e-07
-1.3 -1.5 0.021784 -0.490521 0.0217839 -0.49052 1.31574e-06
-1.3 -1.4 -0.138526 -0.503812 -0.138525 -0.503813 1.36818e-06
-1.3 -1.3 -0.285737 -0.483346 -0.285738 -0.483346 1.02288e-06
-1.3 -1.2 -0.416632 -0.444042 -0.416632 -0.444042 1.02983e-06
-1.3 -1.1 -0.5323 -0.39778 -0.532301 -0.39778 1.73193e-06
-1.3 -1 -0.634462 -0.354141 -0.634462 -0.354141 7.43383e-07
-1.3 -0.9 -0.724001 -0.321761 -0.724002 -0.32176 1.52834e-06
-1.3 -0.8 -0.800967 -0.307981 -0.800967 -0.30798 1.61737e-06
-1.3 -0.7 -0.864535 -0.316387 -0.864534 -0.316386 1.01061e-06
-1.3 -0.6 -0.912504 -0.343977 -0.912504 -0.343977 3.68341e-07
-1.3 -0.5 -0.941498 -0.380691 -0.941497 -0.380692 7.24323e-07
-1.3 -0.4 -0.94915 -0.413042 -0.949149 -0.413043 5.55171e-07
-1.3 -0.3 -0.937545 -0.430798 -0.937545 -0.430799 4.89102e-07
-1.3 -0.2 -0.915024 -0.432686 -0.915024 -0.432686 4.76687e-07
-1.3 -0.1 -0.893994 -0.426534 -0.893994 -0.426533 7.77423e-07
-1.3 6.38378e-16 -0.885516 -0.422882 -0.885517 -0.422881 1.39537e-06
-1.3 0.1 -0.893994 -0.426534 -0.893994 -0.426533 7.77437e-07
-1.3 0.2 -0.915024 -0.432686 -0.915024 -0.432686 4.76712e-07
-1.3 0.3 -0.937545 -0.430798 -0.937545 -0.430799 4.89129e-07
-1.3 0.4 -0.94915 -0.413042 -0.949149 -0.413043 5.55158e-07
-1.3 0.5 -0.941498 -0.380691 -0.941497 -0.380692 7.24332e-07
-1.3 0.6 -0.912504 -0.343977 -0.912504 -0.343977 3.68337e-07
-1.3 0.7 -0.864535 -0.316387 -0.864534 -0.316386 1.01061e-06
-1.3 0.8 -0.800967 -0.307981 -0.800967 -0.30798 1.61739e-06
-1.3 0.9 -0.724001 -0.321761 -0.724002 -0.32176 1.52837e-06
-1.3 1 -0.634462 -0.354141 -0.634462 -0.354141 7.43426e-07
-1.3 1.1 -0.5323 -0.39778 -0.532301 -0.39778 1.73197e-06
-1.3 1.2 -0.416632 -0.444042 -0.416632 -0.444042 1.02984e-06
-1.3 1.3 -0.285737 -0.483346 -0.285738 -0.483346 1.02285e-06
-1.3 1.4 -0.138526 -0.503812 -0.138525 -0.503813 1.36821e-06
-1.3 1.5 0.021784 -0.490521 0.0217839 -0.49052 1.31573e-06
-1.3 1.6 0.183042 -0.427965 0.183042 -0.427965 2.76691e-07
-1.3 1.7 0.321708 -0.306579 0.321708 -0.306579 1.82898e-07
-1.3 1.8 0.405856 -0.131399 0.405856 -0.131399 1.98148e-06
-1.3 1.9 0.404974 0.0715277 0.404973 0.0715273 1.65596e-06
-1.2 -2 0.396667 -0.0546674 0.396667 -0.0546671 1.1056e-06
-1.2 -1.9 0.321193 -0.261369 0.321193 -0.261369 6.47425e-07
-1.2 -1.8 0.158601 -0.399576 0.1586 -0.399576 1.93621e-06
-1.2 -1.7 -0.0413763 -0.446363 -0.0413764 -0.446362 1.74341e-06
-1.2 -1.6 -0.233313 -0.407865 -0.233312 -0.407866 1.17855e-06
-1.2 -1.5 -0.388361 -0.308017 -0.388362 -0.308017 1.23715e-06
-1.2 -1.4 -0.496993 -0.175329 -0.496993 -0.175329 5.04905e-07
-1.2 -1.3 -0.564542 -0.033101 -0.564542 -0.0331009 2.8143e-07
-1.2 -1.2 -0.603728 0.104503 -0.603728 0.104503 6.34522e-07
-1.2 -1.1 -0.6281 0.231065 -0.628101 0.231065 1.81666e-06
-1.2 -1 -0.648567 0.343762 -0.648568 0.343763 9.63198e-07
-1.2 -0.9 -0.672779 0.439552 -0.67278 0.439552 8.02553e-07
-1.2 -0.8 -0.705406 0.513796 -0.705407 0.513797 1.30762e-06
-1.2 -0.7 -0.747389 0.561753 -0.747389 0.561753 5.18796e-07
-1.2 -0.6 -0.794297 0.581782 -0.794296 0.581783 1.01986e-06
-1.2 -0.5 -0.836275 0.578194 -0.836274 0.578194 7.60861e-07
-1.2 -0.4 -0.862172 0.561322 -0.862172 0.561321 9.49297e-07
-1.2 -0.3 -0.86663 0.54345 -0.866631 0.543451 2.87708e-07
-1.2 -0.2 -0.854621 0.532557 -0.854621 0.532556 6.22994e-07
-1.2 -0.1 -0.838858 0.529026 -0.838858 0.529026 3.33752e-07
-1.2 6.38378e-16 -0.831904 0.528667 -0.831905 0.528667 7.40112e-07
-1.2 0.1 -0.838858 0.529026 -0.838858 0.529026 3.3375e-07
-1.2 0.2 -0.854621 0.532557 -0.854621 0.532556 6.23016e-07
-1.2 0.3 -0.86663 0.54345 -0.866631 0.543451 2.87744e-07
-1.2 0.4 -0.862172 0.561322 -0.862172 0.561321 9.49296e-07
-1.2 0.5 -0.836275 0.578194 -0.836274 0.578194 7.60849e-07
-1.2 0.6 -0.794297 0.581782 -0.794296 0.581783 1.01987e-06
-1.2 0.7 -0.747389 0.561753 -0.747389 0.561753 5.18804e-07
-1.2 0.8 -0.705406 0.513796 -0.705407 0.513797 1.30763e-06
-1.2 0.9 -0.672779 0.439552 -0.67278 0.439552 8.0256e-07
-1.2 1 -0.648567 0.343762 -0.648568 0.343763 9.63242e-07
-1.2 1.1 -0.6281 0.231065 -0.628101 0.231065 1.81669e-06
-1.2 1.2 -0.603728 0.104503 -0.603728 0.104503 6.34557e-07
-1.2 1.3 -0.564542 -0.033101 -0.564542 -0.0331009 2.81405e-07
-1.2 1.4 -0.496993 -0.175329 -0.496993 -0.175329 5.04908e-07
-1.2 1.5 -0.388361 -0.308017 -0.388362 -0.308017 1.23715e-06
-1.2 1.6 -0.233313 -0.407865 -0.233312 -0.407866 1.17855e-06
-1.2 1.7 -0.0413763 -0.446363 -0.0413764 -0.446362 1.74339e-06
-1.2 1.8 0.158601 -0.399576 0.1586 -0.399576 1.93619e-06
-1.2 1.9 0.321193 -0.261369 0.321193 -0.261369 6.47385e-07
-1.1 -2 0.231617 -0.330237 0.231618 -0.330237 1.67296e-06
-1.1 -1.9 0.0176752 -0.416539 0.0176751 -0.416539 7.93635e-07
-1.1 -1.8 -0.203856 -0.381764 -0.203856 -0.381764 5.61346e-07
-1.1 -1.7 -0.375848 -0.250155 -0.375848 -0.250154 1.7762e-06
-1.1 -1.6 -0.469194 -0.0649677 -0.469195 -0.0649673 1.02874e-06
-1.1 -1.5 -0.482741 0.130957 -0.48274 0.130958 2.50664e-06
-1.1 -1.4 -0.434139 0.307792 -0.43414 0.307792 1.50519e-06
-1.1 -1.3 -0.348209 0.452664 -0.348209 0.452664 5.20636e-07
-1.1 -1.2 -0.247762 0.566771 -0.247762 0.566771 7.70579e-07
-1.1 -1.1 -0.149219 0.659035 -0.149219 0.659035 2.4053e-07
-1.1 -1 -0.0628325 0.739531 -0.0628325 0.739531 8.94346e-08
-1.1 -0.9 0.00457938 0.81481 0.00457912 0.814811 1.4345e-06
-1.1 -0.8 0.047396 0.88577 0.0473967 0.88577 7.96647e-07
-1.1 -0.7 0.0619546 0.947858 0.0619553 0.947857 9.68564e-07
-1.1 -0.6 0.0503225 0.993521 0.0503219 0.99352 6.87784e-07
-1.1 -0.5 0.0233759 1.01703 0.0233766 1.01703 8.51134e-07
-1.1 -0.4 -0.0022704 1.01974 -0.00227074 1.01974 6.36422e-07
-1.1 -0.3 -0.0140772 1.01089 -0.0140767 1.01089 6.04765e-07
-1.1 -0.2 -0.0115884 1.00121 -0.011589 1.00121 5.9569e-07
-1.1 -0.1 -0.00385449 0.995882 -0.00385493 0.995883 1.06621e-06
-1.1 6.38378e-16 -0.000120706 0.994459 -0.000120495 0.99446 4.8687e-07
-1.1 0.1 -0.00385449 0.995882 -0.00385493 0.995883 1.06623e-06
-1.1 0.2 -0.0115884 1.00121 -0.011589 1.00121 5.95711e-07
-1.1 0.3 -0.0140772 1.01089 -0.0140767 1.01089 6.04729e-07
-1.1 0.4 -0.0022704 1.01974 -0.00227074 1.01974 6.36412e-07
-1.1 0.5 0.0233759 1.01703 0.0233766 1.01703 8.51129e-07
-1.1 0.6 0.0503225 0.993521 0.0503219 0.99352 6.8777e-07
-1.1 0.7 0.0619546 0.947858 0.0619553 0.947857 9.68576e-07
-1.1 0.8 0.047396 0.88577 0.0473967 0.88577 7.96676e-07
-1.1 0.9 0.00457938 0.81481 0.00457912 0.814811 1.43454e-06
-1.1 1 -0.0628325 0.739531 -0.0628325 0.739531 8.94718e-08
-1.1 1.1 -0.149219 0.659035 -0.149219 0.659035 2.40545e-07
-1.1 1.2 -0.247762 0.566771 -0.247762 0.566771 7.70602e-07
-1.1 1.3 -0.348209 0.452664 -0.348209 0.452664 5.20627e-07
-1.1 1.4 -0.434139 0.307792 -0.43414 0.307792 1.5052e-06
-1.1 1.5 -0.482741 0.130957 -0.48274 0.130958 2.50664e-06
-1.1 1.6 -0.469194 -0.0649677 -0.469195 -0.0649673 1.02875e-06
-1.1 1.7 -0.375848 -0.250155 -0.375848 -0.250154 1.77618e-06
-1.1 1.8 -0.203856 -0.381764 -0.203856 -0.381764 5.61394e-07
-1.1 1.9 0.0176752 -0.416539 0.0176751 -0.416539 7.93669e-07
-1 -2 -0.0783961 -0.399589 -0.0783958 -0.39959 1.43159e-06
-1 -1.9 -0.298092 -0.296462 -0.298093 -0.296462 1.61245e-06
-1 -1.8 -0.425027 -0.0971894 -0.425027 -0.0971896 4.84138e-07
-1 -1.7 -0.435236 0.131211 -0.435237 0.131211 2.08042e-06
-1 -1.6 -0.343637 0.330747 -0.343638 0.330747 2.37383e-06
-1 -1.5 -0.186555 0.468232 -0.186556 0.468232 1.21204e-06
-1 -1.4 -0.00313162 0.536956 -0.00313174 0.536955 1.00301e-06
-1 -1.3 0.177101 0.549263 0.177101 0.549263 9.52005e-08
-1 -1.2 0.338562 0.526447 0.338562 0.526447 7.21818e-07
-1 -1.1 0.477566 0.490413 0.477566 0.490414 1.44068e-06
-1 -1 0.596727 0.458893 0.596727 0.458893 1.03055e-06
-1 -0.9 0.698616 0.443726 0.698616 0.443726 3.45639e-07
-1 -0.8 0.781237 0.450333 0.781237 0.450332 7.56531e-07
-1 -0.7 0.837829 0.476559 0.83783 0.476558 1.58872e-06
-1 -0.6 0.862617 0.511617 0.862617 0.511617 4.26695e-07
-1 -0.5 0.859813 0.53967 0.859813 0.539669 1.16525e-06
-1 -0.4 0.845976 0.550614 0.845976 0.550613 9.2244e-07
-1 -0.3 0.837801 0.548561 0.837801 0.548561 8.54811e-08
-1 -0.2 0.837806 0.544722 0.837805 0.544722 5.15237e-07
-1 -0.1 0.83904 0.543844 0.83904 0.543844 7.78277e-07
-1 0.1 0.83904 0.543844 0.83904 0.543844 7.78298e-07
-1 0.2 0.837806 0.544722 0.837805 0.544722 5.15254e-07
-1 0.3 0.837801 0.548561 0.837801 0.548561 8.55187e-08
-1 0.4 0.845976 0.550614 0.845976 0.550613 9.22422e-07
-1 0.5 0.859813 0.53967 0.859813 0.539669 1.16526e-06
-1 0.6 0.862617 0.511617 0.862617 0.511617 4.26717e-07
-1 0.7 0.837829 0.476559 0.83783 0.476558 1.58876e-06
-1 0.8 0.781237 0.450333 0.781237 0.450332 7.56526e-07
-1 0.9 0.698616 0.443726 0.698616 0.443726 3.45673e-07
-1 1 0.596727 0.458893 0.596727 0.458893 1.03059e-06
-1 1.1 0.477566 0.490413 0.477566 0.490414 1.4407e-06
-1 1.2 0.338562 0.526447 0.338562 0.526447 7.21825e-07
-1 1.3 0.177101 0.549263 0.177101 0.549263 9.52087e-08
-1 1.4 -0.00313162 0.536956 -0.00313174 0.536955 1.00299e-06
-1 1.5 -0.186555 0.468232 -0.186556 0.468232 1.21201e-06
-1 1.6 -0.343637 0.330747 -0.343638 0.330747 2.37387e-06
-1 1.7 -0.435236 0.131211 -0.435237 0.131211 2.08048e-06
-1 1.8 -0.425027 -0.0971894 -0.425027 -0.0971896 4.84195e-07
-1 1.9 -0.298092 -0.296462 -0.298093 -0.296462 1.61245e-06
-0.9 -2 -0.34185 -0.230035 -0.341851 -0.230034 1.18972e-06
-0.9 -1.9 -0.424806 0.0125056 -0.424806 0.0125057 4.23377e-07
-0.9 -1.8 -0.359618 0.253906 -0.359617 0.253907 2.51725e-06
-0.9 -1.7 -0.183257 0.420214 -0.183257 0.420215 1.01795e-06
-0.9 -1.6 0.0425265 0.478662 0.0425267 0.478661 9.35605e-07
-0.9 -1.5 0.260592 0.435706 0.260592 0.435707 2.46747e-06
-0.9 -1.4 0.435631 0.321162 0.435631 0.321162 1.15907e-06
-0.9 -1.3 0.557195 0.17042 0.557195 0.17042 6.71091e-07
-0.9 -1.2 0.633442 0.0125434 0.633442 0.0125441 1.10329e-06
-0.9 -1.1 0.681928 -0.133778 0.681928 -0.133778 5.65257e-07
-0.9 -1 0.721421 -0.258317 0.721421 -0.258318 5.66407e-07
-0.9 -0.9 0.765705 -0.354721 0.765706 -0.354721 5.85649e-07
-0.9 -0.8 0.818737 -0.417015 0.818737 -0.417015 1.06523e-06
-0.9 -0.7 0.871774 -0.441298 0.871775 -0.441299 5.42466e-07
-0.9 -0.6 0.907314 -0.433933 0.907314 -0.433933 3.22805e-07
-0.9 -0.5 0.915192 -0.416864 0.915191 -0.416865 1.32079e-06
-0.9 0.5 0.915192 -0.416864 0.915191 -0.416865 1.32081e-06
-0.9 0.6 0.907314 -0.433933 0.907314 -0.433933 3.22841e-07
-0.9 0.7 0.871774 -0.441298 0.871775 -0.441299 5.42506e-07
-0.9 0.8 0.818737 -0.417015 0.818737 -0.417015 1.06526e-06
-0.9 0.9 0.765705 -0.354721 0.765706 -0.354721 5.85679e-07
-0.9 1 0.721421 -0.258317 0.721421 -0.258318 5.66407e-07
-0.9 1.1 0.681928 -0.133778 0.681928 -0.133778 5.65255e-07
-0.9 1.2 0.633442 0.0125434 0.633442 0.0125441 1.10328e-06
-0.9 1.3 0.557195 0.17042 0.557195 0.17042 6.71097e-07
-0.9 1.4 0.435631 0.321162 0.435631 0.321162 1.15904e-06
-0.9 1.5 0.260592 0.435706 0.260592 0.435707 2.46751e-06
-0.9 1.6 0.0425265 0.478662 0.0425267 0.478661 9.3555e-07
-0.9 1.7 -0.183257 0.420214 -0.183257 0.420215 1.0179e-06
-0.9 1.8 -0.359618 0.253906 -0.359617 0.253907 2.5172e-06
-0.9 1.9 -0.424806 0.0125056 -0.424806 0.0125057 4.23357e-07
-0.8 -2 -0.41157 0.0699104 -0.411571 0.0699112 2.00087e-06
-0.8 -1.9 -0.293949 0.314411 -0.29395 0.314411 2.29214e-06
-0.8 -1.8 -0.0606983 0.441363 -0.0606979 0.441363 1.13991e-06
-0.8 -1.7 0.19664 0.41969 0.19664 0.419689 2.7448e-06
-0.8 -1.6 0.39964 0.275245 0.399641 0.275247 2.57716e-06
-0.8 -1.5 0.508203 0.0634701 0.508203 0.0634692 1.72443e-06
-0.8 -1.4 0.52164 -0.160575 0.521641 -0.160575 1.36303e-06
-0.8 -1.3 0.464465 -0.360763 0.464466 -0.360763 1.60398e-06
-0.8 -1.2 0.369419 -0.523912 0.369419 -0.523912 2.93057e-07
-0.8 -1.1 0.266142 -0.653842 0.266142 -0.653842 9.15111e-07
-0.8 -1 0.177357 -0.76163 0.177358 -0.76163 1.07568e-06
-0.8 -0.9 0.119454 -0.855835 0.119455 -0.855835 2.98347e-07
-0.8 -0.8 0.101843 -0.93443 0.101843 -0.934431 1.05308e-06
-0.8 -0.7 0.119827 -0.982937 0.119826 -0.982936 9.51287e-07
-0.8 0.7 0.119827 -0.982937 0.119826 -0.982936 9.51277e-07
-0.8 0.8 0.101843 -0.93443 0.101843 -0.934431 1.05311e-06
-0.8 0.9 0.119454 -0.855835 0.119455 -0.855835 2.98351e-07
-0.8 1 0.177357 -0.76163 0.177358 -0.76163 1.07568e-06
-0.8 1.1 0.266142 -0.653842 0.266142 -0.653842 9.15124e-07
-0.8 1.2 0.369419 -0.523912 0.369419 -0.523912 2.93088e-07
-0.8 1.3 0.464465 -0.360763 0.464466 -0.360763 1.604e-06
-0.8 1.4 0.52164 -0.160575 0.521641 -0.160575 1.36308e-06
-0.8 1.5 0.508203 0.0634701 0.508203 0.0634692 1.72438e-06
-0.8 1.6 0.39964 0.275245 0.399641 0.275247 2.57722e-06
-0.8 1.7 0.19664 0.41969 0.19664 0.419689 2.74475e-06
-0.8 1.8 -0.0606983 0.441363 -0.0606979 0.441363 1.13987e-06
-0.8 1.9 -0.293949 0.314411 -0.29395 0.314411 2.29218e-06
-0.7 -2 -0.262232 0.331814 -0.262232 0.331814 1.0195e-06
-0.7 -1.9 0.00525885 0.436079 0.00525762 0.436079 2.97049e-06
-0.7 -1.8 0.276231 0.356964 0.276231 0.356964 6.83288e-07
-0.7 -1.7 0.447699 0.140945 0.447698 0.140944 1.6229e-06
-0.7 -1.6 0.474913 -0.124964 0.474912 -0.124965 3.13124e-06
-0.7 -1.5 0.372328 -0.35994 0.372328 -0.359941 1.48767e-06
-0.7 -1.4 0.1885 -0.518342 0.1885 -0.518342 2.32518e-07
-0.7 -1.3 -0.0240799 -0.593978 -0.0240802 -0.593978 4.35186e-07
-0.7 -1.2 -0.228446 -0.607683 -0.228446 -0.607683 1.81229e-07
-0.7 -1.1 -0.40742 -0.591001 -0.407421 -0.591001 4.08283e-07
-0.7 -1 -0.556582 -0.574483 -0.556583 -0.574484 1.02539e-06
-0.7 -0.9 -0.672402 -0.581004 -0.672402 -0.581004 5.20292e-07
-0.7 -0.8 -0.742551 -0.617748 -0.742551 -0.617748 1.98923e-07
-0.7 0.8 -0.742551 -0.617748 -0.742551 -0.617748 1.98935e-07
-0.7 0.9 -0.672402 -0.581004 -0.672402 -0.581004 5.20293e-07
-0.7 1 -0.556582 -0.574483 -0.556583 -0.574484 1.0254e-06
-0.7 1.1 -0.40742 -0.591001 -0.407421 -0.591001 4.08305e-07
-0.7 1.2 -0.228446 -0.607683 -0.228446 -0.607683 1.81182e-07
-0.7 1.3 -0.0240799 -0.593978 -0.0240802 -0.593978 4.35191e-07
-0.7 1.4 0.1885 -0.518342 0.1885 -0.518342 2.32471e-07
-0.7 1.5 0.372328 -0.35994 0.372328 -0.359941 1.48762e-06
-0.7 1.6 0.474913 -0.124964 0.474912 -0.124965 3.13118e-06
-0.7 1.7 0.447699 0.140945 0.447698 0.140944 1.62287e-06
-0.7 1.8 0.276231 0.356964 0.276231 0.356964 6.83252e-07
-0.7 1.9 0.00525885 0.436079 0.00525762 0.436079 2.97052e-06
-0.6 -2 0.0154386 0.427861 0.0154392 0.427861 1.55713e-06
-0.6 -1.9 0.300294 0.323818 0.300294 0.323818 1.66989e-06
-0.6 -1.8 0.452434 0.0655978 0.452435 0.0655984 1.65121e-06
-0.6 -1.7 0.417818 -0.22683 0.41782 -0.22683 2.50291e-06
-0.6 -1.6 0.227826 -0.442103 0.227827 -0.442104 2.98773e-06
-0.6 -1.5 -0.0372463 -0.523023 -0.0372466 -0.523023 7.89464e-07
-0.6 -1.4 -0.296423 -0.473192 -0.296425 -0.473192 3.16279e-06
-0.6 -1.3 -0.500559 -0.334612 -0.50056 -0.334612 1.11098e-06
-0.6 -1.2 -0.639613 -0.15802 -0.639613 -0.15802 2.57784e-07
-0.6 -1.1 -0.731589 0.0164332 -0.731589 0.0164325 9.01709e-07
-0.6 -1 -0.805274 0.162259 -0.805274 0.162259 3.09718e-07
-0.6 -0.9 -0.883063 0.257864 -0.883063 0.257865 1.49504e-06
-0.6 0.9 -0.883063 0.257864 -0.883063 0.257865 1.49507e-06
-0.6 1 -0.805274 0.162259 -0.805274 0.162259 3.09759e-07
-0.6 1.1 -0.731589 0.0164332 -0.731589 0.0164325 9.01704e-07
-0.6 1.2 -0.639613 -0.15802 -0.639613 -0.15802 2.57832e-07
-0.6 1.3 -0.500559 -0.334612 -0.50056 -0.334612 1.111e-06
-0.6 1.4 -0.296423 -0.473192 -0.296425 -0.473192 3.16275e-06
-0.6 1.5 -0.0372463 -0.523023 -0.0372466 -0.523023 7.89415e-07
-0.6 1.6 0.227826 -0.442103 0.227827 -0.442104 2.98775e-06
-0.6 1.7 0.417818 -0.22683 0.41782 -0.22683 2.50291e-06
-0.6 1.8 0.452434 0.0655978 0.452435 0.0655984 1.65121e-06
-0.6 1.9 0.300294 0.323818 0.300294 0.323818 1.66988e-06
-0.5 -2 0.282284 0.328655 0.282284 0.328655 1.15463e-06
-0.5 -1.9 0.443884 0.0526676 0.443884 0.0526665 2.52876e-06
-0.5 -1.8 0.383395 -0.259228 0.383394 -0.259228 2.6945e-06
-0.5 -1.7 0.141915 -0.459942 0.141914 -0.459942 3.07844e-06
-0.5 -1.6 -0.165928 -0.475434 -0.165929 -0.475434 1.85844e-06
-0.5 -1.5 -0.422863 -0.320998 -0.422863 -0.320997 1.4529e-06
-0.5 -1.4 -0.56129 -0.0686302 -0.561291 -0.0686309 1.975e-06
-0.5 -1.3 -0.57579 0.202393 -0.57579 0.202394 4.49315e-07
-0.5 -1.2 -0.503847 0.44103 -0.503847 0.441031 1.45266e-06
-0.5 -1.1 -0.397668 0.633589 -0.397668 0.633589 3.34351e-07
-0.5 -1 -0.30649 0.791104 -0.30649 0.791104 7.54503e-08
-0.5 -0.9 -0.274257 0.923206 -0.274258 0.923206 7.6852e-07
-0.5 0.9 -0.274257 0.923206 -0.274258 0.923206 7.68504e-07
-0.5 1 -0.30649 0.791104 -0.30649 0.791104 7.5465e-08
-0.5 1.1 -0.397668 0.633589 -0.397668 0.633589 3.34402e-07
-0.5 1.2 -0.503847 0.44103 -0.503847 0.441031 1.45263e-06
-0.5 1.3 -0.57579 0.202393 -0.57579 0.202394 4.49317e-07
-0.5 1.4 -0.56129 -0.0686302 -0.561291 -0.0686309 1.97501e-06
-0.5 1.5 -0.422863 -0.320998 -0.422863 -0.320997 1.45287e-06
-0.5 1.6 -0.165928 -0.475434 -0.165929 -0.475434 1.85843e-06
-0.5 1.7 0.141915 -0.459942 0.141914 -0.459942 3.07843e-06
-0.5 1.8 0.383395 -0.259228 0.383394 -0.259228 2.69452e-06
-0.5 1.9 0.443884 0.0526676 0.443884 0.0526665 2.52877e-06
-0.4 -2 0.427751 0.0966974 0.427751 0.096698 2.1716e-06
-0.4 -1.9 0.385195 -0.237533 0.385194 -0.237535 3.05486e-06
-0.4 -1.8 0.125527 -0.451469 0.125526 -0.451469 2.70907e-06
-0.4 -1.7 -0.208822 -0.440351 -0.208822 -0.440352 1.14412e-06
-0.4 -1.6 -0.458312 -0.223285 -0.458312 -0.223285 2.51666e-07
-0.4 -1.5 -0.529308 0.0931269 -0.529309 0.0931267 7.42636e-07
-0.4 -1.4 -0.420823 0.388169 -0.420822 0.388169 7.16519e-07
-0.4 -1.3 -0.196197 0.586553 -0.196195 0.586554 3.06096e-06
-0.4 -1.2 0.0672381 0.677243 0.0672382 0.677243 6.13152e-07
-0.4 -1.1 0.315375 0.697812 0.315376 0.697812 1.97041e-06
-0.4 -1 0.523923 0.708498 0.523923 0.708499 8.83588e-07
-0.4 1 0.523923 0.708498 0.523923 0.708499 8.8363e-07
-0.4 1.1 0.315375 0.697812 0.315376 0.697812 1.97037e-06
-0.4 1.2 0.0672381 0.677243 0.0672382 0.677243 6.13138e-07
-0.4 1.3 -0.196197 0.586553 -0.196195 0.586554 3.06094e-06
-0.4 1.4 -0.420823 0.388169 -0.420822 0.388169 7.16535e-07
-0.4 1.5 -0.529308 0.0931269 -0.529309 0.0931267 7.42626e-07
-0.4 1.6 -0.458312 -0.223285 -0.458312 -0.223285 2.51668e-07
-0.4 1.7 -0.208822 -0.440351 -0.208822 -0.440352 1.14412e-06
-0.4 1.8 0.125527 -0.451469 0.125526 -0.451469 2.70908e-06
-0.4 1.9 0.385195 -0.237533 0.385194 -0.237535 3.05486e-06
-0.3 -2 0.412909 -0.163701 0.412908 -0.163702 3.76368e-06
-0.3 -1.9 0.172833 -0.424627 0.172832 -0.424627 2.96759e-06
-0.3 -1.8 -0.182843 -0.438148 -0.182843 -0.438148 1.10508e-06
-0.3 -1.7 -0.450172 -0.202877 -0.450172 -0.202876 3.40158e-06
-0.3 -1.6 -0.494498 0.148975 -0.494499 0.148975 1.06411e-06
-0.3 -1.5 -0.310031 0.447383 -0.310029 0.447383 2.11181e-06
-0.3 -1.4 0.00720531 0.579694 0.00720565 0.579694 6.97364e-07
-0.3 -1.3 0.335331 0.529351 0.335331 0.529352 1.96425e-06
-0.3 -1.2 0.594506 0.352782 0.594507 0.352782 8.09068e-07
-0.3 -1.1 0.77311 0.129301 0.77311 0.129302 4.9808e-07
-0.3 -1 0.916038 -0.0728852 0.916039 -0.0728848 1.23385e-06
-0.3 1 0.916038 -0.0728852 0.916039 -0.0728848 1.23386e-06
-0.3 1.1 0.77311 0.129301 0.77311 0.129302 4.98093e-07
-0.3 1.2 0.594506 0.352782 0.594507 0.352782 8.09059e-07
-0.3 1.3 0.335331 0.529351 0.335331 0.529352 1.96425e-06
-0.3 1.4 0.00720531 0.579694 0.00720565 0.579694 6.97372e-07
-0.3 1.5 -0.310031 0.447383 -0.310029 0.447383 2.1118e-06
-0.3 1.6 -0.494498 0.148975 -0.494499 0.148975 1.06412e-06
-0.3 1.7 -0.450172 -0.202877 -0.450172 -0.202876 3.40156e-06
-0.3 1.8 -0.182843 -0.438148 -0.182843 -0.438148 1.1051e-06
-0.3 1.9 0.172833 -0.424627 0.172832 -0.424627 2.96757e-06
-0.2 -2 0.267619 -0.361691 0.26762 -0.361691 1.61719e-06
-0.2 -1.9 -0.0928091 -0.45517 -0.0928106 -0.45517 3.19661e-06
-0.2 -1.8 -0.409422 -0.252777 -0.409423 -0.252775 4.41383e-06
-0.2 -1.7 -0.486446 0.117647 -0.486446 0.117648 2.5969e-06
-0.2 -1.6 -0.284657 0.439229 -0.284657 0.439229 1.31358e-06
-0.2 -1.5 0.079138 0.545769 0.0791379 0.545769 5.20516e-07
-0.2 -1.4 0.426775 0.403245 0.426775 0.403245 4.45021e-07
-0.2 -1.3 0.627521 0.094532 0.62752 0.094532 7.22603e-07
-0.2 -1.2 0.651499 -0.259348 0.651498 -0.259349 1.14221e-06
-0.2 -1.1 0.554377 -0.577444 0.554376 -0.577445 1.8622e-06
-0.2 -1 0.433184 -0.85398 0.433185 -0.853981 1.24e-06
-0.2 1 0.433184 -0.85398 0.433185 -0.853981 1.24e-06
-0.2 1.1 0.554377 -0.577444 0.554376 -0.577445 1.86221e-06
-0.2 1.2 0.651499 -0.259348 0.651498 -0.259349 1.14221e-06
-0.2 1.3 0.627521 0.094532 0.62752 0.094532 7.22576e-07
-0.2 1.4 0.426775 0.403245 0.426775 0.403245 4.45031e-07
-0.2 1.5 0.079138 0.545769 0.0791379 0.545769 5.20553e-07
-0.2 1.6 -0.284657 0.439229 -0.284657 0.439229 1.31354e-06
-0.2 1.7 -0.486446 0.117647 -0.486446 0.117648 2.59686e-06
-0.2 1.8 -0.409422 -0.252777 -0.409423 -0.252775 4.41379e-06
-0.2 1.9 -0.0928091 -0.45517 -0.0928106 -0.45517 3.19657e-06
-0.1 -2 0.0581134 -0.451752 0.0581134 -0.451752 1.08403e-06
-0.1 -1.9 -0.317326 -0.347262 -0.317327 -0.34726 4.80717e-06
-0.1 -1.8 -0.487282 0.0096542 -0.487281 0.00965585 3.40092e-06
-0.1 -1.7 -0.335376 0.380215 -0.335376 0.380216 2.32083e-06
-0.1 -1.6 0.0413773 0.52857 0.041377 0.52857 7.25311e-07
-0.1 -1.5 0.417693 0.370653 0.417694 0.370652 1.81397e-06
-0.1 -1.4 0.594183 0.001304 0.594183 0.00130277 2.06973e-06
-0.1 -1.3 0.504748 -0.396298 0.504748 -0.396298 1.19374e-06
-0.1 -1.2 0.216581 -0.675264 0.216579 -0.675263 2.5256e-06
-0.1 -1.1 -0.151688 -0.798385 -0.151687 -0.798385 1.19772e-06
-0.1 -1 -0.521916 -0.839025 -0.521917 -0.839026 1.26633e-06
-0.1 1 -0.521916 -0.839025 -0.521917 -0.839026 1.26635e-06
-0.1 1.1 -0.151688 -0.798385 -0.151687 -0.798385 1.19773e-06
-0.1 1.2 0.216581 -0.675264 0.216579 -0.675263 2.52556e-06
-0.1 1.3 0.504748 -0.396298 0.504748 -0.396298 1.19369e-06
-0.1 1.4 0.594183 0.001304 0.594183 0.00130277 2.06968e-06
-0.1 1.5 0.417693 0.370653 0.417694 0.370652 1.81393e-06
-0.1 1.6 0.0413773 0.52857 0.041377 0.52857 7.25342e-07
-0.1 1.7 -0.335376 0.380215 -0.335376 0.380216 2.32078e-06
-0.1 1.8 -0.487282 0.0096542 -0.487281 0.00965585 3.40086e-06
-0.1 1.9 -0.317326 -0.347262 -0.317327 -0.34726 4.80711e-06
6.38378e-16 -2 -0.14951 -0.435612 -0.149513 -0.435612 5.69454e-06
6.38378e-16 -1.9 -0.448011 -0.160245 -0.448012 -0.160244 3.50916e-06
6.38378e-16 -1.8 -0.423265 0.252944 -0.423265 0.252944 3.83898e-07
6.38378e-16 -1.7 -0.0856696 0.505782 -0.0856691 0.505782 1.03534e-06
6.38378e-16 -1.6 0.334953 0.418965 0.334954 0.418965 3.02484e-06
6.38378e-16 -1.5 0.562829 0.0463435 0.56283 0.0463429 1.9085e-06
6.38378e-16 -1.4 0.460683 -0.384928 0.460683 -0.384928 9.49556e-07
6.38378e-16 -1.3 0.0927532 -0.640704 0.0927507 -0.640704 3.87271e-06
6.38378e-16 -1.2 -0.357289 -0.618182 -0.357289 -0.618182 1.16903e-06
6.38378e-16 -1.1 -0.730853 -0.366404 -0.730853 -0.366403 7.67571e-07
6.38378e-16 1.1 -0.730853 -0.366404 -0.730853 -0.366403 7.6753e-07
6.38378e-16 1.2 -0.357289 -0.618182 -0.357289 -0.618182 1.16898e-06
6.38378e-16 1.3 0.0927532 -0.640704 0.0927507 -0.640704 3.87266e-06
6.38378e-16 1.4 0.460683 -0.384928 0.460683 -0.384928 9.49615e-07
6.38378e-16 1.5 0.562829 0.0463435 0.56283 0.0463429 1.90844e-06
6.38378e-16 1.6 0.334953 0.418965 0.334954 0.418965 3.02479e-06
6.38378e-16 1.7 -0.0856696 0.505782 -0.0856691 0.505782 1.03528e-06
6.38378e-16 1.8 -0.423265 0.252944 -0.423265 0.252944 3.83959e-07
6.38378e-16 1.9 -0.448011 -0.160245 -0.448012 -0.160244 3.5091e-06
0.1 -2 -0.312132 -0.344838 -0.312134 -0.344838 4.26818e-06
0.1 -1.9 -0.478822 0.0419744 -0.478822 0.0419758 2.84489e-06
0.1 -1.8 -0.269615 0.418954 -0.269614 0.418954 1.18517e-06
0.1 -1.7 0.166062 0.491031 0.166064 0.491031 4.10115e-06
0.1 -1.6 0.506457 0.192802 0.506458 0.1928 4.01284e-06
0.1 -1.5 0.501615 -0.271143 0.501615 -0.271144 1.05073e-06
0.1 -1.4 0.146262 -0.587455 0.146261 -0.587455 2.05512e-06
0.1 -1.3 -0.340426 -0.555256 -0.340428 -0.555254 3.5294e-06
0.1 -1.2 -0.688122 -0.195827 -0.688123 -0.195828 1.31866e-06
0.1 -1.1 -0.750897 0.314478 -0.750898 0.31448 2.23813e-06
0.1 -1 -0.555027 0.817139 -0.555027 0.817141 1.34052e-06
0.1 1 -0.555027 0.817139 -0.555027 0.817141 1.34049e-06
0.1 1.1 -0.750897 0.314478 -0.750898 0.31448 2.23809e-06
0.1 1.2 -0.688122 -0.195827 -0.688123 -0.195828 1.31864e-06
0.1 1.3 -0.340426 -0.555256 -0.340428 -0.555254 3.52938e-06
0.1 1.4 0.146262 -0.587455 0.146261 -0.587455 2.05509e-06
0.1 1.5 0.501615 -0.271143 0.501615 -0.271144 1.05069e-06
0.1 1.6 0.506457 0.192802 0.506458 0.1928 4.0128e-06
0.1 1.7 0.166062 0.491031 0.166064 0.491031 4.1011e-06
0.1 1.8 -0.269615 0.418954 -0.269614 0.418954 1.18516e-06
0.1 1.9 -0.478822 0.0419744 -0.478822 0.0419758 2.84485e-06
0.2 -2 -0.414759 -0.219386 -0.414761 -0.219386 3.83971e-06
0.2 -1.9 -0.434807 0.214818 -0.434807 0.214817 1.86697e-06
0.2 -1.8 -0.0872103 0.495125 -0.0872102 0.495125 8.26571e-07
0.2 -1.7 0.357879 0.381443 0.357882 0.381442 4.66488e-06
0.2 -1.6 0.543994 -0.0537558 0.543995 -0.0537575 3.7571e-06
0.2 -1.5 0.311112 -0.483233 0.311111 -0.483234 2.61455e-06
0.2 -1.4 -0.184757 -0.580495 -0.184758 -0.580495 2.82477e-06
0.2 -1.3 -0.599398 -0.260022 -0.5994 -0.26002 3.92234e-06
0.2 -1.2 -0.655154 0.282846 -0.655153 0.282848 3.16677e-06
0.2 -1.1 -0.310659 0.740887 -0.310659 0.740888 1.57243e-06
0.2 -1 0.281489 0.913089 0.28149 0.913089 1.08983e-06
0.2 1 0.281489 0.913089 0.28149 0.913089 1.08983e-06
0.2 1.1 -0.310659 0.740887 -0.310659 0.740888 1.57241e-06
0.2 1.2 -0.655154 0.282846 -0.655153 0.282848 3.16677e-06
0.2 1.3 -0.599398 -0.260022 -0.5994 -0.26002 3.92233e-06
0.2 1.4 -0.184757 -0.580495 -0.184758 -0.580495 2.82476e-06
0.2 1.5 0.311112 -0.483233 0.311111 -0.483234 2.61454e-06
0.2 1.6 0.543994 -0.0537558 0.543995 -0.0537575 3.75708e-06
0.2 1.7 0.357879 0.381443 0.357882 0.381442 4.66485e-06
0.2 1.8 -0.0872103 0.495125 -0.0872102 0.495125 8.26614e-07
0.2 1.9 -0.434807 0.214818 -0.434807 0.214817 1.86698e-06
0.3 -2 -0.463642 -0.0925311 -0.463644 -0.0925303 3.96425e-06
0.3 -1.9 -0.351644 0.339394 -0.351644 0.339395 2.31061e-06
0.3 -1.8 0.0789383 0.50041 0.0789387 0.50041 1.0856e-06
0.3 -1.7 0.471915 0.234405 0.471915 0.234405 1.37557e-06
0.3 -1.6 0.487046 -0.256348 0.487047 -0.256349 2.86526e-06
0.3 -1.5 0.0868091 -0.571471 0.0868076 -0.571473 4.2541e-06
0.3 -1.4 -0.426493 -0.438169 -0.426492 -0.438169 8.07242e-07
0.3 -1.3 -0.649721 0.0695511 -0.649722 0.0695532 3.78682e-06
0.3 -1.2 -0.389553 0.592289 -0.389553 0.592291 2.59111e-06
0.3 -1.1 0.209199 0.759648 0.209199 0.759648 6.51725e-07
0.3 -1 0.803507 0.433924 0.803508 0.433922 2.71382e-06
0.3 1 0.803507 0.433924 0.803508 0.433922 2.71381e-06
0.3 1.1 0.209199 0.759648 0.209199 0.759648 6.51739e-07
0.3 1.2 -0.389553 0.592289 -0.389553 0.592291 2.59112e-06
0.3 1.3 -0.649721 0.0695511 -0.649722 0.0695532 3.78682e-06
0.3 1.4 -0.426493 -0.438169 -0.426492 -0.438169 8.07238e-07
0.3 1.5 0.0868091 -0.571471 0.0868076 -0.571473 4.2541e-06
0.3 1.6 0.487046 -0.256348 0.487047 -0.256349 2.86525e-06
0.3 1.7 0.471915 0.234405 0.471915 0.234405 1.37557e-06
0.3 1.8 0.0789383 0.50041 0.0789387 0.50041 1.08559e-06
0.3 1.9 -0.351644 0.339394 -0.351644 0.339395 2.3106e-06
0.4 -2 -0.475523 0.0149879 -0.475522 0.0149878 8.36687e-07
0.4 -1.9 -0.260931 0.416795 -0.260932 0.416797 4.60365e-06
0.4 -1.8 0.206746 0.465773 0.206746 0.465773 7.36704e-07
0.4 -1.7 0.521283 0.0945476 0.521285 0.0945475 2.95533e-06
0.4 -1.6 0.389219 -0.392724 0.389219 -0.392723 1.59189e-06
0.4 -1.5 -0.105496 -0.570212 -0.105496 -0.570213 9.14607e-07
0.4 -1.4 -0.556065 -0.255685 -0.556064 -0.255685 1.52106e-06
0.4 -1.3 -0.566433 0.32188 -0.566433 0.321881 1.89518e-06
0.4 -1.2 -0.0829514 0.697051 -0.0829537 0.697051 3.37152e-06
0.4 -1.1 0.553033 0.536149 0.553033 0.53615 2.92959e-07
0.4 -1 0.863185 -0.111186 0.863186 -0.111186 1.13189e-06
0.4 1 0.863185 -0.111186 0.863186 -0.111186 1.13188e-06
0.4 1.1 0.553033 0.536149 0.553033 0.53615 2.92968e-07
0.4 1.2 -0.0829514 0.697051 -0.0829537 0.697051 3.37155e-06
0.4 1.3 -0.566433 0.32188 -0.566433 0.321881 1.89516e-06
0.4 1.4 -0.556065 -0.255685 -0.556064 -0.255685 1.52105e-06
0.4 1.5 -0.105496 -0.570212 -0.105496 -0.570213 9.14616e-07
0.4 1.6 0.389219 -0.392724 0.389219 -0.392723 1.59189e-06
0.4 1.7 0.521283 0.0945476 0.521285 0.0945475 2.95534e-06
0.4 1.8 0.206746 0.465773 0.206746 0.465773 7.367e-07
0.4 1.9 -0.260931 0.416795 -0.260932 0.416797 4.60365e-06
0.5 -2 -0.468692 0.09391 -0.468693 0.0939111 3.14735e-06
0.5 -1.9 -0.184115 0.458307 -0.184115 0.458307 1.06548e-06
0.5 -1.8 0.29218 0.419966 0.292179 0.419965 1.98316e-06
0.5 -1.7 0.531328 -0.0135201 0.531328 -0.01352 7.3055e-07
0.5 -1.6 0.293755 -0.469852 0.293755 -0.469854 3.32593e-06
0.5 -1.5 -0.239584 -0.528449 -0.239585 -0.52845 2.66384e-06
0.5 -1.4 -0.60273 -0.0994352 -0.60273 -0.0994343 1.55273e-06
0.5 -1.3 -0.444412 0.471198 -0.444411 0.471201 4.50043e-06
0.5 -1.2 0.149663 0.676959 0.149666 0.67696 4.31963e-06
0.5 -1.1 0.696983 0.282381 0.696983 0.282381 5.84242e-07
0.5 -1 0.697003 -0.453783 0.697003 -0.453786 2.77746e-06
0.5 -0.9 0.0350745 -0.946963 0.0350703 -0.946963 4.44217e-06
0.5 0.9 0.0350745 -0.946963 0.0350703 -0.946963 4.44215e-06
0.5 1 0.697003 -0.453783 0.697003 -0.453786 2.77742e-06
0.5 1.1 0.696983 0.282381 0.696983 0.282381 5.84288e-07
0.5 1.2 0.149663 0.676959 0.149666 0.67696 4.31958e-06
0.5 1.3 -0.444412 0.471198 -0.444411 0.471201 4.50039e-06
0.5 1.4 -0.60273 -0.0994352 -0.60273 -0.0994343 1.55268e-06
0.5 1.5 -0.239584 -0.528449 -0.239585 -0.52845 2.66383e-06
0.5 1.6 0.293755 -0.469852 0.293755 -0.469854 3.32593e-06
0.5 1.7 0.531328 -0.0135201 0.531328 -0.01352 7.30541e-07
0.5 1.8 0.29218 0.419966 0.292179 0.419965 1.98315e-06
0.5 1.9 -0.184115 0.458307 -0.184115 0.458307 1.06546e-06
0.6 -2 -0.457855 0.142305 -0.457856 0.142305 2.56751e-06
0.6 -1.9 -0.132804 0.477027 -0.132804 0.477027 1.17487e-06
0.6 -1.8 0.340365 0.38326 0.340365 0.383259 1.9201e-06
0.6 -1.7 0.525833 -0.0810125 0.525833 -0.0810134 2.43574e-06
0.6 -1.6 0.226272 -0.505681 0.226271 -0.50568 2.71194e-06
0.6 -1.5 -0.315474 -0.48559 -0.315476 -0.48559 3.29025e-06
0.6 -1.4 -0.60809 0.00115536 -0.608092 0.00115661 3.34301e-06
0.6 -1.3 -0.348012 0.539788 -0.348011 0.539789 1.42793e-06
0.6 -1.2 0.280747 0.622943 0.280747 0.622943 1.10822e-06
0.6 -1.1 0.725499 0.110437 0.725498 0.110438 1.2624e-06
0.6 -1 0.528864 -0.597838 0.528863 -0.59784 2.52588e-06
0.6 -0.9 -0.241586 -0.849491 -0.241588 -0.849494 3.89922e-06
0.6 0.9 -0.241586 -0.849491 -0.241588 -0.849494 3.8992e-06
0.6 1 0.528864 -0.597838 0.528863 -0.59784 2.52586e-06
0.6 1.1 0.725499 0.110437 0.725498 0.110438 1.26244e-06
0.6 1.2 0.280747 0.622943 0.280747 0.622943 1.10822e-06
0.6 1.3 -0.348012 0.539788 -0.348011 0.539789 1.42789e-06
0.6 1.4 -0.60809 0.00115536 -0.608092 0.00115661 3.34296e-06
0.6 1.5 -0.315474 -0.48559 -0.315476 -0.48559 3.2902e-06
0.6 1.6 0.226272 -0.505681 0.226271 -0.50568 2.71193e-06
0.6 1.7 0.525833 -0.0810125 0.525833 -0.0810134 2.43572e-06
0.6 1.8 0.340365 0.38326 0.340365 0.383259 1.92007e-06
0.6 1.9 -0.132804 0.477027 -0.132804 0.477027 1.17485e-06
0.7 -2 -0.452203 0.161292 -0.452203 0.161291 2.15529e-06
0.7 -1.9 -0.111795 0.482755 -0.111794 0.482754 2.14925e-06
0.7 -1.8 0.357977 0.366819 0.357977 0.366818 1.4366e-06
0.7 -1.7 0.520499 -0.107328 0.5205 -0.107328 2.26889e-06
0.7 -1.6 0.197903 -0.515963 0.197901 -0.515962 4.18019e-06
0.7 -1.5 -0.342099 -0.464057 -0.342101 -0.464057 2.03301e-06
0.7 -1.4 -0.602477 0.040071 -0.602478 0.0400718 1.5612e-06
0.7 -1.3 -0.305567 0.55699 -0.305565 0.556991 2.11159e-06
0.7 -1.2 0.323338 0.589268 0.323339 0.589266 2.13475e-06
0.7 -1.1 0.714475 0.0455878 0.714475 0.0455863 1.99537e-06
0.7 -1 0.45091 -0.622728 0.45091 -0.62273 3.12896e-06
0.7 -0.9 -0.313418 -0.772726 -0.31342 -0.772725 2.36233e-06
0.7 -0.8 -0.902158 -0.151633 -0.902159 -0.151633 8.37282e-07
0.7 0.8 -0.902158 -0.151633 -0.902159 -0.151633 8.37294e-07
0.7 0.9 -0.313418 -0.772726 -0.31342 -0.772725 2.36233e-06
0.7 1 0.45091 -0.622728 0.45091 -0.62273 3.12894e-06
0.7 1.1 0.714475 0.0455878 0.714475 0.0455863 1.99537e-06
0.7 1.2 0.323338 0.589268 0.323339 0.589266 2.13478e-06
0.7 1.3 -0.305567 0.55699 -0.305565 0.556991 2.11159e-06
0.7 1.4 -0.602477 0.040071 -0.602478 0.0400718 1.56114e-06
0.7 1.5 -0.342099 -0.464057 -0.342101 -0.464057 2.03295e-06
0.7 1.6 0.197903 -0.515963 0.197901 -0.515962 4.18017e-06
0.7 1.7 0.520499 -0.107328 0.5205 -0.107328 2.26887e-06
0.7 1.8 0.357977 0.366819 0.357977 0.366818 1.43656e-06
0.7 1.9 -0.111795 0.482755 -0.111794 0.482754 2.14922e-06
0.8 -2 -0.455243 0.152121 -0.455244 0.152121 1.14989e-06
0.8 -1.9 -0.122009 0.479774 -0.12201 0.479775 1.13957e-06
0.8 -1.8 0.34878 0.374247 0.34878 0.374247 1.47362e-06
0.8 -1.7 0.521396 -0.0940852 0.521398 -0.0940854 3.04216e-06
0.8 -1.6 0.210778 -0.508088 0.210776 -0.508088 3.19439e-06
0.8 -1.5 -0.326053 -0.470836 -0.326054 -0.470835 3.28862e-06
0.8 -1.4 -0.597848 0.0201269 -0.59785 0.0201272 2.49167e-06
0.8 -1.3 -0.321601 0.538331 -0.321601 0.538333 2.99457e-06
0.8 -1.2 0.293045 0.591504 0.293046 0.591503 2.69781e-06
0.8 -1.1 0.693797 0.0783791 0.693795 0.0783772 3.26715e-06
0.8 -1 0.469859 -0.574878 0.469858 -0.574878 2.29469e-06
0.8 -0.9 -0.244046 -0.755671 -0.244051 -0.755671 6.12342e-06
0.8 -0.8 -0.825088 -0.221254 -0.825091 -0.221252 4.20532e-06
0.8 -0.7 -0.687186 0.616676 -0.687184 0.616676 1.93359e-06
0.8 0.7 -0.687186 0.616676 -0.687184 0.616676 1.93358e-06
0.8 0.8 -0.825088 -0.221254 -0.825091 -0.221252 4.20528e-06
0.8 0.9 -0.244046 -0.755671 -0.244051 -0.755671 6.1234e-06
0.8 1 0.469859 -0.574878 0.469858 -0.574878 2.29469e-06
0.8 1.1 0.693797 0.0783791 0.693795 0.0783772 3.26717e-06
0.8 1.2 0.293045 0.591504 0.293046 0.591503 2.69783e-06
0.8 1.3 -0.321601 0.538331 -0.321601 0.538333 2.99454e-06
0.8 1.4 -0.597848 0.0201269 -0.59785 0.0201272 2.49162e-06
0.8 1.5 -0.326053 -0.470836 -0.326054 -0.470835 3.28862e-06
0.8 1.6 0.210778 -0.508088 0.210776 -0.508088 3.19438e-06
0.8 1.7 0.521396 -0.0940852 0.521398 -0.0940854 3.04212e-06
0.8 1.8 0.34878 0.374247 0.34878 0.374247 1.47356e-06
0.8 1.9 -0.122009 0.479774 -0.12201 0.479775 1.13956e-06
0.9 -2 -0.465147 0.11502 -0.465147 0.115021 6.11435e-07
0.9 -1.9 -0.161957 0.466461 -0.161957 0.466462 1.62986e-06
0.9 -1.8 0.31223 0.402918 0.31223 0.402919 1.84888e-06
0.9 -1.7 0.525499 -0.0426497 0.525499 -0.0426494 8.04813e-07
0.9 -1.6 0.261239 -0.479994 0.261239 -0.479996 2.73243e-06
0.9 -1.5 -0.267999 -0.500538 -0.268 -0.500536 3.20016e-06
0.9 -1.4 -0.588974 -0.0537092 -0.588972 -0.0537074 3.42942e-06
0.9 -1.3 -0.386385 0.482078 -0.386384 0.482078 2.30268e-06
0.9 -1.2 0.196002 0.617022 0.196003 0.617022 1.98889e-06
0.9 -1.1 0.653468 0.190596 0.653467 0.190595 2.41668e-06
0.9 -1 0.553732 -0.457369 0.553733 -0.45737 1.69004e-06
0.9 -0.9 -0.0655256 -0.757495 -0.0655269 -0.757496 2.3575e-06
0.9 -0.8 -0.696964 -0.407258 -0.696962 -0.407256 3.35921e-06
0.9 -0.7 -0.78732 0.342225 -0.787319 0.342226 1.35691e-06
0.9 -0.6 -0.2244 0.884641 -0.224395 0.884644 6.93801e-06
0.9 -0.5 0.563073 0.786112 0.563075 0.786113 2.25916e-06
0.9 0.5 0.563073 0.786112 0.563075 0.786113 2.25914e-06
0.9 0.6 -0.2244 0.884641 -0.224395 0.884644 6.93799e-06
0.9 0.7 -0.78732 0.342225 -0.787319 0.342226 1.3569e-06
0.9 0.8 -0.696964 -0.407258 -0.696962 -0.407256 3.35921e-06
0.9 0.9 -0.0655256 -0.757495 -0.0655269 -0.757496 2.35747e-06
0.9 1 0.553732 -0.457369 0.553733 -0.45737 1.69004e-06
0.9 1.1 0.653468 0.190596 0.653467 0.190595 2.41667e-06
0.9 1.2 0.196002 0.617022 0.196003 0.617022 1.9889e-06
0.9 1.3 -0.386385 0.482078 -0.386384 0.482078 2.3027e-06
0.9 1.4 -0.588974 -0.0537092 -0.588972 -0.0537074 3.42944e-06
0.9 1.5 -0.267999 -0.500538 -0.268 -0.500536 3.20016e-06
0.9 1.6 0.261239 -0.479994 0.261239 -0.479996 2.73239e-06
0.9 1.7 0.525499 -0.0426497 0.525499 -0.0426494 8.04817e-07
0.9 1.8 0.31223 0.402918 0.31223 0.402919 1.84888e-06
0.9 1.9 -0.161957 0.466461 -0.161957 0.466462 1.62981e-06
1 -2 -0.475077 0.049738 -0.475077 0.0497384 9.89466e-07
1 -1.9 -0.22742 0.436049 -0.22742 0.436049 1.90703e-06
1 -1.8 0.244532 0.444254 0.244533 0.444254 2.38636e-06
1 -1.7 0.521841 0.044938 0.521841 0.0449374 1.38548e-06
1 -1.6 0.33978 -0.422218 0.33978 -0.422218 1.12612e-06
1 -1.5 -0.165077 -0.537065 -0.165078 -0.537065 1.95871e-06
1 -1.4 -0.557509 -0.172919 -0.557509 -0.172918 1.83117e-06
1 -1.3 -0.477845 0.375528 -0.477843 0.375529 3.24645e-06
1 -1.2 0.0353117 0.633254 0.0353123 0.633254 9.25121e-07
1 -1.1 0.561045 0.354073 0.561046 0.354071 2.52197e-06
1 -1 0.646367 -0.256792 0.646367 -0.256794 3.48585e-06
1 -0.9 0.192247 -0.704776 0.192244 -0.704777 3.6736e-06
1 -0.8 -0.458661 -0.616351 -0.458663 -0.616351 2.59265e-06
1 -0.7 -0.807034 -0.0430276 -0.807035 -0.0430255 3.06788e-06
1 -0.6 -0.600793 0.599954 -0.600792 0.599958 4.27922e-06
1 -0.5 -0.00382469 0.889091 -0.00382142 0.889091 3.68444e-06
1 -0.4 0.595927 0.708719 0.59593 0.708718 3.20858e-06
1 -0.3 0.921352 0.25943 0.921352 0.259431 1.25987e-06
1 -0.2 0.963982 -0.180154 0.963981 -0.180155 1.06676e-06
1 -0.1 0.884734 -0.455564 0.884731 -0.455563 2.82315e-06
1 0.1 0.884734 -0.455564 0.884731 -0.455563 2.82315e-06
1 0.2 0.963982 -0.180154 0.963981 -0.180155 1.06672e-06
1 0.3 0.921352 0.25943 0.921352 0.259431 1.2599e-06
1 0.4 0.595927 0.708719 0.59593 0.708718 3.20857e-06
1 0.5 -0.00382469 0.889091 -0.00382142 0.889091 3.68444e-06
1 0.6 -0.600793 0.599954 -0.600792 0.599958 4.2792e-06
1 0.7 -0.807034 -0.0430276 -0.807035 -0.0430255 3.06784e-06
1 0.8 -0.458661 -0.616351 -0.458663 -0.616351 2.5926e-06
1 0.9 0.192247 -0.704776 0.192244 -0.704777 3.67355e-06
1 1 0.646367 -0.256792 0.646367 -0.256794 3.48581e-06
1 1.1 0.561045 0.354073 0.561046 0.354071 2.52194e-06
1 1.2 0.0353117 0.633254 0.0353123 0.633254 9.25112e-07
1 1.3 -0.477845 0.375528 -0.477843 0.375529 3.24646e-06
1 1.4 -0.557509 -0.172919 -0.557509 -0.172918 1.83118e-06
1 1.5 -0.165077 -0.537065 -0.165078 -0.537065 1.95871e-06
1 1.6 0.33978 -0.422218 0.33978 -0.422218 1.12615e-06
1 1.7 0.521841 0.044938 0.521841 0.0449374 1.38544e-06
1 1.8 0.244532 0.444254 0.244533 0.444254 2.38634e-06
1 1.9 -0.22742 0.436049 -0.22742 0.436049 1.907e-06
1.1 -2 -0.473689 -0.042509 -0.473689 -0.042508 2.15712e-06
1.1 -1.9 -0.309836 0.378511 -0.309834 0.378513 4.17372e-06
1.1 -1.8 0.141738 0.483418 0.14174 0.483417 4.23933e-06
1.1 -1.7 0.493478 0.162543 0.493479 0.162541 3.84321e-06
1.1 -1.6 0.428928 -0.322504 0.428928 -0.322504 7.52791e-07
1.1 -1.5 -0.0174143 -0.554895 -0.0174141 -0.554895 1.39652e-06
1.1 -1.4 -0.47847 -0.319388 -0.47847 -0.319388 1.17247e-06
1.1 -1.3 -0.560081 0.207017 -0.560081 0.207017 6.69667e-07
1.1 -1.2 -0.174161 0.595892 -0.174161 0.595891 1.02637e-06
1.1 -1.1 0.383532 0.520429 0.383533 0.520428 1.44474e-06
1.1 -1 0.673757 0.0221206 0.673758 0.0221173 5.09707e-06
1.1 -0.9 0.465098 -0.527967 0.465098 -0.527967 7.08602e-07
1.1 -0.8 -0.0961621 -0.72832 -0.0961626 -0.72832 8.99624e-07
1.1 -0.7 -0.622658 -0.447245 -0.622658 -0.447245 4.77241e-07
1.1 -0.6 -0.790274 0.115571 -0.790275 0.115573 2.97768e-06
1.1 -0.5 -0.547676 0.623012 -0.547674 0.623015 3.67931e-06
1.1 -0.4 -0.0847863 0.853414 -0.0847841 0.853413 2.54408e-06
1.1 -0.3 0.358727 0.80509 0.35873 0.805089 3.78258e-06
1.1 -0.2 0.651973 0.619603 0.651972 0.619604 1.09097e-06
1.1 -0.1 0.792449 0.448705 0.792452 0.4487 7.12457e-06
1.1 6.38378e-16 0.830506 0.38279 0.830507 0.382785 5.15644e-06
1.1 0.1 0.792449 0.448705 0.792452 0.4487 7.12454e-06
1.1 0.2 0.651973 0.619603 0.651972 0.619604 1.09101e-06
1.1 0.3 0.358727 0.80509 0.35873 0.805089 3.78254e-06
1.1 0.4 -0.0847863 0.853414 -0.0847841 0.853413 2.54406e-06
1.1 0.5 -0.547676 0.623012 -0.547674 0.623015 3.6793e-06
1.1 0.6 -0.790274 0.115571 -0.790275 0.115573 2.97767e-06
1.1 0.7 -0.622658 -0.447245 -0.622658 -0.447245 4.77207e-07
1.1 0.8 -0.0961621 -0.72832 -0.0961626 -0.72832 8.99578e-07
1.1 0.9 0.465098 -0.527967 0.465098 -0.527967 7.0865e-07
1.1 1 0.673757 0.0221206 0.673758 0.0221173 5.09702e-06
1.1 1.1 0.383532 0.520429 0.383533 0.520428 1.44471e-06
1.1 1.2 -0.174161 0.595892 -0.174161 0.595891 1.02635e-06
1.1 1.3 -0.560081 0.207017 -0.560081 0.207017 6.69655e-07
1.1 1.4 -0.47847 -0.319388 -0.47847 -0.319388 1.17247e-06
1.1 1.5 -0.0174143 -0.554895 -0.0174141 -0.554895 1.39654e-06
1.1 1.6 0.428928 -0.322504 0.428928 -0.322504 7.52797e-07
1.1 1.7 0.493478 0.162543 0.493479 0.162541 3.8432e-06
1.1 1.8 0.141738 0.483418 0.14174 0.483417 4.23932e-06
1.1 1.9 -0.309836 0.378511 -0.309834 0.378513 4.1737e-06
1.2 -2 -0.446455 -0.156128 -0.446455 -0.156127 3.1856e-06
1.2 -1.9 -0.394346 0.283927 -0.394346 0.283929 4.21843e-06
1.2 -1.8 0.00448082 0.499787 0.00448108 0.499786 1.61906e-06
1.2 -1.7 0.421397 0.29553 0.421396 0.295529 1.5343e-06
1.2 -1.6 0.501689 -0.173013 0.501688 -0.173013 2.50758e-06
1.2 -1.5 0.163376 -0.522933 0.163376 -0.522932 1.21829e-06
1.2 -1.4 -0.330742 -0.459697 -0.330741 -0.459696 2.89906e-06
1.2 -1.3 -0.585823 -0.018778 -0.585822 -0.0187777 1.79782e-06
1.2 -1.2 -0.392077 0.463825 -0.392075 0.463825 2.08271e-06
1.2 -1.1 0.114025 0.619545 0.114027 0.619544 2.8415e-06
1.2 -1 0.56532 0.328606 0.565322 0.328603 5.59439e-06
1.2 -0.9 0.646853 -0.206317 0.646853 -0.206316 1.1836e-06
1.2 -0.8 0.313332 -0.631363 0.313331 -0.631366 4.69524e-06
1.2 -0.7 -0.214604 -0.698799 -0.214606 -0.6988 3.01164e-06
1.2 -0.6 -0.637947 -0.407066 -0.637949 -0.407066 2.90811e-06
1.2 -0.5 -0.779249 0.0545405 -0.779248 0.0545414 1.96959e-06
1.2 -0.4 -0.651187 0.470115 -0.651185 0.470117 2.65833e-06
1.2 -0.3 -0.386071 0.725301 -0.386069 0.7253 3.65466e-06
1.2 -0.2 -0.123505 0.826486 -0.123501 0.826486 4.70695e-06
1.2 -0.1 0.0529032 0.842739 0.0529049 0.842737 3.07357e-06
1.2 6.38378e-16 0.113371 0.839747 0.113372 0.839749 2.01123e-06
1.2 0.1 0.0529032 0.842739 0.0529049 0.842737 3.07355e-06
1.2 0.2 -0.123505 0.826486 -0.123501 0.826486 4.70692e-06
1.2 0.3 -0.386071 0.725301 -0.386069 0.7253 3.65462e-06
1.2 0.4 -0.651187 0.470115 -0.651185 0.470117 2.65831e-06
1.2 0.5 -0.779249 0.0545405 -0.779248 0.0545414 1.96957e-06
1.2 0.6 -0.637947 -0.407066 -0.637949 -0.407066 2.90811e-06
1.2 0.7 -0.214604 -0.698799 -0.214606 -0.6988 3.01162e-06
1.2 0.8 0.313332 -0.631363 0.313331 -0.631366 4.6952e-06
1.2 0.9 0.646853 -0.206317 0.646853 -0.206316 1.18365e-06
1.2 1 0.56532 0.328606 0.565322 0.328603 5.59434e-06
1.2 1.1 0.114025 0.619545 0.114027 0.619544 2.84146e-06
1.2 1.2 -0.392077 0.463825 -0.392075 0.463825 2.08269e-06
1.2 1.3 -0.585823 -0.018778 -0.585822 -0.0187777 1.79781e-06
1.2 1.4 -0.330742 -0.459697 -0.330741 -0.459696 2.89906e-06
1.2 1.5 0.163376 -0.522933 0.163376 -0.522932 1.21829e-06
1.2 1.6 0.501689 -0.173013 0.501688 -0.173013 2.50759e-06
1.2 1.7 0.421397 0.29553 0.421396 0.295529 1.53432e-06
1.2 1.8 0.00448082 0.499787 0.00448108 0.499786 1.61909e-06
1.2 1.9 -0.394346 0.283927 -0.394346 0.283929 4.2184e-06
1.3 -2 -0.378659 -0.278176 -0.37866 -0.278174 4.72374e-06
1.3 -1.9 -0.459073 0.147498 -0.459073 0.147499 1.75181e-06
1.3 -1.8 -0.156631 0.469899 -0.156631 0.4699 1.74057e-06
1.3 -1.7 0.29138 0.41772 0.291382 0.41772 4.47383e-06
1.3 -1.6 0.523804 0.0207082 0.523805 0.0207063 3.68138e-06
1.3 -1.5 0.347232 -0.413683 0.347231 -0.413683 2.10512e-06
1.3 -1.4 -0.111545 -0.545716 -0.111545 -0.545714 3.62343e-06
1.3 -1.3 -0.508975 -0.267413 -0.508975 -0.26741 3.63583e-06
1.3 -1.2 -0.550634 0.222624 -0.550633 0.222627 5.13641e-06
1.3 -1.1 -0.204575 0.578816 -0.204572 0.578816 4.26424e-06
1.3 -1 0.293926 0.562578 0.293927 0.562577 2.00614e-06
1.3 -0.9 0.627014 0.193573 0.627015 0.193572 2.43317e-06
1.3 -0.8 0.609864 -0.296304 0.609865 -0.296306 2.97572e-06
1.3 -0.7 0.281104 -0.640811 0.281103 -0.640813 2.82414e-06
1.3 -0.6 -0.168013 -0.700952 -0.168015 -0.700952 3.47284e-06
1.3 -0.5 -0.539387 -0.507344 -0.539388 -0.507343 2.52787e-06
1.3 -0.4 -0.733651 -0.190834 -0.73365 -0.190832 2.74125e-06
1.3 -0.3 -0.763763 0.117358 -0.763764 0.117359 2.17469e-06
1.3 -0.2 -0.704469 0.343557 -0.704469 0.343561 5.06153e-06
1.3 -0.1 -0.6346 0.471608 -0.634597 0.471612 7.30121e-06
1.3 6.38378e-16 -0.60564 0.511885 -0.605639 0.511891 6.57577e-06
1.3 0.1 -0.6346 0.471608 -0.634597 0.471612 7.30119e-06
1.3 0.2 -0.704469 0.343557 -0.704469 0.343561 5.06151e-06
1.3 0.3 -0.763763 0.117358 -0.763764 0.117359 2.1747e-06
1.3 0.4 -0.733651 -0.190834 -0.73365 -0.190832 2.74122e-06
1.3 0.5 -0.539387 -0.507344 -0.539388 -0.507343 2.52785e-06
1.3 0.6 -0.168013 -0.700952 -0.168015 -0.700952 3.47284e-06
1.3 0.7 0.281104 -0.640811 0.281103 -0.640813 2.82413e-06
1.3 0.8 0.609864 -0.296304 0.609865 -0.296306 2.97569e-06
1.3 0.9 0.627014 0.193573 0.627015 0.193572 2.43314e-06
1.3 1 0.293926 0.562578 0.293927 0.562577 2.00611e-06
1.3 1.1 -0.204575 0.578816 -0.204572 0.578816 4.26421e-06
1.3 1.2 -0.550634 0.222624 -0.550633 0.222627 5.13636e-06
1.3 1.3 -0.508975 -0.267413 -0.508975 -0.26741 3.6358e-06
1.3 1.4 -0.111545 -0.545716 -0.111545 -0.545714 3.62342e-06
1.3 1.5 0.347232 -0.413683 0.347231 -0.413683 2.10511e-06
1.3 1.6 0.523804 0.0207082 0.523805 0.0207063 3.68137e-06
1.3 1.7 0.29138 0.41772 0.291382 0.41772 4.47383e-06
1.3 1.8 -0.156631 0.469899 -0.156631 0.4699 1.74057e-06
1.3 1.9 -0.459073 0.147498 -0.459073 0.147499 1.7518e-06
1.4 -2 -0.260487 -0.386782 -0.260488 -0.386782 2.80169e-06
1.4 -1.9 -0.477385 -0.0244745 -0.477387 -0.0244737 4.13411e-06
1.4 -1.8 -0.317071 0.374097 -0.31707 0.374096 2.62336e-06
1.4 -1.7 0.103326 0.492778 0.103327 0.492778 2.87143e-06
1.4 -1.6 0.462424 0.232004 0.462425 0.232002 2.07482e-06
1.4 -1.5 0.48543 -0.217716 0.485429 -0.217717 2.24106e-06
1.4 -1.4 0.149832 -0.526576 0.14983 -0.526576 3.3706e-06
1.4 -1.3 -0.30775 -0.472318 -0.307752 -0.472317 3.72921e-06
1.4 -1.2 -0.573405 -0.0920019 -0.573406 -0.0919995 4.2218e-06
1.4 -1.1 -0.476092 0.362538 -0.476091 0.362538 2.47629e-06
1.4 -1 -0.0854572 0.610662 -0.085456 0.610662 2.41817e-06
1.4 -0.9 0.36249 0.521535 0.362492 0.521533 4.01318e-06
1.4 -0.8 0.632051 0.166836 0.632052 0.166837 2.08792e-06
1.4 -0.7 0.619293 -0.260714 0.619293 -0.260716 2.96031e-06
1.4 -0.6 0.373951 -0.579149 0.373948 -0.579151 4.51381e-06
1.4 -0.5 0.02932 -0.704916 0.0293188 -0.704916 1.78778e-06
1.4 -0.4 -0.288738 -0.659334 -0.288741 -0.659334 4.10001e-06
1.4 -0.3 -0.514253 -0.520368 -0.514255 -0.520365 4.56002e-06
1.4 -0.2 -0.642013 -0.368911 -0.642013 -0.368908 3.52423e-06
1.4 -0.1 -0.699084 -0.260226 -0.699084 -0.260224 2.62983e-06
1.4 6.38378e-16 -0.714252 -0.221492 -0.714251 -0.221488 6.23525e-06
1.4 0.1 -0.699084 -0.260226 -0.699084 -0.260224 2.62981e-06
1.4 0.2 -0.642013 -0.368911 -0.642013 -0.368908 3.5242e-06
1.4 0.3 -0.514253 -0.520368 -0.514255 -0.520365 4.55999e-06
1.4 0.4 -0.288738 -0.659334 -0.288741 -0.659334 4.1e-06
1.4 0.5 0.02932 -0.704916 0.0293188 -0.704916 1.78778e-06
1.4 0.6 0.373951 -0.579149 0.373948 -0.579151 4.5138e-06
1.4 0.7 0.619293 -0.260714 0.619293 -0.260716 2.9603e-06
1.4 0.8 0.632051 0.166836 0.632052 0.166837 2.0879e-06
1.4 0.9 0.36249 0.521535 0.362492 0.521533 4.01315e-06
1.4 1 -0.0854572 0.610662 -0.085456 0.610662 2.41817e-06
1.4 1.1 -0.476092 0.362538 -0.476091 0.362538 2.47625e-06
1.4 1.2 -0.573405 -0.0920019 -0.573406 -0.0919995 4.22175e-06
1.4 1.3 -0.30775 -0.472318 -0.307752 -0.472317 3.72917e-06
1.4 1.4 0.149832 -0.526576 0.14983 -0.526576 3.37056e-06
1.4 1.5 0.48543 -0.217716 0.485429 -0.217717 2.24104e-06
1.4 1.6 0.462424 0.232004 0.462425 0.232002 2.0748e-06
1.4 1.7 0.103326 0.492778 0.103327 0.492778 2.87143e-06
1.4 1.8 -0.317071 0.374097 -0.31707 0.374096 2.62336e-06
1.4 1.9 -0.477385 -0.0244745 -0.477387 -0.0244737 4.1341e-06
1.5 -2 -0.0936166 -0.452846 -0.0936173 -0.452845 2.0117e-06
1.5 -1.9 -0.424488 -0.209737 -0.424488 -0.209736 1.80651e-06
1.5 -1.8 -0.438997 0.206444 -0.438996 0.206445 2.49949e-06
1.5 -1.7 -0.12 0.48267 -0.119999 0.48267 2.07938e-06
1.5 -1.6 0.301121 0.411908 0.301122 0.411907 4.09331e-06
1.5 -1.5 0.522101 0.0414374 0.522101 0.0414355 3.75033e-06
1.5 -1.4 0.388309 -0.372187 0.388307 -0.372188 3.99915e-06
1.5 -1.3 -0.00944176 -0.552511 -0.00944319 -0.552511 2.73827e-06
1.5 -1.2 -0.414301 -0.388325 -0.414301 -0.388325 6.6093e-07
1.5 -1.1 -0.583393 0.0120839 -0.583392 0.0120862 4.02793e-06
1.5 -1 -0.433291 0.414296 -0.433291 0.414297 2.27385e-06
1.5 -0.9 -0.0628747 0.61233 -0.0628742 0.612332 2.29579e-06
1.5 -0.8 0.335553 0.534932 0.335554 0.534931 2.9239e-06
1.5 -0.7 0.596396 0.250638 0.596397 0.250637 2.54187e-06
1.5 -0.6 0.65338 -0.103686 0.653379 -0.10369 6.79483e-06
1.5 -0.5 0.538567 -0.406834 0.538566 -0.406835 2.03724e-06
1.5 -0.4 0.334207 -0.599884 0.334207 -0.599884 5.478e-07
1.5 -0.3 0.121136 -0.685741 0.121134 -0.685742 2.56047e-06
1.5 -0.2 -0.0486791 -0.701876 -0.0486814 -0.701874 4.43872e-06
1.5 -0.1 -0.153266 -0.691224 -0.153269 -0.691223 4.79362e-06
1.5 6.38378e-16 -0.188077 -0.684136 -0.18808 -0.684135 4.10675e-06
1.5 0.1 -0.153266 -0.691224 -0.153269 -0.691223 4.79361e-06
1.5 0.2 -0.0486791 -0.701876 -0.0486814 -0.701874 4.43868e-06
1.5 0.3 0.121136 -0.685741 0.121134 -0.685742 2.56045e-06
1.5 0.4 0.334207 -0.599884 0.334207 -0.599884 5.47756e-07
1.5 0.5 0.538567 -0.406834 0.538566 -0.406835 2.03724e-06
1.5 0.6 0.65338 -0.103686 0.653379 -0.10369 6.79483e-06
1.5 0.7 0.596396 0.250638 0.596397 0.250637 2.54187e-06
1.5 0.8 0.335553 0.534932 0.335554 0.534931 2.92389e-06
1.5 0.9 -0.0628747 0.61233 -0.0628742 0.612332 2.29576e-06
1.5 1 -0.433291 0.414296 -0.433291 0.414297 2.2738e-06
1.5 1.1 -0.583393 0.0120839 -0.583392 0.0120862 4.02789e-06
1.5 1.2 -0.414301 -0.388325 -0.414301 -0.388325 6.60892e-07
1.5 1.3 -0.00944176 -0.552511 -0.00944319 -0.552511 2.73822e-06
1.5 1.4 0.388309 -0.372187 0.388307 -0.372188 3.99911e-06
1.5 1.5 0.522101 0.0414374 0.522101 0.0414355 3.75029e-06
1.5 1.6 0.301121 0.411908 0.301122 0.411907 4.09328e-06
1.5 1.7 -0.12 0.48267 -0.119999 0.48267 2.07937e-06
1.5 1.8 -0.438997 0.206444 -0.438996 0.206445 2.49948e-06
1.5 1.9 -0.424488 -0.209737 -0.424488 -0.209736 1.80651e-06
1.6 -2 0.10284 -0.446534 0.102839 -0.446534 2.34855e-06
1.6 -1.9 -0.288045 -0.369682 -0.288046 -0.369682 2.31362e-06
1.6 -1.8 -0.479334 -0.0151951 -0.479334 -0.0151939 2.56585e-06
1.6 -1.7 -0.330313 0.363286 -0.330314 0.363287 1.95969e-06
1.6 -1.6 0.0563584 0.499771 0.0563601 0.49977 3.56725e-06
1.6 -1.5 0.418005 0.301464 0.418007 0.301463 3.09398e-06
1.6 -1.4 0.51878 -0.0997376 0.518779 -0.0997392 3.26214e-06
1.6 -1.3 0.30039 -0.450679 0.300387 -0.450681 5.01994e-06
1.6 -1.2 -0.0993871 -0.546337 -0.0993872 -0.546338 1.69001e-06
1.6 -1.1 -0.452505 -0.34537 -0.452507 -0.345367 5.04854e-06
1.6 -1 -0.582467 0.0313041 -0.582468 0.0313053 2.18544e-06
1.6 -0.9 -0.448673 0.394308 -0.448672 0.39431 4.01112e-06
1.6 -0.8 -0.137169 0.595459 -0.137168 0.595459 1.82141e-06
1.6 -0.7 0.212242 0.587081 0.212245 0.587081 4.35106e-06
1.6 -0.6 0.483943 0.413688 0.483943 0.413687 1.44723e-06
1.6 -0.5 0.627082 0.162988 0.627082 0.162987 2.20946e-06
1.6 -0.4 0.652304 -0.0841043 0.652305 -0.0841053 1.51191e-06
1.6 -0.3 0.604062 -0.279777 0.604059 -0.279778 3.9959e-06
1.6 -0.2 0.532016 -0.409962 0.532011 -0.409963 7.28044e-06
1.6 -0.1 0.47428 -0.480723 0.474279 -0.480723 2.6462e-06
1.6 6.38378e-16 0.452736 -0.502729 0.452734 -0.502729 3.35232e-06
1.6 0.1 0.47428 -0.480723 0.474279 -0.480723 2.64618e-06
1.6 0.2 0.532016 -0.409962 0.532011 -0.409963 7.28041e-06
1.6 0.3 0.604062 -0.279777 0.604059 -0.279778 3.99586e-06
1.6 0.4 0.652304 -0.0841043 0.652305 -0.0841053 1.51192e-06
1.6 0.5 0.627082 0.162988 0.627082 0.162987 2.20946e-06
1.6 0.6 0.483943 0.413688 0.483943 0.413687 1.44721e-06
1.6 0.7 0.212242 0.587081 0.212245 0.587081 4.35106e-06
1.6 0.8 -0.137169 0.595459 -0.137168 0.595459 1.82141e-06
1.6 0.9 -0.448673 0.394308 -0.448672 0.39431 4.0111e-06
1.6 1 -0.582467 0.0313041 -0.582468 0.0313053 2.18541e-06
1.6 1.1 -0.452505 -0.34537 -0.452507 -0.345367 5.0485e-06
1.6 1.2 -0.0993871 -0.546337 -0.0993872 -0.546338 1.68999e-06
1.6 1.3 0.30039 -0.450679 0.300387 -0.450681 5.01989e-06
1.6 1.4 0.51878 -0.0997376 0.518779 -0.0997392 3.26209e-06
1.6 1.5 0.418005 0.301464 0.418007 0.301463 3.09394e-06
1.6 1.6 0.0563584 0.499771 0.0563601 0.49977 3.56721e-06
1.6 1.7 -0.330313 0.363286 -0.330314 0.363287 1.95969e-06
1.6 1.8 -0.479334 -0.0151951 -0.479334 -0.0151939 2.56583e-06
1.6 1.9 -0.288045 -0.369682 -0.288046 -0.369682 2.31361e-06
1.7 -2 0.29062 -0.348509 0.290619 -0.34851 4.24121e-06
1.7 -1.9 -0.0797268 -0.456697 -0.0797279 -0.456697 2.62464e-06
1.7 -1.8 -0.405789 -0.24466 -0.40579 -0.244661 1.30642e-06
1.7 -1.7 -0.463036 0.142573 -0.463036 0.142574 1.79009e-06
1.7 -1.6 -0.214135 0.44689 -0.214134 0.44689 2.13405e-06
1.7 -1.5 0.178711 0.474444 0.178711 0.474444 8.35804e-07
1.7 -1.4 0.472811 0.213494 0.472811 0.213493 1.9557e-06
1.7 -1.3 0.500691 -0.176427 0.50069 -0.176429 4.14437e-06
1.7 -1.2 0.258432 -0.477757 0.25843 -0.477759 4.5743e-06
1.7 -1.1 -0.115753 -0.543416 -0.115756 -0.543417 4.27301e-06
1.7 -1 -0.438175 -0.361484 -0.438174 -0.361484 3.20423e-07
1.7 -0.9 -0.579342 -0.0335579 -0.579343 -0.0335559 4.09461e-06
1.7 -0.8 -0.51106 0.299292 -0.51106 0.299294 4.12628e-06
1.7 -0.7 -0.291039 0.528834 -0.291039 0.528837 4.45464e-06
1.7 -0.6 -0.0126982 0.61409 -0.0126972 0.61409 1.67857e-06
1.7 -0.5 0.243161 0.574421 0.243163 0.574422 2.8458e-06
1.7 -0.4 0.432902 0.460479 0.432904 0.460477 4.96993e-06
1.7 -0.3 0.549644 0.325363 0.549643 0.325363 6.1205e-07
1.7 -0.2 0.609034 0.208342 0.609033 0.208341 1.93902e-06
1.7 -0.1 0.633163 0.131766 0.633162 0.131763 4.37738e-06
1.7 6.38378e-16 0.639122 0.105402 0.639123 0.105398 5.69464e-06
1.7 0.1 0.633163 0.131766 0.633162 0.131763 4.37736e-06
1.7 0.2 0.609034 0.208342 0.609033 0.208341 1.93899e-06
1.7 0.3 0.549644 0.325363 0.549643 0.325363 6.12021e-07
1.7 0.4 0.432902 0.460479 0.432904 0.460477 4.96992e-06
1.7 0.5 0.243161 0.574421 0.243163 0.574422 2.84583e-06
1.7 0.6 -0.0126982 0.61409 -0.0126972 0.61409 1.67858e-06
1.7 0.7 -0.291039 0.528834 -0.291039 0.528837 4.45466e-06
1.7 0.8 -0.51106 0.299292 -0.51106 0.299294 4.12628e-06
1.7 0.9 -0.579342 -0.0335579 -0.579343 -0.0335559 4.0946e-06
1.7 1 -0.438175 -0.361484 -0.438174 -0.361484 3.20446e-07
1.7 1.1 -0.115753 -0.543416 -0.115756 -0.543417 4.27297e-06
1.7 1.2 0.258432 -0.477757 0.25843 -0.477759 4.57426e-06
1.7 1.3 0.500691 -0.176427 0.50069 -0.176429 4.14432e-06
1.7 1.4 0.472811 0.213494 0.472811 0.213493 1.95566e-06
1.7 1.5 0.178711 0.474444 0.178711 0.474444 8.3577e-07
1.7 1.6 -0.214135 0.44689 -0.214134 0.44689 2.13401e-06
1.7 1.7 -0.463036 0.142573 -0.463036 0.142574 1.79006e-06
1.7 1.8 -0.405789 -0.24466 -0.40579 -0.244661 1.30644e-06
1.7 1.9 -0.0797268 -0.456697 -0.0797279 -0.456697 2.62462e-06
1.8 -2 0.418547 -0.162964 0.418547 -0.162964 1.36771e-06
1.8 -1.9 0.158178 -0.430234 0.158178 -0.430234 1.70538e-06
1.8 -1.8 -0.216534 -0.414861 -0.216535 -0.41486 2.41588e-06
1.8 -1.7 -0.460331 -0.128337 -0.460331 -0.128335 3.51169e-06
1.8 -1.6 -0.421513 0.246147 -0.421512 0.246149 4.00512e-06
1.8 -1.5 -0.128884 0.481703 -0.128884 0.481703 2.90267e-07
1.8 -1.4 0.243019 0.447721 0.243022 0.44772 5.1152e-06
1.8 -1.3 0.490662 0.173377 0.490665 0.173374 6.32222e-06
1.8 -1.2 0.496249 -0.190291 0.496248 -0.190293 5.20624e-06
1.8 -1.1 0.274457 -0.468067 0.274457 -0.468067 2.57134e-07
1.8 -1 -0.0599882 -0.550369 -0.0599891 -0.550369 1.64348e-06
1.8 -0.9 -0.36699 -0.428843 -0.366991 -0.428843 2.26664e-06
1.8 -0.8 -0.547832 -0.174215 -0.547834 -0.174212 5.05106e-06
1.8 -0.7 -0.573294 0.115116 -0.573295 0.115117 2.76723e-06
1.8 -0.6 -0.472676 0.35951 -0.472674 0.359511 2.54742e-06
1.8 -0.5 -0.303002 0.520223 -0.303002 0.520223 1.39705e-06
1.8 -0.4 -0.119792 0.597154 -0.119791 0.597154 1.67225e-06
1.8 -0.3 0.0389422 0.6135 0.0389456 0.6135 5.44682e-06
1.8 -0.2 0.154906 0.599221 0.154907 0.599221 3.11426e-06
1.8 -0.1 0.223533 0.579892 0.223535 0.579891 3.12823e-06
1.8 6.38378e-16 0.246041 0.571646 0.246044 0.571645 4.75564e-06
1.8 0.1 0.223533 0.579892 0.223535 0.579891 3.12822e-06
1.8 0.2 0.154906 0.599221 0.154907 0.599221 3.11425e-06
1.8 0.3 0.0389422 0.6135 0.0389456 0.6135 5.44681e-06
1.8 0.4 -0.119792 0.597154 -0.119791 0.597154 1.67222e-06
1.8 0.5 -0.303002 0.520223 -0.303002 0.520223 1.39709e-06
1.8 0.6 -0.472676 0.35951 -0.472674 0.359511 2.5474e-06
1.8 0.7 -0.573294 0.115116 -0.573295 0.115117 2.76724e-06
1.8 0.8 -0.547832 -0.174215 -0.547834 -0.174212 5.05106e-06
1.8 0.9 -0.36699 -0.428843 -0.366991 -0.428843 2.26664e-06
1.8 1 -0.0599882 -0.550369 -0.0599891 -0.550369 1.64346e-06
1.8 1.1 0.274457 -0.468067 0.274457 -0.468067 2.57167e-07
1.8 1.2 0.496249 -0.190291 0.496248 -0.190293 5.2062e-06
1.8 1.3 0.490662 0.173377 0.490665 0.173374 6.32217e-06
1.8 1.4 0.243019 0.447721 0.243022 0.44772 5.11515e-06
1.8 1.5 -0.128884 0.481703 -0.128884 0.481703 2.90214e-07
1.8 1.6 -0.421513 0.246147 -0.421512 0.246149 4.00507e-06
1.8 1.7 -0.460331 -0.128337 -0.460331 -0.128335 3.51164e-06
1.8 1.8 -0.216534 -0.414861 -0.216535 -0.41486 2.41584e-06
1.8 1.9 0.158178 -0.430234 0.158178 -0.430234 1.70535e-06
1.9 -2 0.438259 0.0735199 0.438258 0.0735192 1.88058e-06
1.9 -1.9 0.357882 -0.277823 0.35788 -0.277824 4.9516e-06
1.9 -1.8 0.045826 -0.459743 0.0458251 -0.459742 2.10701e-06
1.9 -1.7 -0.301874 -0.361866 -0.301875 -0.361865 3.37807e-06
1.9 -1.6 -0.478339 -0.0477928 -0.47834 -0.0477912 3.38482e-06
1.9 -1.5 -0.388753 0.298947 -0.388753 0.298949 3.21036e-06
1.9 -1.4 -0.0912248 0.491874 -0.0912233 0.491875 3.46758e-06
1.9 -1.3 0.254643 0.442144 0.254644 0.442145 3.62871e-06
1.9 -1.2 0.484786 0.188763 0.484787 0.188762 2.5625e-06
1.9 -1.1 0.510516 -0.143154 0.510516 -0.143155 2.67202e-06
1.9 -1 0.343142 -0.416995 0.343141 -0.416996 3.77425e-06
1.9 -0.9 0.0654544 -0.545677 0.0654526 -0.545677 3.22105e-06
1.9 -0.8 -0.220671 -0.513329 -0.220673 -0.513328 3.78502e-06
1.9 -0.7 -0.438501 -0.360033 -0.438502 -0.360031 3.86424e-06
1.9 -0.6 -0.555587 -0.149246 -0.555588 -0.149245 2.84007e-06
1.9 -0.5 -0.579065 0.0616198 -0.579065 0.0616215 3.03385e-06
1.9 -0.4 -0.538687 0.236616 -0.538687 0.236617 3.15865e-06
1.9 -0.3 -0.469539 0.362555 -0.469539 0.362555 1.22158e-06
1.9 -0.2 -0.401031 0.441965 -0.401031 0.441964 1.14967e-06
1.9 -0.1 -0.352917 0.48396 -0.352914 0.48396 4.38682e-06
1.9 6.38378e-16 -0.335796 0.496878 -0.335795 0.496879 3.00726e-06
1.9 0.1 -0.352917 0.48396 -0.352914 0.48396 4.38681e-06
1.9 0.2 -0.401031 0.441965 -0.401031 0.441964 1.14964e-06
1.9 0.3 -0.469539 0.362555 -0.469539 0.362555 1.22155e-06
1.9 0.4 -0.538687 0.236616 -0.538687 0.236617 3.15866e-06
1.9 0.5 -0.579065 0.0616198 -0.579065 0.0616215 3.03385e-06
1.9 0.6 -0.555587 -0.149246 -0.555588 -0.149245 2.84009e-06
1.9 0.7 -0.438501 -0.360033 -0.438502 -0.360031 3.86423e-06
1.9 0.8 -0.220671 -0.513329 -0.220673 -0.513328 3.78501e-06
1.9 0.9 0.0654544 -0.545677 0.0654526 -0.545677 3.22105e-06
1.9 1 0.343142 -0.416995 0.343141 -0.416996 3.77424e-06
1.9 1.1 0.510516 -0.143154 0.510516 -0.143155 2.67199e-06
1.9 1.2 0.484786 0.188763 0.484787 0.188762 2.56246e-06
1.9 1.3 0.254643 0.442144 0.254644 0.442145 3.62867e-06
1.9 1.4 -0.0912248 0.491874 -0.0912233 0.491875 3.46753e-06
1.9 1.5 -0.388753 0.298947 -0.388753 0.298949 3.21031e-06
1.9 1.6 -0.478339 -0.0477928 -0.47834 -0.0477912 3.38477e-06
1.9 1.7 -0.301874 -0.361866 -0.301875 -0.361865 3.37802e-06
1.9 1.8 0.045826 -0.459743 0.0458251 -0.459742 2.10696e-06
1.9 1.9 0.357882 -0.277823 0.35788 -0.277824 4.95157e-06
