0.623035 0.917165 0.60825 1.01051
0.60825 1.01051 0.565341 1.09473
0.565341 1.09473 0.49851 1.16156
0.49851 1.16156 0.414298 1.20447
0.414298 1.20447 0.320949 1.21925
0.320949 1.21925 0.227599 1.20447
0.227599 1.20447 0.143387 1.16156
0.143387 1.16156 0.0765559 1.09473
0.0765559 1.09473 0.0336477 1.01051
0.0336477 1.01051 0.0188626 0.917165
0.0188626 0.917165 0.0336477 0.823815
0.0336477 0.823815 0.0765559 0.739603
0.0765559 0.739603 0.143387 0.672772
0.143387 0.672772 0.227599 0.629864
0.227599 0.629864 0.320949 0.615079
0.320949 0.615079 0.414298 0.629864
0.414298 0.629864 0.49851 0.672772
0.49851 0.672772 0.565341 0.739603
0.565341 0.739603 0.60825 0.823815
0.60825 0.823815 0.623035 0.917165
1.90219 2.23675 1.89298 2.33031
1.89298 2.33031 1.86569 2.42027
1.86569 2.42027 1.82138 2.50318
1.82138 2.50318 1.76174 2.57584
1.76174 2.57584 1.68907 2.63548
1.68907 2.63548 1.60616 2.6798
1.60616 2.6798 1.5162 2.70709
1.5162 2.70709 1.42265 2.7163
1.42265 2.7163 1.32909 2.70709
1.32909 2.70709 1.23913 2.6798
1.23913 2.6798 1.15623 2.63548
1.15623 2.63548 1.08356 2.57584
1.08356 2.57584 1.02392 2.50318
1.02392 2.50318 0.979606 2.42027
0.979606 2.42027 0.952318 2.33031
0.952318 2.33031 0.943103 2.23675
0.943103 2.23675 0.952318 2.1432
0.952318 2.1432 0.979606 2.05324
0.979606 2.05324 1.02392 1.97033
1.02392 1.97033 1.08356 1.89767
1.08356 1.89767 1.15623 1.83803
1.15623 1.83803 1.23913 1.79371
1.23913 1.79371 1.32909 1.76642
1.32909 1.76642 1.42265 1.75721
1.42265 1.75721 1.5162 1.76642
1.5162 1.76642 1.60616 1.79371
1.60616 1.79371 1.68907 1.83803
1.68907 1.83803 1.76174 1.89767
1.76174 1.89767 1.82138 1.97033
1.82138 1.97033 1.86569 2.05324
1.86569 2.05324 1.89298 2.1432
1.89298 2.1432 1.90219 2.23675
