1.43235 7.11903 0.503345
0.788144 1.6719 0.220467
1.63632 8.27152 0.0674016
1.62384 9.64706 0.0110556
1.54619 3.73134 0.195203
0.546642 7.01892 0.323691
0.866048 8.34331 0.128782
1.33803 1.6623 0.0171755
0.583739 4.49181 0.0934308
0.469136 3.87701 0.0520161
0.937712 0.668476 0.193876
1.21991 5.48286 0.565217
1.75792 6.50789 0.0447361
1.57196 0.0476591 0.0397326
1.17907 3.24701 0.100588
0.774096 1.1696 0.0136483
1.69991 2.28973 0.0657375
1.81459 9.4721 0.102571
1.59272 4.5395 0.128863
1.76532 8.65142 0.0214722
1.27831 2.44945 0.284027
1.10626 4.43375 0.117424
0.364141 0.629996 0.136204
0.407479 2.46814 0.0358305
0.839964 6.39149 0.0686274
0.545239 9.18565 0.0820059
0.846589 3.07072 0.254026
1.71526 1.48339 0.134816
1.37753 0.777524 0.213821
1.36318 4.49062 0.062574
