0 4.71592 24.7867
1 -2.93465 -15.3152
2 0.0105793 -0.00204485
3 2.99408 15.3037
4 -4.95701 -24.7396
5 5.09368 24.7117
6 -3.25739 -15.2498
7 0.0315747 -0.00692604
8 3.43475 15.2108
9 -5.81317 -24.5523
10 6.08424 24.4865
11 -3.95695 -15.0833
12 0.0519826 -0.0141594
13 4.24894 15.0036
14 -7.26853 -24.1612
15 7.66819 24.0372
16 -5.01872 -14.7638
17 0.0710873 -0.0252212
18 5.41799 14.6219
19 -9.28727 -23.4589
20 9.80367 23.2477
21 -6.41243 -14.2138
22 0.0877064 -0.0413917
23 6.905 13.981
24 -11.8005 -22.3001
25 12.4123 21.9653
26 -8.08281 -13.3346
27 0.100056 -0.0635636
28 8.64467 12.9772
29 -14.689 -20.5121
30 15.3612 20.0135
31 -9.93822 -12.0151
32 0.105697 -0.0919544
33 10.5316 11.4983
34 -17.7645 -17.9135
35 18.4443 17.2126
36 -11.8391 -10.1467
37 0.101623 -0.125725
38 12.4095 9.44023
39 -20.7526 -14.3442
40 21.3665 13.4123
41 -13.5894 -7.64426
42 0.0845656 -0.162544
43 14.0638 6.73113
44 -23.284 -9.70728
45 23.7378 8.53686
46 -14.9349 -4.47649
47 0.0515896 -0.198192
48 15.224 3.36334
49 -24.9024 -4.0232
50 25.0865 2.64055
51 -15.575 -0.70126
52 0.00102916 -0.226368
53 15.5801 -0.569864
54 -25.0988 2.51013
55 24.8995 -4.03148
56 -15.1928 3.49737
57 -0.0662778 -0.238928
58 14.82 -4.83869
59 -23.3804 9.4625
60 22.701 -10.9923
61 -13.5091 7.78057
62 -0.145626 -0.22681
63 12.6908 -9.05347
64 -19.3792 16.1416
65 18.169 -17.4921
66 -10.3597 11.6484
67 -0.227323 -0.181878
68 9.08305 -12.6687
69 -12.9945 21.614
70 11.2829 -22.5544
71 -5.78927 14.473
72 -0.296404 -0.0997099
73 4.12532 -15.0318
74 -4.54597 24.8045
75 2.47388 -25.0957
76 -0.141045 15.5864
77 -0.333899 0.0169919
78 -1.73275 -15.4901
79 5.10487 24.6936
80 -7.26839 -24.1451
81 5.88943 14.4306
82 -0.320311 0.155231
83 -7.68629 -13.5586
84 14.5278 20.6077
85 -16.3994 -19.1513
86 11.2785 10.7561
87 -0.2415 0.29023
88 -12.6326 -9.12705
89 21.8608 12.559
90 -23.0013 -10.3219
91 14.8175 4.82789
92 -0.096207 0.387428
93 -15.356 -2.65434
94 25.1623 1.53864
95 -25.1843 1.11192
96 15.3918 -2.43409
97 0.0968904 0.409528
98 -14.8472 4.73064
99 22.9704 -10.3801
100 -21.682 12.8551
101 12.3688 -9.47681
102 0.296117 0.328793
103 -10.7073 11.3196
104 14.9658 -20.2801
105 -12.511 21.8794
106 5.99481 -14.3813
107 0.441779 0.142328
108 -3.51757 15.1779
109 2.51567 -25.0758
110 0.55144 25.1951
111 -2.36307 -15.3992
112 0.471949 -0.115216
113 5.00816 14.7519
114 -11.2078 -22.5692
115 13.985 20.9613
116 -10.3262 -11.664
117 0.347805 -0.369564
118 12.2742 9.59181
119 -21.8179 -12.6023
120 23.2959 9.59746
121 -15.0978 -3.83286
122 0.0809767 -0.52295
123 15.5499 0.902543
124 -25.0966 2.20058
125 24.5515 -5.64602
126 -14.498 5.69195
127 -0.250968 -0.490399
128 13.0906 -8.43827
129 -18.8727 16.6837
130 16.2798 -19.2213
131 -8.12358 13.2872
132 -0.516606 -0.246966
133 5.22964 -14.6687
134 -4.63837 24.7557
135 0.893597 -25.1699
136 1.93227 15.4518
137 -0.578529 0.136149
138 -5.17107 -14.6878
139 12.1104 22.0799
140 -15.3797 -19.9402
141 11.414 10.5907
142 -0.366612 0.495123
143 -13.4647 -7.81806
144 23.592 8.79888
145 -24.6963 -4.90545
146 15.5642 0.379104
147 0.0574589 0.635241
148 -15.2408 3.17563
149 23.3759 -9.34812
150 -21.5028 13.0924
151 11.6564 -10.318
152 0.492512 0.438764
153 -8.89966 12.7713
154 10.4404 -22.9046
155 -6.36374 24.3534
156 1.11996 -15.5249
157 0.68053 -0.0343209
158 2.68619 15.3309
159 -8.87331 -23.5518
160 12.8962 21.6119
161 -10.3499 -11.6232
162 0.462065 -0.530079
163 12.9319 8.6579
164 -23.2051 -9.73362
165 24.5897 5.34075
166 -15.5588 -0.286671
167 -0.0809156 -0.720489
168 15.1043 -3.74046
169 -22.7472 10.7504
170 20.323 -14.8303
171 -10.4801 11.5006
172 -0.614371 -0.424666
173 7.04564 -13.8718
174 -6.59509 24.2753
175 1.77825 -25.0914
176 2.11838 15.4124
177 -0.739883 0.208533
178 -6.25094 -14.2453
179 14.6981 20.4089
180 -18.4616 -17.0788
181 13.3958 7.90672
182 -0.301406 0.730871
183 -15.0768 -3.8243
184 25.1333 0.800145
185 -24.7657 4.35189
186 14.366 -5.95914
187 0.417174 0.697191
188 -12.035 9.84999
189 15.4613 -19.825
190 -10.9567 22.6271
191 3.48044 -15.1562
192 0.831987 0.0631596
193 1.16276 15.5061
194 -7.50922 -23.9885
195 12.4983 21.8078
196 -10.6167 -11.3594
197 0.52858 -0.673697
198 13.5634 7.59951
199 -24.1787 -6.85359
200 25.0943 1.34442
201 -15.2845 2.83907
202 -0.29414 -0.827538
203 13.6417 -7.45302
204 -18.5461 16.9518
205 14.2269 -20.709
206 -5.45778 14.5537
207 -0.882821 -0.176168
208 0.535956 -15.5331
209 5.28541 24.5584
210 -10.8351 -22.6627
211 9.9538 11.9349
212 -0.601052 0.699444
213 -13.301 -8.03551
214 24.0594 7.20531
215 -25.081 -1.28834
216 15.2166 -3.14538
217 0.344593 0.879105
218 -13.2945 8.04108
219 17.4498 -18.0553
220 -12.5416 21.7518
221 4.02174 -15.006
222 0.962512 0.0850646
223 1.33768 15.4767
224 -8.62464 -23.5757
225 14.2094 20.6938
226 -11.8611 -10.0292
227 0.4947 -0.855599
228 14.6118 5.26576
229 -25.0265 -1.89021
230 24.6853 -4.52521
231 -13.9534 6.81795
232 -0.60029 -0.81275
233 10.6114 -11.3376
234 -11.493 22.3048
235 5.31403 -24.5213
236 1.02128 15.4935
237 -1.00003 0.256904
238 -6.5815 -14.0619
239 16.547 18.8541
240 -20.949 -13.7971
241 14.8439 4.54512
242 -0.113164 1.04855
243 -15.4697 1.28339
244 23.3694 -9.10125
245 -20.0372 15.08
246 9.19823 -12.5019
247 0.973901 0.459334
248 -3.78602 15.0509
249 -1.20861 -25.0434
250 8.07009 23.7369
251 -9.08067 -12.5837
252 0.74757 -0.805523
253 13.2296 8.10816
254 -24.2921 -6.17997
255 25.0482 -0.904676
256 -14.629 5.16717
257 -0.57753 -0.960982
258 11.4205 -10.4994
259 -12.4645 21.7391
260 5.70425 -24.3998
261 1.23722 15.4621
262 -1.09714 0.321975
263 -7.32303 -13.6725
264 18.051 17.3713
265 -22.3397 -11.3345
266 15.3248 2.3779
267 0.064869 1.16386
268 -14.9615 4.07567
269 20.8815 -13.8277
270 -15.8144 19.4185
271 5.4878 -14.5011
272 1.17494 0.175354
273 1.02465 15.4694
274 -9.54634 -23.1462
275 16.1167 19.1588
276 -13.2664 -8.01824
277 0.387594 -1.14652
278 15.41 1.6659
279 -24.4077 5.54675
280 21.5004 -12.8125
281 -9.97796 11.8583
282 -1.09456 -0.566814
283 3.91614 -14.9932
284 2.04387 24.9388
285 -9.77819 -23.0311
286 10.4646 11.4261
287 -0.712329 1.03324
288 -14.4032 -5.70646
289 25.0003 0.846238
290 -23.9566 7.1927
291 12.445 -9.22347
292 0.974325 0.826087
293 -7.05389 13.7892
294 3.07619 -24.8167
295 5.16308 24.4662
296 -8.22946 -13.119
297 0.911149 -0.927017
298 13.263 7.99214
299 -24.5642 -4.63914
300 24.7145 -3.74658
301 -13.5209 7.54295
302 -0.898128 -0.970479
303 8.55639 -12.9015
304 -5.54594 24.367
305 -2.9699 -24.8114
306 7.19861 13.7028
307 -1.00605 0.89238
308 -12.7504 -8.77282
309 24.2969 5.80884
310 -24.8176 2.84333
311 13.6913 -7.21193
312 0.912608 1.0182
313 -8.65248 12.8274
314 5.43195 -24.3751
315 3.3686 24.743
316 -7.58259 -13.4847
317 1.00528 -0.959794
318 13.1233 8.18884
319 -24.5718 -4.40848
320 24.546 -4.54015
321 -13.0541 8.29421
322 -1.03284 -0.963523
323 7.35898 -13.6012
324 -2.72463 24.8059
325 -6.33968 -24.1346
326 9.31058 12.3443
327 -0.887169 1.12806
328 -14.1934 -6.12856
329 24.9432 0.370318
330 -23.3688 8.72403
331 11.28 -10.5686
332 1.23844 0.769049
333 -4.46099 14.7978
334 -2.64295 -24.7961
335 11.6072 22.0683
336 -11.9689 -9.77441
337 0.601626 -1.35275
338 15.2741 2.33152
339 -24.1288 6.25745
340 20.0272 -14.8382
341 -7.74454 13.3669
342 -1.45475 -0.378727
343 -0.253496 -15.4443
344 10.3393 22.6708
345 -18.1774 -17.0397
346 14.5656 5.1332
347 -0.098034 1.52287
348 -15.0995 3.23282
349 20.1456 -14.6468
350 -12.9417 21.2788
351 1.93833 -15.3168
352 1.5308 -0.235704
353 6.4645 14.0181
354 -18.8046 -16.3173
355 23.6852 7.66675
356 -15.3343 1.75221
357 -0.607048 -1.44973
358 11.9996 -9.70335
359 -11.0599 22.2942
360 1.31649 -24.8499
361 5.7257 14.3274
362 -1.25274 0.986581
363 -12.5902 -8.91506
364 24.4764 4.44236
365 -24.1963 5.76752
366 12.0568 -9.61945
367 1.32919 0.921758
368 -4.77258 14.6648
369 -3.18099 -24.6613
370 12.9487 21.2255
371 -12.9204 -8.41461
372 0.456644 -1.57566
373 15.4152 -0.212122
374 -22.2378 11.101
375 15.6717 -19.2884
376 -3.51738 15.0069
377 -1.65954 0.114867
378 -5.56006 -14.3735
379 18.2435 16.8634
380 -23.6218 -7.6877
381 15.2492 -2.20806
382 0.729486 1.52065
383 -11.2572 10.5176
384 8.68737 -23.263
385 1.98606 24.7504
386 -7.98344 -13.1723
387 1.12509 -1.2873
388 14.1245 6.13791
389 -24.7783 1.44826
390 21.7578 -11.9394
391 -8.6651 12.7275
392 -1.66248 -0.488685
393 -0.409458 -15.3894
394 11.9225 21.7562
395 -20.1901 -14.4126
396 15.2358 2.18396
397 0.303396 1.7296
398 -13.576 7.24699
399 13.9881 -20.4748
400 -3.55251 24.5387
401 -5.13417 -14.5039
402 1.40511 -1.09149
403 12.787 8.55208
404 -24.656 -2.52235
405 23.1963 -8.72307
406 -10.1491 11.5558
407 -1.66284 -0.695719
408 1.09368 -15.3384
409 10.1643 22.591
410 -19.2559 -15.5805
411 15.116 2.804
412 0.264209 1.80662
413 -13.6731 7.02311
414 13.8957 -20.4926
415 -3.01403 24.5729
416 -5.71853 -14.2641
417 1.39737 -1.21117
418 13.31 7.67663
419 -24.7434 -0.402152
420 22.1315 -11.0665
421 -8.63962 12.7017
422 -1.80958 -0.481833
423 -1.18927 -15.3128
424 13.7793 20.5398
425 -21.7761 -11.7228
426 15.3513 -0.344916
427 0.674657 1.77201
428 -11.685 9.95785
429 8.36347 -23.2625
430 3.62192 24.4508
431 -9.52991 -12.0317
432 1.01209 -1.63113
433 15.0116 3.18571
434 -23.4733 7.70869
435 16.9317 -17.989
436 -3.43451 14.9527
437 -1.92824 0.240442
438 -7.00901 -13.6443
439 20.8778 13.1852
440 -24.6474 -1.44979
441 13.6225 -7.04279
442 1.45302 1.32552
443 -5.75522 14.2114
444 -3.80355 -24.3838
445 15.2357 19.4107
446 -14.3305 -5.44066
447 0.0088905 -1.99044
448 14.3723 -5.32089
449 -15.3185 19.3306
450 3.76271 -24.3728
451 5.90849 14.1364
452 -1.46194 1.38552
453 -13.8009 -6.64791
454 24.5171 -2.55414
455 -19.959 14.4604
456 5.79598 -14.1753
457 2.0375 0.0431286
458 5.19941 14.4016
459 -19.3855 -15.2013
460 24.4059 3.32924
461 -13.9345 6.3356
462 -1.47618 -1.43939
463 5.97149 -14.0911
464 4.04701 24.2848
465 -15.8741 -18.8147
466 14.6119 4.53619
467 0.155445 2.07986
468 -13.7681 6.66549
469 12.8038 -21.0104
470 -0.130712 24.6009
471 -8.25623 -12.872
472 1.22667 -1.7163
473 14.8512 3.6333
474 -23.1862 8.18548
475 15.5188 -19.0686
476 -1.53818 15.2071
477 -2.04843 0.596779
478 -9.47086 -11.9927
479 23.3533 7.64447
480 -23.8753 5.79924
481 10.3402 -11.2455
482 2.02323 0.749628
483 0.526538 15.2645
484 -14.412 -19.8824
485 22.7779 9.16651
486 -14.9233 3.23023
487 -1.24303 -1.79301
488 8.24966 -12.8445
489 0.700801 24.5299
490 -13.7715 -20.3074
491 14.215 5.55209
492 0.055254 2.20522
493 -13.912 6.26475
494 12.6382 -21.0156
495 0.792291 24.5069
496 -9.12862 -12.2192
497 1.12233 -1.92714
498 15.1303 1.89975
499 -21.6437 11.4929
500 11.8007 -21.4736
501 1.72828 15.1459
502 -1.95661 1.11985
503 -12.1871 -9.15161
504 24.4812 0.593201
505 -20.7141 13.0552
506 5.72872 -14.1175
507 2.27804 -0.0573123
508 6.43889 13.8042
509 -21.3847 -11.8956
510 24.3779 -2.08731
511 -11.4956 9.98538
512 -2.08329 -0.982081
513 0.37728 -15.2186
514 13.9838 20.0594
515 -22.8603 -8.66911
516 14.6494 -4.12075
517 1.48832 1.78964
518 -6.7119 13.6537
519 -4.46042 -24.0235
520 17.3478 17.2017
521 -15.0652 -2.08606
522 -0.66448 -2.25637
523 11.5207 -9.92317
524 -5.14635 23.8668
525 -9.5109 -22.4826
526 13.1899 7.55356
527 -0.217454 2.3668
528 -14.3386 5.03176
529 13.3487 -20.4203
530 0.979518 24.3727
531 -9.75824 -11.6413
532 1.02331 -2.17249
533 15.186 0.100188
534 -19.3364 14.8436
535 6.97823 -23.3525
536 5.54711 14.1309
537 -1.67013 1.75981
538 -14.4008 -4.79053
539 22.9039 -8.28682
540 -13.5756 20.218
541 -1.21452 -15.1222
542 2.12438 -1.22237
543 12.4659 8.6391
544 -24.2784 1.68516
545 18.4806 -15.8287
546 -2.7745 14.9048
547 -2.39101 0.642436
548 -9.87585 -11.4976
549 23.9288 4.32351
550 -21.7102 10.9427
551 6.15522 -13.844
552 2.49941 -0.0818083
553 7.05405 13.4037
554 -22.4068 -9.39129
555 23.5029 -6.13731
556 -8.83042 12.2985
557 -2.49059 -0.419982
558 -4.31721 -14.5073
559 20.2378 13.4036
560 -24.2031 1.79553
561 10.8213 -10.574
562 2.40758 0.842766
563 1.87326 15.009
564 -17.8618 -16.405
565 24.1757 1.86851
566 -12.2182 8.90496
567 -2.28944 -1.1807
568 0.16103 -15.1137
569 15.6139 18.5284
570 -23.7523 -4.76555
571 13.1399 -7.45606
572 2.16834 1.4368
573 -1.73451 15.0036
574 -13.7286 -19.9381
575 23.2031 6.88461
576 -13.704 6.33348
577 -2.0688 -1.61814
578 2.83588 -14.8234
579 12.3576 20.789
580 -22.728 -8.25245
581 14.0074 -5.59994
582 2.00807 1.732
583 -3.47209 14.6755
584 -11.5897 -21.2
585 22.456 8.90276
586 -14.1155 5.28827
587 -1.99697 -1.7832
588 3.65265 -14.6195
589 11.4677 21.2391
590 -22.4487 -8.85603
591 14.0562 -5.41097
592 2.04048 1.77239
593 -3.38041 14.6725
594 -11.9984 -20.9158
595 22.703 8.10984
596 -13.8172 5.96428
597 -2.13775 -1.69526
598 2.64887 -14.8096
599 13.1534 20.1798
600 -23.1498 -6.63922
601 13.347 -6.9262
602 2.28143 1.54262
603 -1.44602 14.9624
604 -14.8615 -18.925
605 23.6505 4.40733
606 -12.5578 8.24841
607 -2.45618 -1.30162
608 -0.234973 -15.0175
609 16.9924 17.0011
610 -23.9917 -1.38742
611 11.334 -9.84304
612 2.63683 0.958319
613 2.37788 14.8167
614 -19.3349 -14.2364
615 23.8848 -2.40315
616 -9.54862 11.566
617 -2.7866 -0.502053
618 -4.91877 -14.1632
619 21.5751 10.4758
620 -22.9769 6.85765
621 7.08966 -13.2016
622 2.85663 -0.0682003
623 7.71683 12.8388
624 -23.284 -5.63681
625 20.8833 -11.7276
626 -3.90082 14.4539
627 -2.78811 0.735546
628 -10.526 -10.6382
629 23.9277 -0.215091
630 -17.2513 16.5741
631 0.0341231 -14.9569
632 2.51908 -1.45612
633 12.9776 7.42467
634 -22.9181 6.78094
635 11.8625 -20.7418
636 4.29135 14.3131
637 -1.99739 2.15169
638 -14.5887 -3.20617
639 19.7193 -13.4529
640 -4.76996 23.3836
641 -8.64066 -12.173
642 1.20062 -2.70795
643 14.8157 -1.77854
644 -14.0184 19.2847
645 -3.55289 -23.5691
646 12.3508 8.3577
647 -0.160703 2.98424
648 -13.1674 6.98829
649 5.94474 -23.0572
650 12.0998 20.5006
651 -14.59 -3.01121
652 -1.01268 -2.83988
653 9.38199 -11.5643
654 3.71298 23.4886
655 -19.3339 -13.8348
656 14.5205 -3.2595
657 2.12142 2.17966
658 -3.64117 14.4231
659 -13.3889 -19.6147
660 23.394 4.05178
661 -11.575 9.32803
662 -2.89623 -1.01289
663 -3.24595 -14.5006
664 20.8537 11.2957
665 -22.5695 7.26472
666 5.80492 -13.6677
667 3.05571 -0.491396
668 9.79975 11.1479
669 -23.6817 0.295037
670 16.0171 -17.4369
671 1.81637 14.7209
672 -2.40985 1.98449
673 -14.0957 -4.59557
674 20.1002 -12.4619
675 -4.532 23.2046
676 -9.32635 -11.5115
677 0.986464 -2.99017
678 14.3366 -3.70899
679 -10.0464 21.372
680 -9.00041 -21.8255
681 14.1466 4.34152
682 0.873238 3.05326
683 -9.70055 11.1655
684 -4.01358 -23.2363
685 19.9533 12.5522
686 -13.9894 4.76852
687 -2.52858 -1.96569
688 1.16193 -14.7269
689 17.1466 16.1348
690 -23.4397 2.13771
691 8.10927 -12.3344
692 3.22988 -0.0163299
693 8.23668 12.2409
694 -23.4402 -1.7788
695 16.7397 -16.4935
696 1.67274 14.6472
697 -2.4795 2.11216
698 -14.1902 -3.96996
699 18.8495 -13.9835
700 -1.6636 23.4032
701 -11.0014 -9.78456
702 0.425232 -3.25687
703 13.1343 -6.63605
704 -4.27669 23.038
705 -14.836 -18.1262
706 14.6924 -0.563504
707 1.97973 2.65511
708 -4.72259 13.916
709 -13.2209 -19.2977
710 23.2836 2.16531
711 -9.81189 10.923
712 -3.31373 -0.413682
713 -6.829 -12.9892
714 23.088 3.50024
715 -17.3176 15.6531
716 -1.52698 -14.5823
717 2.53728 -2.21343
718 14.2342 3.48188
719 -17.7544 15.1051
720 -0.6439 -23.2931
721 12.1294 8.19902
722 0.0813418 3.39377
723 -11.7112 8.77219
724 -0.594486 -23.2607
725 18.6059 13.9581
726 -13.9049 4.51192
727 -2.75892 -2.02533
728 0.130364 -14.6095
729 18.9349 13.4487
730 -22.2317 6.68839
731 4.48677 -13.8893
732 3.2787 -1.0748
733 11.8361 8.52625
734 -21.8018 7.87518
735 6.98215 -22.0944
736 9.0359 11.4333
737 -0.918648 3.35481
738 -13.5891 5.23892
739 5.11913 -22.5616
740 14.9561 17.6382
741 -14.4509 1.6875
742 -2.40665 -2.55
743 2.51076 -14.3215
744 16.8029 15.8345
745 -22.7095 4.111
746 5.64314 -13.3836
747 3.42737 -0.863393
748 11.3076 9.10114
749 -21.8716 7.24523
750 6.97318 -21.9494
751 9.27508 11.1449
752 -0.795877 3.4726
753 -13.1912 5.99587
754 3.15207 -22.7741
755 16.7132 15.7732
756 -14.0081 3.64139
757 -2.83808 -2.19996
758 0.026749 -14.4638
759 19.4748 12.1248
760 -21.0875 9.00602
761 2.11885 -14.2908
762 3.14878 -1.78439
763 13.3419 5.51517
764 -18.4539 13.5408
765 -0.719181 -22.8666
766 12.5838 7.04078
767 0.57534 3.60198
768 -9.75233 10.6074
769 -6.54953 -21.8761
770 21.7921 6.78619
771 -10.6595 9.66889
772 -3.62929 -0.5849
773 -7.08272 -12.5156
774 22.779 0.27544
775 -12.781 18.8436
776 -6.27369 -12.9196
777 1.57325 -3.35401
778 13.9331 -3.43923
779 -6.18311 21.8669
780 -14.9815 -17.0707
781 14.026 -2.94715
782 2.90839 2.34062
783 0.126433 14.3205
784 -19.9008 -10.8496
785 19.8173 -10.9762
786 0.0322596 14.3013
787 -2.89118 2.40689
788 -14.0482 -2.61646
789 14.257 -17.5439
790 7.35797 21.3621
791 -14.0824 -2.30278
792 -1.93557 -3.25921
793 4.70745 -13.4579
794 15.2989 16.5594
795 -22.0896 4.44201
796 4.00946 -13.6602
797 3.48967 -1.55237
798 12.8218 6.15864
799 -17.972 13.5063
800 -2.38696 -22.3408
801 13.2539 5.10303
802 1.29293 3.62446
803 -7.02084 12.3311
804 -12.3725 -18.692
805 22.3667 -1.25736
806 -5.61749 13.0058
807 -3.69378 1.17771
808 -12.1004 -7.34286
809 18.8509 -12.0037
810 1.07318 22.3081
811 -12.9842 -5.57544
812 -1.2176 -3.71118
813 7.14663 -12.1746
814 12.4301 18.4884
815 -22.1876 1.83852
816 4.97313 -13.1862
817 3.67083 -1.41654
818 12.5315 6.41699
819 -17.5445 13.6128
820 -3.54599 -21.9058
821 13.5356 3.78065
822 1.77008 3.54629
823 -5.10583 13.078
824 -15.4297 -15.8662
825 21.242 -6.15504
826 -1.95831 13.8756
827 -3.29144 2.25945
828 -13.6386 -3.15241
829 13.2342 -17.6423
830 9.54386 19.8641
831 -13.9616 0.50849
832 -2.84148 -2.84524
833 0.522922 -13.9457
834 19.8524 9.42113
835 -17.3643 13.4388
836 -3.55427 -13.4659
837 2.14361 -3.43604
838 13.641 -2.72819
839 -4.28965 21.467
840 -17.3348 -13.3401
841 12.0093 -6.96219
842 3.91545 1.14181
843 6.37923 12.3103
844 -21.7077 2.06039
845 7.542 -20.4397
846 10.2924 9.24374
847 0.150667 4.10435
848 -9.5736 9.9626
849 -9.11497 -19.7102
850 21.6963 0.0921964
851 -4.99913 12.8461
852 -3.80227 1.62658
853 -12.7273 -5.2479
854 14.7664 -15.7954
855 8.26368 19.9596
856 -13.7234 0.511513
857 -3.04328 -2.84191
858 -0.42816 -13.7078
859 20.4484 6.72496
860 -14.3919 15.9791
861 -6.4874 -12.0428
862 1.18761 -4.02029
863 11.9729 -6.57564
864 3.52271 21.1333
865 -20.7945 -5.0672
866 7.35714 -11.4651
867 4.11251 -0.94614
868 11.6104 7.08713
869 -16.3363 13.6984
870 -6.39652 -20.3132
871 13.5621 0.192838
872 3.01655 2.9904
873 0.309443 13.539
874 -20.325 -6.06043
875 13.1696 -16.5945
876 7.54671 11.1954
877 -0.70747 4.21598
878 -10.7713 8.10421
879 -7.13312 -19.8514
880 21.0626 0.509533
881 -4.20537 12.7613
882 -3.77389 2.06492
883 -12.9919 -3.33591
884 10.7576 -18.0041
885 13.093 16.3503
886 -12.3434 5.1319
887 -4.06587 -1.48444
888 -6.11898 -11.858
889 20.4214 -4.18697
890 -2.95365 20.6076
891 -12.1917 -5.30355
892 -1.79247 -3.9683
893 4.07714 -12.6282
894 17.4035 11.2307
895 -16.2653 12.7761
896 -5.28609 -12.1158
897 1.3643 -4.16178
898 11.4129 -6.61666
899 5.65176 19.7801
900 -20.5235 -0.833573
901 3.64539 -12.6218
902 3.70878 -2.37545
903 12.9608 1.97012
904 -7.64939 18.9362
905 -15.7319 -12.971
906 10.3512 -7.94972
907 4.42092 0.250707
908 9.35871 9.05457
909 -16.915 11.1607
910 -5.81012 -19.3776
911 12.919 -1.02954
912 3.61339 2.59848
913 3.11814 12.5468
914 -20.0818 0.797519
915 4.73323 -19.4936
916 11.6642 5.42005
917 1.91159 4.043
918 -3.2164 12.4187
919 -18.0039 -8.52243
920 12.8905 -15.1329
921 8.06008 9.88813
922 -0.00527481 4.49209
923 -8.07169 9.83245
924 -12.8658 -14.9558
925 17.6223 -8.77239
926 3.69394 12.0923
927 -1.66982 4.18977
928 -10.9738 6.2031
929 -6.8349 -18.2879
930 19.3259 -2.4195
931 -0.305321 12.5182
932 -2.88279 3.48954
933 -12.1995 2.63436
934 -1.40039 -19.2518
935 19.0512 2.77294
936 -3.38077 11.9192
937 -3.64587 2.70496
938 -12.3424 -0.242475
939 2.70373 -18.8707
940 17.9018 6.39035
941 -5.40247 10.9884
942 -4.06049 2.05297
943 -11.9995 -2.18134
944 5.27527 -18.0476
945 16.7299 8.44866
946 -6.45231 10.2191
947 -4.2435 1.65898
948 -11.613 -3.15001
949 6.35821 -17.3911
950 16.0506 9.09816
951 -6.64393 9.88406
952 -4.27285 1.58572
953 -11.4173 -3.17707
954 6.02133 -17.1761
955 16.0498 8.42394
956 -6.01238 10.0519
957 -4.1569 1.85653
958 -11.4259 -2.26241
959 4.24809 -17.3355
960 16.585 6.36392
961 -4.47973 10.5815
962 -3.8188 2.45434
963 -11.4114 -0.371175
964 0.961798 -17.4239
965 17.1327 2.76232
966 -1.91099 11.073
967 -3.09935 3.28391
968 -10.877 2.46583
969 -3.77574 -16.5702
970 16.7124 -2.39316
971 1.69951 10.8085
972 -1.80509 4.09676
973 -9.08573 5.91971
974 -9.35284 -13.5497
975 13.9471 -8.49651
976 5.87302 8.81305
977 0.14531 4.41486
978 -5.3099 9.02957
979 -14.065 -7.26827
980 7.6056 -13.7006
981 9.21087 4.29599
982 2.43443 3.57728
983 0.477831 10.0107
984 -14.9233 1.99952
985 -1.97969 -14.72
986 9.35516 -2.26339
987 4.02803 1.15179
988 6.49273 6.86066
989 -8.98677 10.827
990 -10.9213 -8.44026
991 4.40089 -7.75645
992 3.35868 -2.12531
993 8.67227 -0.39384
994 2.59665 12.4969
995 -11.9165 3.41521
996 -3.56657 -7.10303
997 -0.0256267 -3.62933
998 3.64031 -6.70009
999 10.4998 3.18162
1000 -1.82572 10.2977
1001 -6.5767 0.404595
1002 -2.88209 -1.0672
1003 -4.05451 -4.63295
1004 4.85026 -7.03294
1005 7.12546 3.35371
1006 -0.724197 4.7375
1007 -1.11346 1.96348
1008 -3.65628 2.24417
1009 -4.17489 -3.80331
1010 2.55597 -4.24597
1011 2.79794 0.615079
1012 1.15437 0.676185
1013 1.19391 2.11909
1014 -2.09598 2.18469
1015 -2.14632 -1.32947
1016 0.292194 -1.35425
1017 0.297846 -0.561078
1018 0.968636 -0.56439
1019 0.973626 0.910993
1020 -0.54879 0.914482
1021 -0.550361 -0.107478
1022 -0.228355 -0.107806
1023 -0.228532 -0.371942
1024 0.335639 -0.372188
1025 0.335798 0.193776
1026 -0.0339291 0.193842
1027 -0.033942 0.0803659
1028 -0.124689 0.0803724
1029 -0.124697 -0.108737
1030 0.0605239 -0.108742
1031 0.0605259 0.00947005
1032 0.0250595 0.00947041
1033 0.0250597 0.0372104
1034 -0.0315079 0.0372107
1035 -0.0315081 -0.0170302
1036 0.00239683 -0.0170302
1037 0.00239684 -0.00706337
1038 0.0100379 -0.00706338
1039 0.0100379 0.00821468
1040 -0.00433116 0.00821468
1041 -0.00433116 -0.000597847
1042 -0.00178864 -0.000597847
1043 -0.00178864 -0.00251143
1044 0.00196864 -0.00251143
1045 0.00196864 0.000959565
1046 -0.000122853 0.000959565
1047 -0.000122853 0.000366568
1048 -0.000561553 0.000366568
1049 -0.000561553 -0.000480307
1050 0.000207784 -0.000480307
1051 0.000207784 -2.43496e-05
1052 8.06071e-05 -2.43496e-05
1053 8.06071e-05 6.8226e-05
1054 -9.52657e-05 6.8226e-05
1055 -9.52657e-05 -8.90357e-05
1056 -3.51041e-06 -8.90357e-05
1057 -3.51041e-06 -6.38364e-05
1058 1.45537e-05 -6.38364e-05
1059 1.45537e-05 -3.00356e-05
1060 -1.52195e-05 -3.00356e-05
1061 -1.52195e-05 -4.71503e-05
1062 -1.05879e-05 -4.71503e-05
1063 -1.05879e-05 -5.04223e-05
1064 -4.55348e-06 -5.04223e-05
1065 -4.55348e-06 -4.51826e-05
1066 -7.52296e-06 -4.51826e-05
1067 -7.52296e-06 -4.59749e-05
1068 -8.07495e-06 -4.59749e-05
1069 -8.07495e-06 -4.69789e-05
1070 -7.21505e-06 -4.69789e-05
1071 -7.21505e-06 -4.64982e-05
1072 -7.3416e-06 -4.64982e-05
1073 -7.3416e-06 -4.64112e-05
1074 -7.49773e-06 -4.64112e-05
1075 -7.49773e-06 -4.65432e-05
1076 -7.42492e-06 -4.65432e-05
1077 -7.42492e-06 -4.65243e-05
1078 -7.41208e-06 -4.65243e-05
1079 -7.41208e-06 -4.65015e-05
1080 -7.43106e-06 -4.65015e-05
1081 -7.43106e-06 -4.65119e-05
1082 -7.42841e-06 -4.65119e-05
1083 -7.42841e-06 -4.65136e-05
1084 -7.4253e-06 -4.65136e-05
1085 -7.4253e-06 -4.65111e-05
1086 -7.42668e-06 -4.65111e-05
1087 -7.42668e-06 -4.65114e-05
1088 -7.42691e-06 -4.65114e-05
1089 -7.42691e-06 -4.65118e-05
1090 -7.42658e-06 -4.65118e-05
1091 -7.42658e-06 -4.65116e-05
1092 -7.42663e-06 -4.65116e-05
1093 -7.42663e-06 -4.65116e-05
1094 -7.42667e-06 -4.65116e-05
1095 -7.42667e-06 -4.65117e-05
1096 -7.42665e-06 -4.65117e-05
1097 -7.42665e-06 -4.65117e-05
1098 -7.42665e-06 -4.65117e-05
1099 -7.42665e-06 -4.65116e-05
1100 -7.42666e-06 -4.65116e-05
