0 0.557397 -2.46239
1 0.825079 -3.99569
2 0.731901 0.0475292
3 1.63495 3.93575
4 0.811227 2.68779
5 -3.26456 0.329976
6 -4.66426 0.402164
7 -2.10936 -1.96774
8 -2.12033 -5.20841
9 -1.20094 -4.58059
10 1.45463 -6.11192
11 1.2852 -6.82799
12 2.58904 -6.93326
13 2.573 -7.68841
14 2.71555 -7.68902
15 2.7154 -7.88907
16 2.69132 -7.88907
17 2.69132 -7.91151
18 2.68394 -7.91151
19 2.68394 -7.91237
20 2.68315 -7.91237
21 2.68315 -7.9123
22 2.6831 -7.9123
23 2.6831 -7.91229
24 2.6831 -7.91229
25 2.6831 -7.91229
