0 -7.72453 1.99861
1 -12.4922 3.25764
2 -0.0620588 -0.225132
3 12.2756 -4.01708
4 7.61742 -2.40492
5 -7.20336 3.48382
6 -11.675 5.55209
7 -0.348509 -0.610172
8 10.4798 -7.60189
9 6.5874 -4.5907
10 -5.02059 6.30102
11 -8.23274 10.0228
12 -1.00369 -0.617138
13 4.83504 -12.0699
14 3.21691 -7.43752
15 0.21163 8.14256
16 0.0405154 13.0389
17 -1.63123 0.3326
18 -5.49717 -11.8741
19 -3.18569 -7.56933
20 6.85699 4.62295
21 10.6627 7.67115
22 -0.770565 2.02586
23 -13.1661 -0.898895
24 -8.30754 -0.925574
25 6.89503 -4.85599
26 11.1221 -7.22506
27 2.10741 1.67534
28 -4.10309 12.6951
29 -3.03047 7.99175
30 -4.20171 -7.5502
31 -6.0081 -12.0062
32 2.14069 -2.44035
33 12.9363 3.94653
34 8.24262 3.03093
35 -7.00618 5.48492
36 -11.1339 7.86172
37 -3.36036 -1.85518
38 0.194613 -13.752
39 0.689651 -9.04593
40 8.15893 4.28098
41 11.928 7.10484
42 -0.0874878 4.47971
43 -12.0485 7.20252
44 -8.39681 4.28664
45 -2.03034 -9.38399
46 -2.19988 -14.0276
47 3.82781 -3.50207
48 14.0999 2.87803
49 9.50134 2.65028
50 -3.75055 9.35343
51 -6.23082 13.1961
52 -5.84638 1.2703
53 -11.7581 -9.04456
54 -7.75768 -6.93165
55 6.76668 -8.24811
56 10.2607 -11.0659
57 6.89445 0.14229
58 10.5684 11.2007
59 6.97547 8.60708
60 -7.29734 8.7772
61 -10.761 11.4742
62 -7.96562 0.384903
63 -12.6888 -9.96621
64 -8.80538 -8.06708
65 4.68783 -11.4557
66 7.13907 -14.9576
67 8.43351 -3.90866
68 16.7934 3.32621
69 12.6011 3.49835
70 3.29444 13.2601
71 3.37996 17.3979
72 -4.46296 10.0364
73 -15.1205 10.6448
74 -12.5507 7.5209
75 -14.514 -5.31109
76 -17.8753 -7.43571
77 -8.04211 -10.5528
78 -4.27607 -20.0496
79 -2.34112 -16.7064
80 9.92479 -15.1319
81 12.5371 -17.8616
82 14.3695 -8.26165
83 23.2079 -4.39071
84 20.1557 -2.41539
85 20.2609 9.17879
86 23.2908 10.9846
87 15.3494 15.3868
88 15.3403 24.3025
89 12.3908 22.7386
90 3.77577 28.8653
91 4.33224 32.0058
92 -3.55798 30.0395
93 -8.26942 36.3731
94 -9.82145 33.9047
95 -18.6882 35.8696
96 -18.9484 38.5423
97 -25.1429 36.0498
98 -28.8792 41.1
99 -30.3363 39.4113
100 -36.0573 42.7141
101 -35.3962 44.4228
102 -39.4695 45.454
103 -38.9081 48.985
104 -40.0271 49.091
105 -39.8734 51.9746
106 -39.191 51.9553
107 -39.1725 53.2737
108 -38.2323 53.2675
109 -38.2315 53.5157
110 -37.6921 53.515
