0 4.71592 24.7867
1 12.3665 64.8886
2 15.3117 80.2017
3 12.3282 64.896
4 4.37713 24.8528
5 -5.67356 -24.5985
6 -14.0246 -64.56
7 -17.3136 -79.8029
8 -13.9104 -64.5852
9 -4.66249 -24.8221
10 7.23491 24.2167
11 17.2761 63.7864
12 21.285 78.8555
13 17.0881 63.8378
14 5.57061 24.6731
15 -9.36611 -23.5253
16 -22.053 -62.3264
17 -27.1428 -77.065
18 -21.7959 -62.4178
19 -7.09066 -24.3371
20 12.0003 22.3695
21 28.2164 59.831
22 34.7165 74.0034
23 27.8992 59.981
24 9.19374 23.6999
25 -15.019 -20.5655
26 -35.5141 -55.8654
27 -43.6969 -69.1363
28 -35.1523 -56.0956
29 -11.8186 -22.6063
30 18.2315 17.9192
31 43.5309 49.9479
32 53.5748 61.871
33 43.1489 50.2808
34 14.8527 20.869
35 -21.3561 -14.2571
36 -51.6395 -41.6164
37 -63.5802 -51.6373
38 -51.2723 -42.0714
39 -18.1102 -18.287
40 24.0089 9.46955
41 58.9647 30.5262
42 72.6386 38.0079
43 58.6594 31.1142
44 21.3116 14.6758
45 -25.7102 -3.56833
46 -64.383 -16.5817
47 -79.3694 -20.86
48 -64.197 -17.2985
49 -24.0706 -9.91192
50 25.9183 -3.24817
51 66.5798 0.0936476
52 82.1558 0.568539
53 66.5767 0.912034
54 25.8978 3.99203
55 -24.1005 10.5336
56 -64.1928 18.0625
57 -79.3194 21.7988
58 -64.4331 17.199
59 -26.2328 2.89783
60 19.8486 -17.557
61 56.0586 -36.3298
62 69.4221 -44.3372
63 56.5856 -35.5105
64 24.5156 -10.3155
65 -13.0326 23.3182
66 -41.5613 52.4588
67 -51.6936 64.2891
68 -42.3833 51.8022
69 -20.3057 17.5195
70 3.97167 -26.6488
71 21.0438 -63.6762
72 26.5367 -78.2489
73 22.115 -63.3168
74 13.4437 -23.4805
75 6.42385 26.4197
76 3.80892 67.1018
77 4.00177 82.6712
78 2.60292 67.1642
79 -4.23469 26.9805
80 -16.608 -21.8583
81 -29.7658 -60.434
82 -35.9755 -74.7094
83 -28.6095 -60.9955
84 -6.39548 -26.8292
85 24.5317 12.9298
86 52.2096 42.8371
87 63.7296 53.3029
88 51.3386 43.8857
89 16.8452 22.1996
90 -28.0169 -0.681343
91 -65.8357 -15.8311
92 -80.7494 -20.2716
93 -65.4896 -17.2298
94 -24.9713 -13.0368
95 25.3753 -12.6101
96 65.9514 -16.1561
97 81.2463 -18.9998
98 66.3023 -14.6786
99 28.4847 0.432125
100 -16.1678 23.6673
101 -50.2185 45.9992
102 -62.2912 55.8048
103 -51.2878 44.814
104 -25.6146 13.2143
105 1.86221 -28.9453
106 20.368 -65.206
107 25.9211 -79.7296
108 21.9617 -64.694
109 15.9285 -24.4403
110 13.9642 25.8307
111 16.8788 66.425
112 19.7138 81.709
113 15.1776 66.8418
114 -1.03844 29.5207
115 -26.2313 -14.0098
116 -50.5425 -46.6351
117 -61.2164 -57.9295
118 -49.29 -47.9681
119 -15.1979 -25.774
120 29.9158 -3.57425
121 68.3095 9.85607
122 83.4882 13.166
123 68.0193 11.7405
124 27.3727 13.0385
125 -22.2754 20.8851
126 -61.3249 32.2231
127 -75.5719 38.4054
128 -62.2303 30.4576
129 -30.267 5.33558
130 4.88552 -30.5694
131 29.289 -63.0779
132 36.8959 -76.6121
133 31.1497 -62.1903
134 21.2817 -22.7659
135 15.7497 27.1597
136 16.7884 67.7815
137 19.2992 83.0971
138 14.7066 68.2732
139 -2.5748 31.5055
140 -30.0649 -10.5147
141 -56.8587 -41.0456
142 -68.6393 -51.1411
143 -55.5412 -42.8279
144 -18.4845 -26.211
145 29.8037 -12.5067
146 70.0642 -7.22212
147 85.571 -7.47826
148 70.2728 -4.93787
149 31.6562 7.58588
150 -13.2225 30.0264
151 -46.3816 53.4369
152 -57.5455 64.1938
153 -48.1534 51.8612
154 -28.8133 16.1853
155 -12.0092 -31.0728
156 -4.52548 -70.9511
157 -4.08605 -86.4417
158 -2.08039 -71.0765
159 9.47911 -32.1937
160 31.2486 12.97
161 54.4946 46.2051
162 65.3065 57.2982
163 52.8367 48.1102
164 16.6998 29.7187
165 -31.095 14.6443
166 -71.2435 9.01692
167 -86.7213 9.45074
168 -71.5361 6.43077
169 -33.6846 -8.06009
170 9.38557 -33.6408
171 40.1887 -59.9716
172 50.0543 -71.8968
173 42.3943 -58.4497
174 28.7536 -20.3027
175 20.3803 29.064
176 20.7204 69.5679
177 23.5787 84.7717
178 18.0676 70.3179
179 -2.88143 35.6638
180 -36.0411 -1.82391
181 -67.8984 -26.8094
182 -81.5956 -33.9852
183 -66.8202 -29.4301
184 -26.6102 -24.8056
185 23.2888 -28.3574
186 62.4205 -38.6684
187 76.3694 -45.3247
188 63.9172 -36.1719
189 36.4209 -6.4969
190 10.003 35.9553
191 -4.43417 73.7386
192 -7.08263 88.9579
193 -7.4134 73.5149
194 -16.0854 34.0203
195 -36.0929 -11.7759
196 -59.2079 -44.9431
197 -70.3532 -55.6288
198 -57.3183 -47.3556
199 -19.5763 -32.9025
200 29.6967 -24.7045
201 70.0754 -26.1991
202 85.0658 -29.8657
203 71.13 -23.2403
204 38.9422 1.16451
205 6.16924 38.8252
206 -13.5155 74.0879
207 -18.0904 88.8178
208 -16.6716 73.4609
209 -21.4211 33.3694
210 -37.5416 -13.8516
211 -58.3306 -48.4492
212 -68.8854 -59.6846
213 -56.1855 -50.9497
214 -18.8251 -35.7088
215 30.3154 -27.2152
216 70.613 -29.0722
217 85.485 -33.0967
218 71.8459 -25.9347
219 41.1016 0.161617
220 11.1101 39.9687
221 -5.45328 76.7265
222 -8.51251 91.8176
223 -8.88769 76.4259
224 -18.85 37.3735
225 -41.684 -6.89608
226 -67.7545 -37.6191
227 -80.1102 -46.7927
228 -65.9932 -40.6713
229 -26.3549 -33.5153
230 23.357 -36.1503
231 61.9957 -47.4935
232 75.3488 -55.1242
233 64.1371 -44.5993
234 42.0327 -10.9568
235 25.2257 35.8693
236 20.9329 75.8841
237 22.9542 91.1207
238 17.3728 76.802
239 -5.75575 43.886
240 -43.2518 11.2347
241 -79.0446 -7.10748
242 -94.0017 -10.604
243 -78.6451 -10.8389
244 -39.806 -21.2235
245 3.60059 -45.4048
246 32.8361 -72.9868
247 41.0604 -85.948
248 36.3005 -71.3564
249 33.723 -31.2621
250 43.0017 17.5183
251 60.1525 53.8389
252 69.9807 65.6171
253 57.4987 56.7034
254 19.9769 42.4153
255 -29.3634 37.14
256 -69.0407 43.2118
257 -83.0922 49.34
258 -71.0942 39.8015
259 -47.2091 7.56295
260 -29.0403 -38.5759
261 -24.5733 -78.4378
262 -26.9076 -93.5779
263 -20.6817 -79.5835
264 4.69235 -48.5397
265 45.0831 -19.8339
266 82.7477 -6.12152
267 98.0076 -4.90748
268 82.9812 -1.99566
269 47.1381 15.9077
270 10.4422 49.154
271 -10.86 83.0736
272 -15.1729 97.7501
273 -15.0226 82.456
274 -25.5936 43.8405
275 -51.2566 1.53552
276 -80.6396 -25.6415
277 -94.2936 -32.5132
278 -79.2712 -29.7008
279 -39.4535 -33.5816
280 6.45459 -51.9409
281 37.933 -76.6117
282 46.8164 -89.0368
283 41.8057 -74.6105
284 39.9334 -34.6785
285 51.7555 13.2913
286 71.9983 47.7486
287 83.1753 58.1415
288 69.4844 51.4018
289 30.0809 44.8491
290 -18.876 51.1956
291 -55.2775 67.6117
292 -66.7482 77.6613
293 -58.7199 64.6982
294 -48.5899 26.0923
295 -50.6768 -23.1906
296 -64.0693 -60.7758
297 -73.2099 -72.9677
298 -60.8581 -64.0486
299 -23.0309 -51.4173
300 26.2478 -50.5247
301 64.4832 -61.8143
302 77.106 -70.3277
303 67.6515 -58.3967
304 53.5492 -21.1283
305 50.9731 28.0501
306 61.1416 66.5643
307 69.3463 79.3747
308 57.6019 69.7095
309 20.5546 55.1279
310 -28.5599 52.1624
311 -67.0688 62.2176
312 -79.8474 70.4478
313 -70.2823 58.6385
314 -56.1979 21.436
315 -54.1346 -27.682
316 -65.0857 -65.9098
317 -73.6736 -78.4347
318 -61.5556 -69.2861
319 -23.8604 -56.6888
320 25.2574 -56.8205
321 62.8575 -69.6548
322 74.8788 -78.9126
323 66.487 -66.2749
324 56.4034 -27.8678
325 60.0184 21.0727
326 75.6687 57.5516
327 85.8664 68.7679
328 72.5602 61.5113
329 33.4236 55.0124
330 -14.8883 63.3661
331 -49.5371 82.6587
332 -59.5787 93.9963
333 -53.8793 79.9676
334 -52.0612 40.3737
335 -66.3114 -6.49068
336 -89.8876 -38.3334
337 -102.458 -46.7551
338 -87.7857 -43.0708
339 -48.3828 -46.9967
340 -4.22681 -68.0924
341 23.5449 -96.2975
342 29.8347 -110.043
343 28.6334 -94.9776
344 39.2262 -56.8624
345 67.7429 -17.1518
346 100.486 5.0211
347 115.15 8.63143
348 100.148 10.3414
349 64.9032 28.221
350 31.8159 64.1466
351 16.9359 100.742
352 16.5284 115.823
353 11.5947 101.569
354 -13.6744 71.2339
355 -56.1642 47.2498
356 -95.1837 41.3353
357 -109.911 44.5372
358 -97.3042 36.2836
359 -74.2446 4.28606
360 -61.8682 -42.8581
361 -66.2774 -82.0353
362 -73.2559 -95.3761
363 -61.9184 -85.4745
364 -24.8518 -72.1171
365 23.821 -73.4422
366 60.0741 -88.8292
367 70.8017 -99.3704
368 64.7 -85.6273
369 63.1084 -46.3013
370 79.2381 -0.414538
371 105.107 29.2255
372 118.484 36.0645
373 103.526 34.701
374 65.8726 46.0141
375 27.9631 76.4035
376 8.77394 110.699
377 6.91611 125.591
378 3.0156 111.102
379 -20.7879 79.8656
380 -62.6532 55.3144
381 -101.524 49.8348
382 -116.044 53.5635
383 -104.057 44.5666
384 -84.1127 10.786
385 -77.4114 -37.2273
386 -87.3809 -75.15
387 -96.4894 -87.0351
388 -83.4901 -79.6099
389 -44.5873 -74.9202
390 1.94881 -88.3079
391 32.3717 -112.975
392 39.3743 -126.191
393 38.1213 -111.29
394 50.4532 -74.1447
395 82.5659 -37.9759
396 117.992 -21.3794
397 132.924 -20.925
398 119.045 -15.4076
399 91.4808 12.3142
400 73.9402 57.3277
401 75.5219 96.3702
402 82.0612 109.783
403 70.6793 100.139
404 33.2362 89.0646
405 -14.616 95.2653
406 -47.9614 115.544
407 -56.4476 127.796
408 -53.6911 113.153
409 -62.7617 75.2236
410 -92.1819 37.0521
411 -126.554 18.6676
412 -141.406 17.6702
413 -127.468 12.4537
414 -99.8995 -15.062
415 -82.9898 -60.1276
416 -85.6943 -98.9647
417 -92.8102 -112.018
418 -80.8976 -103.13
419 -42.8441 -95.0511
420 4.03089 -105.715
421 34.802 -129.484
422 41.6321 -142.667
423 41.0118 -127.836
424 55.9803 -91.9837
425 91.5357 -59.7211
426 128.663 -48.3432
427 143.34 -50.4602
428 130.98 -42.2743
429 110.931 -9.054
430 106.19 38.6592
431 119.342 75.1417
432 129.884 85.5423
433 115.884 80.7255
434 77.3993 85.2485
435 36.9943 110.946
436 16.6282 143.888
437 15.1219 158.6
438 10.0411 144.715
439 -17.8457 117.886
440 -63.371 103.251
441 -101.641 108.844
442 -113.81 117.212
443 -106.602 104.326
444 -104.65 65.7309
445 -123.69 21.9364
446 -153.256 -2.91498
447 -167.595 -6.3652
448 -153.232 -9.69565
449 -123.541 -34.3472
450 -104.46 -78.0506
451 -106.605 -116.56
452 -113.976 -129.311
453 -101.637 -121.277
454 -63.3189 -117.184
455 -18.8428 -134.198
456 6.91219 -162.834
457 10.6707 -177.052
458 13.8326 -162.694
459 38.4175 -133.091
460 82.209 -114.56
461 120.549 -117.567
462 133.008 -125.342
463 125.56 -112.69
464 123.636 -74.314
465 143.557 -31.2144
466 174.043 -7.86346
467 188.499 -5.40713
468 174.576 -0.821494
469 148.004 26.8544
470 135.069 72.4657
471 143.195 109.939
472 152.678 121.094
473 139.053 115.745
474 101.016 120.297
475 62.3107 147.551
476 45.2537 181.827
477 45.764 196.437
478 38.3416 183.848
479 5.51736 164.21
480 -41.7113 162.365
481 -75.9267 179.41
482 -84.2437 191.405
483 -82.747 176.89
484 -97.6856 141.743
485 -134.876 112.694
486 -172.577 106.758
487 -186.257 111.781
488 -176.764 100.73
489 -169.215 63.3553
490 -183.688 18.5181
491 -211.674 -7.34133
492 -225.834 -10.6882
493 -211.867 -14.7477
494 -185.317 -42.0281
495 -173.471 -87.5505
496 -183.392 -124.277
497 -193.643 -134.569
498 -179.635 -130.742
499 -142.861 -140.335
500 -109.416 -173.301
501 -99.3439 -209.921
502 -103.029 -223.947
503 -92.7983 -213.675
504 -56.1299 -203.931
505 -10.9346 -216.393
506 15.5082 -243.565
507 18.9588 -257.626
508 23.1197 -243.764
509 50.9433 -218.064
510 96.7059 -208.256
511 132.579 -220.329
512 141.992 -231.296
513 139.531 -217.06
514 153.138 -181.782
515 189.982 -153.053
516 227.492 -148.505
517 240.653 -154.415
518 232.452 -142.551
519 230.201 -104.874
520 252.009 -63.6485
521 284.422 -44.3608
522 298.823 -44.5311
523 286.638 -36.8643
524 269.97 -3.07432
525 274.335 43.2751
526 297.036 73.3112
527 310.443 78.498
528 296.322 81.1629
529 268.635 106.615
530 256.266 151.408
531 267.003 187.422
532 277.785 196.891
533 263.622 194.618
534 229.1 209.362
535 202.785 247.558
536 201.354 285.041
537 208.571 297.412
538 195.841 290.862
539 158.536 294.358
540 122.056 322.863
541 109.695 358.203
542 113.034 372.103
543 102.693 362.241
544 65.9484 355.288
545 23.1895 372.801
546 1.93447 403.535
547 1.55099 417.797
548 -5.93384 405.657
549 -39.7384 389.836
550 -85.3774 396.455
551 -113.243 421.242
552 -116.899 435.004
553 -121.453 421.519
554 -150.914 398.724
555 -196.824 395.47
556 -229.157 413.906
557 -235.497 426.624
558 -237.324 412.537
559 -261.879 384.626
560 -306.32 373.018
561 -341.344 385.387
562 -349.758 396.804
563 -349.223 382.638
564 -368.959 351.224
565 -410.996 332.95
566 -447.39 339.987
567 -457.319 350.072
568 -454.868 336.139
569 -470.321 302.497
570 -509.687 279.203
571 -546.58 281.894
572 -557.551 290.787
573 -553.648 277.22
574 -565.642 242.278
575 -602.574 215.455
576 -639.481 214.904
577 -651.116 222.856
578 -646.212 209.651
579 -655.733 174.038
580 -690.819 144.997
581 -727.554 142.344
582 -739.554 149.676
583 -734.074 136.733
584 -742.191 100.857
585 -776.237 70.7546
586 -812.808 67.1402
587 -824.927 74.2116
588 -819.277 61.3753
589 -827.092 25.5168
590 -861.009 -4.57829
591 -897.514 -8.02335
592 -909.529 -0.839986
593 -904.109 -13.7401
594 -912.727 -49.3284
595 -947.428 -78.354
596 -983.948 -80.4996
597 -995.628 -72.8401
598 -990.841 -85.9544
599 -1001.35 -120.944
600 -1037.65 -147.763
601 -1074.15 -147.476
602 -1085.21 -139.007
603 -1081.48 -152.427
604 -1094.9 -186.314
605 -1133.41 -209.646
606 -1169.62 -205.805
607 -1179.72 -196.255
608 -1177.5 -209.971
609 -1194.73 -241.99
610 -1235.71 -260.378
611 -1271.04 -251.923
612 -1279.73 -241.121
613 -1279.48 -254.98
614 -1301.19 -284.033
615 -1344.41 -295.866
616 -1377.84 -281.897
617 -1384.6 -269.829
618 -1386.74 -283.49
619 -1413.23 -308.129
620 -1457.78 -311.747
621 -1487.85 -291.688
622 -1492.08 -278.555
623 -1496.94 -291.462
624 -1527.94 -309.937
625 -1572.11 -303.846
626 -1596.89 -277.665
627 -1598.01 -263.946
628 -1605.74 -275.32
629 -1640.2 -285.743
630 -1681.38 -268.954
631 -1698.66 -237.423
632 -1696.18 -223.922
633 -1706.64 -232.803
634 -1742.53 -233.447
635 -1777.31 -205.924
636 -1784.88 -170.869
637 -1778.59 -158.708
638 -1791.19 -164.065
639 -1825.49 -153.819
640 -1849.98 -116.982
641 -1846.11 -81.4256
642 -1836.27 -71.9605
643 -1849.89 -72.89
644 -1878.72 -51.8267
645 -1889.19 -8.97286
646 -1873.28 22.954
647 -1860.77 28.3274
648 -1873.78 32.3315
649 -1892.89 62.3769
650 -1886.73 105.935
651 -1860.04 129.446
652 -1846.47 129.618
653 -1856.86 138.342
654 -1862.53 173.395
655 -1839.48 210.719
656 -1805.63 221.294
657 -1793.23 215.855
658 -1798.99 228.098
659 -1789.25 262.136
660 -1752.46 285.803
661 -1717.49 280.526
662 -1708.81 270.185
663 -1708.46 283.673
664 -1684.37 309.469
665 -1640.94 313.5
666 -1612.57 292.568
667 -1609.82 279.391
668 -1603.07 291.031
669 -1569.59 301.884
670 -1529.89 284.152
671 -1515.69 251.994
672 -1519.92 239.258
673 -1508.23 245.838
674 -1474.04 237.971
675 -1449.41 202.305
676 -1454.2 167.589
677 -1464.51 159.067
678 -1451.16 158.349
679 -1426.78 133.268
680 -1425.73 90.0702
681 -1448.88 63.9032
682 -1462.15 62.6149
683 -1451.58 54.5027
684 -1445.89 20.1009
685 -1469.86 -15.6876
686 -1503.8 -23.4713
687 -1515.26 -16.7371
688 -1511.57 -29.4983
689 -1527.56 -60.36
690 -1568.14 -74.3571
691 -1599.69 -59.885
692 -1604.57 -47.567
693 -1609.58 -59.8243
694 -1641.26 -73.844
695 -1681.44 -59.1293
696 -1696.5 -27.9886
697 -1692.35 -15.4536
698 -1704.06 -21.5357
699 -1737.1 -11.5222
700 -1757.61 25.8646
701 -1748.28 59.0524
702 -1736.85 65.5801
703 -1749.56 68.9592
704 -1766.97 98.6332
705 -1756.41 139.797
706 -1726.88 157.36
707 -1714.17 154.141
708 -1720.87 165.402
709 -1712.37 198.616
710 -1675.87 220.079
711 -1642.77 211.321
712 -1636.28 199.985
713 -1632.76 212.56
714 -1602.84 229.049
715 -1562.44 216.897
716 -1546.65 186.661
717 -1550.71 174.292
718 -1539.01 179.988
719 -1507.03 168.364
720 -1489.91 129.966
721 -1502.69 98.474
722 -1514.74 93.6688
723 -1502.94 88.2904
724 -1491.83 56.2575
725 -1511.03 19.0387
726 -1543.54 9.59255
727 -1554.68 16.1298
728 -1551.79 3.54558
729 -1570.6 -24.5127
730 -1611.77 -31.273
731 -1638.48 -10.6953
732 -1639.69 2.11922
733 -1648.25 -7.48183
734 -1681.89 -8.1329
735 -1710.67 21.8366
736 -1708.62 55.3643
737 -1698.66 63.4429
738 -1711.33 65.327
739 -1730.04 93.1275
740 -1720.21 133.327
741 -1690.8 149.278
742 -1678.75 145.04
743 -1683.67 156.812
744 -1669.38 186.968
745 -1629.87 198.692
746 -1601.51 181.197
747 -1599.3 168.677
748 -1591.42 178.641
749 -1558.24 180.497
750 -1529.39 151.303
751 -1531.7 118.208
752 -1541.77 110.536
753 -1529.37 108.013
754 -1513.03 79.243
755 -1526.59 40.6957
756 -1557.31 28.5639
757 -1568.48 34.4052
758 -1565.62 22.1414
759 -1585.06 -4.44707
760 -1625.63 -7.5658
761 -1648.83 15.731
762 -1647.8 28.2374
763 -1658 20.9378
764 -1689.79 28.9634
765 -1707.53 65.3708
766 -1694.22 95.2783
767 -1682.21 98.7171
768 -1692.54 105.723
769 -1695.75 138.206
770 -1667.4 166.868
771 -1634.95 163.986
772 -1627.92 153.732
773 -1624.47 165.663
774 -1594.61 178.454
775 -1559.05 159.885
776 -1552.54 128.122
777 -1560.39 118.557
778 -1548.03 118.471
779 -1527.91 93.1653
780 -1536.71 54.2277
781 -1565.72 40.1042
782 -1576.83 45.392
783 -1574.05 33.4121
784 -1594.08 8.24199
785 -1633.8 8.36855
786 -1653.58 33.6461
787 -1650.66 45.5405
788 -1661.82 40.5171
789 -1690.12 55.4446
790 -1697.02 94.3506
791 -1675.58 118.016
792 -1663.43 117.059
793 -1670.08 127.258
794 -1659.48 157.275
795 -1622.1 169.393
796 -1596 151.29
797 -1595.48 139.183
798 -1586.14 146.894
799 -1555.35 139.546
800 -1539.77 103.699
801 -1555.41 76.2552
802 -1567.37 74.7767
803 -1559.05 66.07
804 -1564.41 35.0469
805 -1599.15 17.6122
806 -1627.13 31.8754
807 -1629.05 43.7035
808 -1637.46 35.1829
809 -1668.41 39.8437
810 -1686.19 74.1556
811 -1672.13 102.039
812 -1660.36 103.903
813 -1668.73 112.367
814 -1663.45 143.03
815 -1628.83 159.68
816 -1601.67 144.655
817 -1600.36 132.885
818 -1591.5 140.719
819 -1561.43 133.523
820 -1547.43 98.0044
821 -1564.51 72.3179
822 -1576.28 72.0836
823 -1569.4 62.5519
824 -1579.72 33.6078
825 -1616.4 23.8967
826 -1639.6 43.9273
827 -1638.26 55.5434
828 -1648.61 50.1315
829 -1675.48 64.6215
830 -1679.17 102.128
831 -1655.67 121.484
832 -1644.55 118.13
833 -1647.91 129.23
834 -1628.58 152.597
835 -1591.37 148.58
836 -1577.56 121.675
837 -1583.25 111.645
838 -1571.76 112.353
839 -1553.83 88.1577
840 -1566.87 53.3506
841 -1596.22 46.9727
842 -1604.31 55.0767
843 -1606.77 43.9082
844 -1634.86 33.6583
845 -1664.11 56.1584
846 -1661.36 85.8418
847 -1651.22 90.9812
848 -1660.94 96.8394
849 -1661.4 126.512
850 -1630.59 146.315
851 -1603.89 133.561
852 -1602.7 122.341
853 -1593.77 129.216
854 -1566.28 118.668
855 -1559.78 82.9131
856 -1581.76 63.465
857 -1592.44 66.8184
858 -1589.83 55.9525
859 -1610.7 35.5198
860 -1645.54 44.7739
861 -1653.45 72.7959
862 -1645.77 80.8185
863 -1656.56 83.3738
864 -1665.01 111.083
865 -1640.69 137.283
866 -1612.54 130.885
867 -1609.3 120.366
868 -1601.8 128.4
869 -1573.85 121.788
870 -1563.91 87.7768
871 -1583.87 67.2707
872 -1594.42 70.0683
873 -1591.71 59.5196
874 -1612.34 39.9202
875 -1645.84 50.4542
876 -1651.46 78.2442
877 -1643.21 85.2236
878 -1653.27 89.1118
879 -1656.91 117.067
880 -1628.71 137.428
881 -1603.45 125.177
882 -1603.01 114.48
883 -1593.8 119.881
884 -1570.05 105.213
885 -1572.38 70.8585
886 -1597.82 59.6401
887 -1606.1 66.2564
888 -1608.15 55.8829
889 -1634.69 48.2119
890 -1658.06 73.0065
891 -1648.83 98.9176
892 -1638.43 100.253
893 -1644.3 108.913
894 -1630.97 132.772
895 -1597.3 131.226
896 -1586.32 106.334
897 -1592.97 98.3802
898 -1582.92 95.9253
899 -1577.16 69.5285
900 -1603.34 48.9148
901 -1627.51 60.7031
902 -1627.44 70.9495
903 -1636.7 66.6039
904 -1657.31 83.57
905 -1649.22 115.477
906 -1623.14 120.499
907 -1617.21 112.298
908 -1612.27 121.102
909 -1586 118.996
910 -1574.89 88.4577
911 -1593.62 70.1096
912 -1602.93 73.7376
913 -1602.43 63.7893
914 -1625.63 52.0401
915 -1650.45 72.3312
916 -1643.52 97.2448
917 -1633.76 98.6219
918 -1638.89 106.998
919 -1624.1 127.939
920 -1593.21 121.328
921 -1588.38 96.3074
922 -1596.45 90.9113
923 -1588.38 85.571
924 -1593.17 60.7827
925 -1623.66 54.5992
926 -1637.59 75.4639
927 -1632.23 83.3665
928 -1641.53 85.3798
929 -1645.67 109.871
930 -1619.51 125.739
931 -1599.88 110.802
932 -1602.45 101.773
933 -1593.14 102.628
934 -1582.34 80.7421
935 -1602.79 58.7174
936 -1625.22 67.8636
937 -1624.96 77.0778
938 -1633.65 74.1303
939 -1648.7 92.7586
940 -1633.5 118.02
941 -1610.2 113.422
942 -1608.85 104.486
943 -1600.92 108.721
944 -1583.64 92.8543
945 -1595.1 66.358
946 -1618.28 68.1284
947 -1620.49 76.6884
948 -1627.86 71.8794
949 -1645.83 86.1206
950 -1636.13 112.61
951 -1613.44 111.824
952 -1611.07 103.526
953 -1603.92 108.288
954 -1586.49 94.2893
955 -1596.51 68.6893
956 -1618.58 70.3173
957 -1620.43 78.5127
958 -1627.7 74.3937
959 -1643.38 89.4668
960 -1631.04 113.166
961 -1609.97 108.949
962 -1609.31 100.821
963 -1601.72 103.647
964 -1589.35 86.5942
965 -1605.52 66.4079
966 -1624.56 74.7186
967 -1623.37 82.5077
968 -1631.15 81.6896
969 -1638.25 100.726
970 -1617.76 114.903
971 -1602.75 101.701
972 -1606.26 94.9893
973 -1598.98 93.1663
974 -1599.24 73.6969
975 -1622.54 68.6436
976 -1630.62 85.9532
977 -1624.89 90.3514
978 -1630.34 94.9661
979 -1621.59 111.264
980 -1599.92 104.832
981 -1601.52 86.8351
982 -1608.3 86.1164
983 -1606.34 79.6829
984 -1621.74 71.6717
985 -1634.69 88.3913
986 -1623.35 100.848
987 -1618.03 97.4327
988 -1615.56 103.142
989 -1600.08 99.1752
990 -1602.02 79.9079
991 -1617.34 79.2241
992 -1618.38 84.8552
993 -1623.69 83.1237
994 -1629.77 96.0145
995 -1615.26 105.096
996 -1606.91 94.578
997 -1610.45 91.1043
998 -1606.78 88.0336
999 -1613.64 78.1518
1000 -1625.97 85.268
1001 -1621.22 95.1611
1002 -1617.52 93.6893
1003 -1616.35 97.2551
1004 -1607.44 94.8551
1005 -1609.72 84.4684
1006 -1617.57 85.8522
1007 -1617.18 88.6262
1008 -1619.72 88.9069
1009 -1619.2 94.9544
1010 -1612.47 94.5117
1011 -1612.72 89.6507
1012 -1614.36 89.7118
1013 -1614.4 88.2689
1014 -1617.69 88.3345
1015 -1617.64 91.8486
1016 -1615.2 91.8239
1017 -1615.2 91.0307
1018 -1614.53 91.0274
1019 -1614.54 89.552
1020 -1616.06 89.5555
1021 -1616.06 90.5774
1022 -1615.74 90.5771
1023 -1615.74 90.8412
1024 -1615.17 90.841
1025 -1615.17 90.275
1026 -1615.54 90.2751
1027 -1615.54 90.3886
1028 -1615.63 90.3886
1029 -1615.63 90.5777
1030 -1615.45 90.5777
1031 -1615.45 90.4595
1032 -1615.48 90.4595
1033 -1615.48 90.4317
1034 -1615.54 90.4317
1035 -1615.54 90.486
1036 -1615.51 90.486
1037 -1615.51 90.476
1038 -1615.5 90.476
1039 -1615.5 90.4607
1040 -1615.51 90.4607
1041 -1615.51 90.4695
1042 -1615.51 90.4695
1043 -1615.51 90.4715
1044 -1615.51 90.4715
1045 -1615.51 90.468
1046 -1615.51 90.468
1047 -1615.51 90.4686
1048 -1615.51 90.4686
1049 -1615.51 90.4694
1050 -1615.51 90.4694
1051 -1615.51 90.469
1052 -1615.51 90.469
1053 -1615.51 90.4689
1054 -1615.51 90.4689
1055 -1615.51 90.469
1056 -1615.51 90.469
1057 -1615.51 90.469
1058 -1615.51 90.469
1059 -1615.51 90.469
1060 -1615.51 90.469
1061 -1615.51 90.469
1062 -1615.51 90.469
1063 -1615.51 90.469
1064 -1615.51 90.469
1065 -1615.51 90.469
1066 -1615.51 90.469
1067 -1615.51 90.469
1068 -1615.51 90.469
1069 -1615.51 90.469
1070 -1615.51 90.469
1071 -1615.51 90.469
1072 -1615.51 90.469
1073 -1615.51 90.469
1074 -1615.51 90.469
1075 -1615.51 90.469
1076 -1615.51 90.469
1077 -1615.51 90.469
1078 -1615.51 90.469
1079 -1615.51 90.469
1080 -1615.51 90.469
1081 -1615.51 90.469
1082 -1615.51 90.469
1083 -1615.51 90.469
1084 -1615.51 90.469
1085 -1615.51 90.469
1086 -1615.51 90.469
1087 -1615.51 90.469
1088 -1615.51 90.469
1089 -1615.51 90.469
1090 -1615.51 90.469
1091 -1615.51 90.469
1092 -1615.51 90.469
1093 -1615.51 90.469
1094 -1615.51 90.469
1095 -1615.51 90.469
1096 -1615.51 90.469
1097 -1615.51 90.469
1098 -1615.51 90.469
1099 -1615.51 90.469
1100 -1615.51 90.469
