0 4.71592 24.7867
1 -4.7407 -24.782
2 4.79025 24.7724
3 -4.86455 -24.7579
4 4.96353 24.7382
5 -5.08716 -24.7131
6 5.23534 24.6821
7 -5.40797 -24.6448
8 5.60495 24.6007
9 -5.82611 -24.5492
10 6.0713 24.4896
11 -6.3403 -24.4213
12 6.63288 24.3434
13 -6.94876 -24.255
14 7.28762 24.1553
15 -7.6491 -24.0431
16 8.03278 23.9176
17 -8.43818 -23.7775
18 8.86477 23.6216
19 -9.31194 -23.4488
20 9.779 23.2578
21 -10.2652 -23.0472
22 10.7697 22.8156
23 -11.2915 -22.5618
24 11.8297 22.2841
25 -12.383 -21.9813
26 12.9503 21.6518
27 -13.5301 -21.2941
28 14.1209 20.9067
29 -14.7211 -20.4883
30 15.329 20.0373
31 -15.9427 -19.5523
32 16.5601 19.032
33 -17.179 -18.475
34 17.797 17.88
35 -18.4118 -17.246
36 19.0205 16.5719
37 -19.6205 -15.8566
38 20.2087 15.0995
39 -20.782 -14.2997
40 21.3371 13.4568
41 -21.8707 -12.5706
42 22.3791 11.6408
43 -22.8587 -10.6676
44 23.3057 9.65138
45 -23.7161 -8.59275
46 24.086 7.49263
47 -24.4113 -6.35223
48 24.6877 5.17311
49 -24.9113 -3.95715
50 25.0776 2.7066
51 -25.1827 -1.4241
52 25.2224 0.112676
53 -25.1926 1.22425
54 25.0893 -2.58283
55 -24.909 3.95878
56 24.6478 -5.34739
57 -24.3026 6.74353
58 23.8702 -8.14161
59 -23.348 9.53563
60 22.7334 -10.9192
61 -22.0247 12.2854
62 21.2203 -13.6271
63 -20.3193 14.9366
64 19.3214 -16.2062
65 -18.2268 17.4275
66 17.0366 -18.5922
67 -15.7524 19.6915
68 14.3766 -20.7167
69 -12.9127 21.659
70 11.3647 -22.5093
71 -9.73768 23.259
72 8.03761 -23.8993
73 -6.2714 24.4219
74 4.4469 -24.8185
75 -2.57294 25.0817
76 0.659283 -25.2042
77 1.28337 25.1796
78 -3.24341 -25.0023
79 5.20835 24.6675
80 -7.16491 -24.1712
81 9.09905 23.511
82 -10.9961 -22.6852
83 12.8407 21.6938
84 -14.6173 -20.5381
85 16.3098 19.2209
86 -17.902 -17.7466
87 19.3776 16.1215
88 -20.7207 -14.3534
89 21.9154 12.452
90 -22.9467 -10.4289
91 23.7999 8.29728
92 -24.4618 -6.07236
93 24.9199 3.77101
94 -25.1634 -1.4118
95 25.1832 -0.985084
96 -24.9717 3.39803
97 24.5237 -5.80412
98 -23.8363 8.1793
99 22.9088 -10.4986
100 -21.7436 12.7366
101 20.3455 -14.8672
102 -18.7224 16.8644
103 16.8854 -18.7027
104 -14.8484 20.3568
105 12.6285 -21.8028
106 -10.246 23.0179
107 7.72402 -23.9814
108 -5.08871 24.6747
109 2.36879 -25.0816
110 0.404557 25.1893
111 -3.19798 -24.988
112 5.97635 24.4719
113 -8.70315 -23.6392
114 11.3409 22.4923
115 -13.8519 -21.0382
116 16.1984 19.2888
117 -18.3433 -17.2606
118 20.2513 14.9751
119 -21.8888 -12.4584
120 23.2249 9.74139
121 -24.2322 -6.85939
122 24.8873 3.8517
123 -25.1713 -0.761292
124 25.0706 -2.36575
125 -24.5775 5.48085
126 23.6903 -8.53365
127 -22.414 11.4728
128 20.7604 -14.247
129 -18.7484 16.8055
130 16.4041 -19.0995
131 -13.7602 21.0832
132 10.8565 -22.7143
133 -7.73876 23.9556
134 4.45877 -24.7757
135 -1.0732 25.1499
136 -2.35708 -25.0613
137 5.76805 24.5013
138 -9.09371 -23.47
139 12.2673 21.9774
140 -15.2228 -20.0428
141 17.8961 17.6955
142 -20.2268 -14.9744
143 22.1594 11.9276
144 -23.6452 -8.61204
145 24.6431 5.09229
146 -25.1216 -1.43977
147 25.0594 -2.26865
148 -24.4467 5.95223
149 23.286 -9.52798
150 -21.5926 12.9126
151 19.3944 -16.0244
152 -16.7327 18.7854
153 13.661 -21.1235
154 -10.2446 22.9744
155 6.55951 -24.2837
156 -2.69084 25.0087
157 -1.26883 -25.12
158 5.22163 24.6029
159 -9.0667 -23.4588
160 12.7028 21.705
161 -16.0309 -19.3759
162 18.9572 16.5222
163 -21.3959 -13.2107
164 23.2718 9.52249
165 -24.523 -5.55189
166 25.1033 1.40399
167 -24.9841 2.80785
168 24.1563 -6.96497
169 -22.6307 10.9467
170 20.4395 -14.634
171 -17.6352 17.9128
172 14.2908 -20.6781
173 -10.4975 22.8376
174 6.36335 -24.3147
175 -2.00999 25.052
176 -2.43042 -25.0135
177 6.81912 24.1873
178 -11.015 -22.5862
179 14.8794 20.2487
180 -18.2803 -17.2389
181 21.0976 13.6448
182 -23.2275 -9.57672
183 24.5866 5.16413
184 -25.1158 -0.552002
185 24.7832 -4.10375
186 -23.5863 8.64139
187 21.5532 -12.899
188 -18.743 16.7201
189 15.2443 -19.9602
190 -11.1736 22.4919
191 6.67164 -24.2108
192 -1.89894 25.0401
193 -2.96934 -24.9345
194 7.74982 23.8835
195 -12.2577 -21.9127
196 16.314 19.0842
197 -19.7529 -15.4955
198 22.4288 11.2771
199 -24.223 -6.5879
200 25.0499 1.61011
201 -24.861 3.45759
202 23.6488 -8.40778
203 -21.4485 13.0327
204 18.3378 -17.1332
205 -14.4352 20.5275
206 9.89641 -23.0596
207 -4.90846 24.6074
208 -0.317203 -25.0888
209 5.55344 24.467
210 -10.5671 -22.754
211 15.1294 20.0109
212 -19.0268 -16.3477
213 22.071 11.9192
214 -24.109 -6.91949
215 25.0315 1.57415
216 -24.7791 3.86958
217 23.3477 -9.15392
218 -20.7894 14.0227
219 17.2127 -18.2341
220 -12.7788 21.5729
221 7.69471 -23.8622
222 -2.20517 24.9735
223 -3.41925 -24.8349
224 8.89485 23.4365
225 -13.9392 -20.833
226 18.2857 17.1427
227 -21.6984 -12.5436
228 23.9854 7.26554
229 -25.0103 -1.57973
230 24.7016 -4.21472
231 -23.0585 9.80619
232 20.153 -14.8873
233 -16.1286 19.172
234 11.1939 -22.4124
235 -5.61316 24.4138
236 -0.307025 -25.0473
237 6.23408 24.2594
238 -11.8279 -22.0771
239 16.7605 18.6093
240 -20.7355 -14.042
241 23.5069 8.63026
242 -24.8951 -2.68489
243 24.7997 -3.44487
244 -23.2081 9.39126
245 20.1986 -14.79
246 -15.9385 19.3031
247 10.676 -22.6403
248 -4.72741 24.579
249 -1.54155 -24.9803
250 7.73715 23.8001
251 -13.4624 -21.0947
252 18.3425 17.0202
253 -22.0504 -11.825
254 24.3291 5.83605
255 -25.0112 0.560758
256 24.0326 -6.94446
257 -21.4391 12.8867
258 17.3873 -17.9804
259 -12.1362 21.8686
260 6.03258 -24.2702
261 0.511016 25.0017
262 -7.04311 -23.9928
263 13.1043 21.2943
264 -18.2598 -17.078
265 22.131 11.6278
266 -24.4249 -5.32163
267 24.9573 -1.39292
268 -23.6693 8.02991
269 20.6352 -14.0999
270 -16.0607 19.1463
271 10.2703 -22.7806
272 -3.68645 24.7134
273 -3.20009 -24.7792
274 9.86637 22.9523
275 -15.7966 -19.3526
276 20.5228 14.24
277 -23.6624 -7.99734
278 24.951 1.10386
279 -24.2664 5.90085
280 21.6418 -12.4584
281 -17.2676 18.0364
282 11.4797 -22.1721
283 -4.7353 24.5125
284 -2.42104 -24.8461
285 9.40102 23.1238
286 -15.6205 -19.4677
287 20.5489 14.1645
288 -23.7557 -7.64563
289 24.9496 0.453945
290 -24.0072 6.80041
291 20.9876 -13.4911
292 -16.1322 19.03
293 9.84763 -22.9196
294 -2.67383 24.7999
295 -4.76073 -24.483
296 11.7934 21.9748
297 -17.7863 -17.4792
298 22.1851 11.3838
299 -24.5719 -4.22932
300 24.7068 -3.33676
301 -22.5547 10.6179
302 18.2935 -16.9322
303 -12.302 21.6773
304 5.12944 -24.389
305 2.5534 24.7893
306 -10.0156 -22.8169
307 16.5353 18.6387
308 -21.4703 -12.6386
309 24.3227 5.38532
310 -24.7918 2.41981
311 22.8078 -10.0092
312 -18.5448 16.6241
313 12.4085 -21.5914
314 -5.0008 24.3934
315 -2.93745 -24.7246
316 10.599 22.5275
317 -17.192 -18.0041
318 22.0229 11.6015
319 -24.5709 -3.96968
320 24.5469 -4.10136
321 -21.9294 11.7628
322 16.9722 -18.1959
323 -10.1843 22.7005
324 2.27975 -24.7733
325 5.89479 24.1672
326 -13.45 -20.9232
327 19.5506 15.3734
328 -23.5093 -8.10953
329 24.8662 -0.0764734
330 -23.4457 8.27724
331 19.3825 -15.5697
332 -13.1127 21.1195
333 5.33102 -24.2784
334 3.0838 24.6623
335 -11.1664 -22.2021
336 17.9753 17.1577
337 -22.7038 -10.0954
338 24.7774 1.82717
339 -23.9273 6.67989
340 20.2287 -14.4158
341 -14.099 20.4477
342 6.25514 -24.0342
343 2.3678 24.7192
344 -10.7256 -22.3938
345 17.7911 17.3168
346 -22.6816 -10.0905
347 24.7711 1.59283
348 -23.7747 7.12634
349 19.7907 -14.9741
350 -13.2966 20.9515
351 5.0961 -24.2831
352 3.7773 24.5203
353 -12.1885 -21.6061
354 19.0458 15.8906
355 -23.444 -8.09349
356 24.7867 -0.782715
357 -22.8716 9.57898
358 17.9245 -17.1303
359 -10.5787 22.4209
360 1.79773 -24.7233
361 7.24781 23.7025
362 -15.3349 -19.4692
363 21.3539 12.5732
364 -24.463 -3.93745
365 24.2098 -5.26261
366 -20.6016 13.7567
367 14.1138 -20.3553
368 -5.63197 24.1181
369 -3.66466 -24.4916
370 12.4651 21.3952
371 -19.5109 -15.242
372 23.778 6.88931
373 -24.6289 2.4768
374 21.9128 -11.507
375 -15.9968 18.8824
376 7.72227 -23.5089
377 1.71019 24.6828
378 -10.9121 -22.2024
379 18.5106 16.4085
380 -23.3546 -8.14265
381 24.6926 -1.36945
382 -22.2942 10.6969
383 16.4954 -18.4178
384 -8.1574 23.3373
385 -1.45608 -24.6761
386 10.8669 22.199
387 -18.6089 -16.2618
388 23.4579 7.76666
389 -24.6286 1.96994
390 21.9075 -11.4177
391 -15.6972 19.0723
392 6.96373 -23.6963
393 2.90887 24.5234
394 -12.3343 -21.3911
395 19.7783 14.7777
396 -24.0105 -5.73673
397 24.3118 -4.26636
398 -20.6027 13.5883
399 13.4683 -20.6777
400 -4.0723 24.3358
401 -6.02733 -23.9235
402 15.1342 19.4799
403 -21.6985 -11.7274
404 24.5836 1.96133
405 -23.2686 8.16205
406 17.9485 -16.904
407 -9.51354 22.7427
408 -0.593256 -24.6421
409 10.6186 22.2412
410 -18.8016 -15.9302
411 23.6844 6.79426
412 -24.3769 3.56669
413 20.7251 -13.3142
414 -13.3517 20.6971
415 3.55794 -24.3684
416 6.90089 23.6368
417 -16.1267 -18.6035
418 22.4235 10.158
419 -24.6132 0.172085
420 22.2618 -10.4923
421 -15.7734 18.8868
422 6.32905 -23.7759
423 4.32168 24.218
424 -14.1805 -20.0982
425 21.3749 12.1644
426 -24.517 -1.89946
427 22.9775 -8.74997
428 -17.0192 17.74
429 7.76205 -23.3226
430 3.02049 24.3906
431 -13.2361 -20.7042
432 20.8786 12.9528
433 -24.4249 -2.63481
434 23.145 -8.22553
435 -17.2599 17.4721
436 7.91406 -23.246
437 3.03967 24.3639
438 -13.402 -20.5682
439 21.068 12.595
440 -24.4573 -2.04006
441 22.847 -8.95339
442 -16.5343 18.127
443 6.79207 -23.5725
444 4.37968 24.1338
445 -14.6595 -19.6607
446 21.8862 11.0572
447 -24.5169 -0.107919
448 21.9641 -10.8855
449 -14.7358 19.5855
450 4.34541 -24.1179
451 6.99774 23.4821
452 -16.8535 -17.7808
453 23.0763 8.21592
454 -24.2874 3.15574
455 20.1888 -13.8588
456 -11.6462 21.5368
457 0.51651 -24.4749
458 10.7487 21.9902
459 -19.64 -14.601
460 24.1514 3.92951
461 -23.2399 7.64557
462 17.0761 -17.5148
463 -7.02509 23.427
464 -4.64629 -24.0083
465 15.2749 19.0913
466 -22.408 -9.77205
467 24.3741 -1.82321
468 -20.6835 13.0162
469 12.1611 -21.1931
470 -0.773348 24.4182
471 -10.817 -21.9009
472 19.8703 14.1998
473 -24.2196 -3.11181
474 22.7972 -8.73862
475 -15.9078 18.5155
476 5.17582 -23.8516
477 6.82703 23.4283
478 -17.1925 -17.3123
479 23.3805 6.96065
480 -23.8481 5.11542
481 18.4446 -15.9531
482 -8.4698 22.8641
483 -3.6264 -24.1071
484 14.8387 19.3369
485 -22.3513 -9.71203
486 24.25 -2.37438
487 -20.0203 13.8812
488 10.6987 -21.8822
489 1.36783 24.315
490 -13.1045 -20.5222
491 21.4888 11.4418
492 -24.3332 0.611138
493 20.8657 -12.5258
494 -11.9521 21.1946
495 -0.106218 -24.3279
496 12.1567 21.068
497 -21.0161 -12.2378
498 24.3148 0.146294
499 -21.1405 12.0041
500 12.3039 -20.9624
501 -0.146233 24.3017
502 -12.0708 -21.0874
503 21.0358 12.1517
504 -24.2888 0.106499
505 20.9065 -12.3555
506 -11.7786 21.2318
507 -0.611936 -24.268
508 12.8529 20.5888
509 -21.539 -11.178
510 24.2236 -1.36963
511 -20.1185 13.553
512 10.3404 -21.9384
513 2.37785 24.1318
514 -14.4407 -19.4742
515 22.4034 9.25436
516 -23.9612 3.63228
517 18.629 -15.4942
518 -7.90744 22.8989
519 -5.12445 -23.6728
520 16.6838 17.5524
521 -23.3808 -6.28855
522 23.2207 -6.83968
523 -16.2115 17.9706
524 4.39017 -23.7961
525 8.75473 22.5533
526 -19.305 -14.5734
527 24.0821 2.21128
528 -21.6149 10.8353
529 12.6085 -20.6252
530 0.239324 24.1678
531 -13.0333 -20.348
532 21.8566 10.2938
533 -23.9749 2.93924
534 18.6971 -15.2846
535 -7.6175 22.9115
536 -5.84853 -23.4205
537 17.5069 16.6131
538 -23.6903 -4.58425
539 22.4208 -8.90591
540 -14.0587 19.599
541 1.22043 -24.0839
542 12.0254 20.8967
543 -21.4405 -11.0156
544 23.9779 -2.42008
545 -18.781 15.0938
546 7.49167 -22.895
547 6.25069 23.2591
548 -17.9707 -16.027
549 23.8141 3.52903
550 -21.8249 10.1482
551 12.6187 -20.4898
552 0.788217 24.0456
553 -13.9509 -19.5942
554 22.4647 8.58186
555 -23.4451 5.32789
556 16.5212 -17.46
557 -3.99494 23.6979
558 -9.90603 -21.8898
559 20.4456 12.61
560 -23.9953 1.00196
561 19.2973 -14.2876
562 -7.9301 22.6578
563 -6.20102 -23.1851
564 18.1929 15.6448
565 -23.8447 -2.62877
566 21.1407 -11.3263
567 -10.9895 21.3116
568 -3.0596 -23.7766
569 16.0412 17.8074
570 -23.325 -5.4866
571 22.2763 -8.81226
572 -13.2285 19.9657
573 -0.59865 -23.9373
574 14.2269 19.253
575 -22.7049 -7.56972
576 22.9148 -6.88849
577 -14.7374 18.8435
578 1.13447 -23.8895
579 12.9039 20.1298
580 -22.1817 -8.91165
581 23.2258 -5.63296
582 -15.6048 18.0937
583 2.12936 -23.7924
584 12.1633 20.5521
585 -21.8824 -9.55061
586 23.3225 -5.08285
587 -15.894 17.8009
588 2.38855 -23.7382
589 12.0485 20.5854
590 -21.8679 -9.50971
591 23.2546 -5.25138
592 -15.629 17.9945
593 1.91335 -23.7512
594 12.5658 20.2384
595 -22.1356 -8.78726
596 23.0059 -6.1352
597 -14.7897 18.6516
598 0.700109 -23.7873
599 13.6844 19.462
600 -22.6188 -7.35704
601 22.4938 -7.71177
602 -13.3152 19.6939
603 -1.25295 -23.7335
604 15.3295 18.1536
605 -23.1825 -5.17866
606 21.5734 -9.92651
607 -11.1161 20.978
608 -3.9281 -23.4075
609 17.3661 16.1696
610 -23.618 -2.21888
611 20.047 -12.6706
612 -8.09775 22.2833
613 -7.25977 -22.5634
614 19.5787 13.3483
615 -23.641 1.51498
616 17.685 -15.7519
617 -4.19737 23.3013
618 -11.0972 -20.9071
619 21.651 9.54842
620 -22.901 5.93023
621 14.2633 -18.8643
622 0.564987 23.6362
623 -15.1629 -18.1316
624 23.1562 4.70547
625 -21.0111 10.7963
626 9.62375 -21.5659
627 6.02296 22.8277
628 -19.0174 -13.9784
629 23.5697 -1.09474
630 -17.6093 15.6945
631 3.75669 -23.2801
632 11.7982 20.4095
633 -22.0462 -8.32936
634 22.3232 -7.53366
635 -12.4574 19.9891
636 -3.09887 -23.3412
637 17.2519 16.0141
638 -23.4944 -1.32432
639 18.9126 -13.99
640 -5.57667 22.8466
641 -10.3611 -21.1038
642 21.4859 9.52566
643 -22.5733 6.51803
644 13.0675 -19.5176
645 2.60203 23.3363
646 -17.0561 -16.1275
647 23.4322 1.2614
648 -18.6584 14.2188
649 4.96552 -22.9194
650 11.1206 20.6383
651 -21.8699 -8.42387
652 22.0674 -7.86945
653 -11.5705 20.3634
654 -4.56316 -22.9644
655 18.4837 14.359
656 -23.3626 1.28721
657 16.7617 -16.3143
658 -1.88645 23.3064
659 -13.9354 -18.7667
660 22.8475 4.89982
661 -20.3764 11.4216
662 7.70854 -22.0423
663 8.84027 21.6048
664 -20.9486 -10.2812
665 22.4746 -6.25021
666 -12.5981 19.6237
667 -3.70143 -23.0158
668 18.1227 14.6499
669 -23.2626 1.23495
670 16.4361 -16.497
671 -1.11688 23.2523
672 -14.7932 -17.9637
673 23.0231 3.32979
674 -19.2454 13.0531
675 5.38684 -22.6134
676 11.313 20.2981
677 -22.06 -7.27756
678 21.142 -9.60371
679 -8.997 21.3981
680 -7.95106 -21.7994
681 20.6602 10.5448
682 -22.2932 6.37591
683 11.9243 -19.876
684 4.89478 22.647
685 -19.0721 -13.1415
686 22.8834 -3.52033
687 -14.2046 18.272
688 -2.26185 -23.0242
689 17.4963 15.1229
690 -23.09 1.12587
691 15.9067 -16.7626
692 0.116634 23.0994
693 -16.0857 -16.566
694 23.0691 0.76337
695 -17.1108 15.4781
696 1.51297 -23.014
697 14.9499 17.5503
698 -22.9466 -2.13189
699 17.8927 -14.5093
700 -2.62042 22.8774
701 -14.1626 -18.1449
702 22.8148 2.97913
703 -18.3125 13.9144
704 3.20858 -22.7647
705 13.7679 18.3994
706 -22.7312 -3.30924
707 18.4079 -13.7249
708 -3.2813 22.716
709 -13.7858 -18.3383
710 22.7187 3.12466
711 -18.1896 13.9498
712 2.83892 -22.7366
713 14.2146 17.9586
714 -22.7649 -2.42346
715 17.6407 -14.5763
716 -1.87759 22.7966
717 -15.0298 -17.2297
718 22.8223 1.20074
719 -16.7178 15.5679
720 0.392715 -22.8304
721 16.1814 16.096
722 -22.807 0.545934
723 15.3546 -16.859
724 1.61354 22.7358
725 -17.5868 -14.4829
726 22.5987 -2.80686
727 -13.4704 18.3481
728 -4.12048 -22.3752
729 19.1232 12.3067
730 -22.0434 5.54635
731 10.9824 -19.8891
732 7.07307 21.5796
733 -20.6194 -9.49006
734 20.9594 -8.68529
735 -7.82454 21.2842
736 -10.3631 -20.1583
737 21.8505 5.98438
738 -19.152 12.0815
739 3.97268 -22.2818
740 13.8097 17.9179
741 -22.5394 -1.79819
742 16.4366 -15.511
743 0.523498 22.5825
744 -17.1426 -14.6924
745 22.3698 -2.96889
746 -12.676 18.6556
747 -5.50557 -21.8605
748 19.9955 10.3854
749 -21.0163 8.09135
750 7.82848 -21.1032
751 10.6738 19.8035
752 -21.9165 -5.02447
753 18.1954 -13.19
754 -2.0059 22.3717
755 -15.567 -16.1756
756 22.4065 -1.17988
757 -13.7403 17.7231
758 -4.46951 -21.9633
759 19.5696 10.9019
760 -20.9927 7.78316
761 7.69193 -21.0132
762 11.0248 19.4583
763 -21.9609 -4.1636
764 17.3409 -14.0838
765 -0.39381 22.3236
766 -16.8372 -14.644
767 22.023 -3.51579
768 -11.3981 19.1544
769 -7.43917 -20.9975
770 20.9025 7.6648
771 -19.2099 11.228
772 3.54021 -21.954
773 14.7158 16.6546
774 -22.1953 0.843989
775 13.3646 -17.7242
776 5.32118 21.5373
777 -20.0721 -9.41759
778 19.9254 -9.69338
779 -4.93964 21.5867
780 -13.738 -17.3509
781 22.1172 0.10678
782 -13.8602 17.2184
783 -4.85755 -21.5493
784 19.8975 9.5627
785 -19.8206 9.68926
786 4.63503 -21.5555
787 14.0955 16.9357
788 -22.0094 0.679802
789 12.9777 -17.7715
790 6.07871 21.1345
791 -20.423 -8.11695
792 18.8849 -11.212
793 -2.61235 21.7918
794 -15.7041 -15.3117
795 21.6844 -3.19426
796 -10.5758 19.1813
797 -8.89374 -20.0004
798 21.3056 4.95291
799 -16.7576 14.0351
800 -1.17257 -21.812
801 18.1606 12.1104
802 -20.5459 7.32568
803 6.35801 -20.8495
804 12.973 17.4972
805 -21.7662 0.0624861
806 12.8242 -17.5677
807 6.59891 20.7087
808 -20.6055 -6.86439
809 17.6524 -12.6255
810 -0.125296 21.6863
811 -17.5011 -12.7797
812 20.5763 -6.74679
813 -6.4909 20.6413
814 -13.0216 -17.2603
815 21.5961 -0.61036
816 -11.9764 17.9612
817 -7.76209 -20.1262
818 20.9117 5.22361
819 -16.2644 14.1181
820 -2.26581 -21.4005
821 18.8482 10.3497
822 -19.2258 9.59132
823 3.02509 -21.2538
824 15.7861 14.5231
825 -20.8856 4.81197
826 7.79155 -19.9472
827 12.1057 17.6433
828 -21.3786 0.130131
829 11.8381 -17.7804
830 8.14774 19.7261
831 -20.9067 -4.19883
832 15.0789 -15.0517
833 4.19149 20.8702
834 -19.701 -8.01282
835 17.5157 -12.0304
836 0.445505 21.2255
837 -17.9932 -11.2318
838 19.2132 -8.94116
839 -2.95034 20.9658
840 -15.9955 -13.8413
841 20.2758 -5.95783
842 -5.91649 20.2673
843 -13.8895 -15.8747
844 20.8279 -3.20514
845 -8.4218 19.2949
846 -11.8215 -17.3958
847 20.9979 -0.764393
848 -10.4705 18.1933
849 -9.90356 -18.4843
850 20.9077 1.31809
851 -12.0897 17.0828
852 -8.21656 -19.2244
853 20.6655 3.02183
854 -13.3187 16.0593
855 -6.81592 -19.6957
856 20.3617 4.34343
857 -14.2001 15.1954
858 -5.73735 -19.9674
859 20.0675 5.28892
860 -14.7728 14.5431
861 -5.0023 -20.094
862 19.8346 5.86754
863 -15.0674 14.1368
864 -4.6224 -20.1133
865 19.6948 6.0872
866 -15.1025 13.9954
867 -4.6027 -20.0446
868 19.6611 5.95157
869 -14.883 14.1236
870 -4.94321 -19.8881
871 19.7271 5.45882
872 -14.3992 14.5119
873 -5.63885 -19.6242
874 19.8668 4.60211
875 -13.6279 15.1362
876 -6.6776 -19.2141
877 20.0335 3.37193
878 -12.5338 15.9545
879 -8.03676 -18.6005
880 20.159 1.76042
881 -11.074 16.9044
882 -9.67766 -17.7097
883 20.1526 -0.232229
884 -9.20344 17.8986
885 -11.5388 -16.4558
886 19.9022 -2.58905
887 -6.88435 18.8219
888 -13.5283 -14.7475
889 19.2773 -5.26563
890 -4.09769 19.5289
891 -15.5166 -12.499
892 18.1361 -8.17805
893 -0.85842 19.8459
894 -17.3307 -9.6453
895 16.3381 -11.1907
896 2.76706 19.5774
897 -18.7541 -6.16246
898 13.7638 -14.1066
899 6.64266 18.5216
900 -19.5326 -2.09208
901 10.3418 -16.6632
902 10.5469 16.4948
903 -19.3931 2.43229
904 6.08244 -18.539
905 14.1649 13.3683
906 -18.0755 7.1616
907 1.11522 -19.3755
908 17.0943 9.11437
909 -15.3818 11.7177
910 -4.27695 -18.8206
911 18.8735 3.85883
912 -11.24 15.5993
913 -9.63729 -16.594
914 19.0394 -2.07116
915 -5.77562 18.22
916 -14.3427 -12.575
917 17.2173 -8.11878
918 0.622803 18.9856
919 -17.6555 -6.89908
920 13.2389 -13.5095
921 7.26811 17.4181
922 -18.8319 -0.0438227
923 7.27155 -17.3256
924 13.1974 13.3144
925 -17.2907 7.13095
926 -0.0743222 -18.6593
927 17.2832 6.914
928 -12.8252 13.4293
929 -7.70921 -16.8433
930 18.4515 -0.974899
931 -5.81393 17.4891
932 -14.1548 -11.7282
933 15.9947 -8.96077
934 2.64628 18.092
935 -17.8053 -3.93272
936 9.92214 -15.2381
937 10.78 14.5797
938 -17.3627 5.04156
939 1.23542 -17.9842
940 16.4335 7.27685
941 -12.3722 12.9603
942 -8.02945 -15.9552
943 17.6619 -2.25273
944 -3.69098 17.3591
945 -15.1456 -9.1372
946 13.5092 -11.3255
947 6.36132 16.3755
948 -17.4867 0.813242
949 4.72686 -16.7897
950 14.4193 9.69954
951 -13.6327 10.671
952 -5.95975 -16.183
953 17.16 -0.770334
954 -4.39523 16.5335
955 -14.4237 -9.06661
956 12.8466 -11.0789
957 6.84216 15.442
958 -16.6809 2.11279
959 2.69326 -16.5185
960 15.0301 7.18085
961 -11.0073 12.3941
962 -8.86844 -13.906
963 15.7018 -4.76248
964 0.407656 16.3158
965 -15.7633 -3.87037
966 7.77605 -14.1429
967 11.6217 11.0631
968 -13.5474 8.41568
969 -4.76971 -15.1141
970 15.7184 -0.937104
971 -2.83852 15.381
972 -14.1797 -6.33856
973 9.38096 -12.2377
974 9.71114 11.8278
975 -13.5888 6.77458
976 -3.60869 -14.6212
977 14.9266 -0.388361
978 -2.72687 14.5452
979 -13.5487 -5.60008
980 8.12184 -12.0324
981 10.1061 10.2126
982 -11.823 7.8868
983 -5.49127 -12.9323
984 13.5456 -3.02988
985 0.601963 13.6897
986 -13.4087 -1.70757
987 3.83027 -12.7593
988 11.8062 5.71497
989 -7.3275 10.6177
990 -9.262 -8.64961
991 9.67724 -7.80438
992 6.30457 10.4183
993 -10.8906 4.81518
994 -3.38068 -11.1187
995 11.1325 -2.03697
996 0.811383 10.9643
997 -10.6473 -0.276837
998 1.21587 -10.214
999 9.69466 2.00044
1000 -2.63085 9.11655
1001 -8.50338 -3.11203
1002 3.45263 -7.87485
1003 7.24667 3.66415
1004 -3.76022 6.63071
1005 -6.03543 -3.75594
1006 3.66728 -5.46641
1007 4.92697 3.51053
1008 -3.30174 4.41886
1009 -3.94278 -3.05623
1010 2.78808 -3.4989
1011 3.08717 2.50969
1012 -2.23152 2.70743
1013 -2.35949 -1.9619
1014 1.70704 -2.04299
1015 1.75738 1.47117
1016 -1.25678 1.5018
1017 -1.27507 -1.06496
1018 0.895649 -1.07568
1019 0.901818 0.747996
1020 -0.620599 0.751485
1021 -0.62254 -0.511727
1022 0.419492 -0.51279
1023 0.420065 0.341969
1024 -0.277289 0.342273
1025 -0.277448 -0.22369
1026 0.17956 -0.223772
1027 0.179602 0.143445
1028 -0.114061 0.143466
1029 -0.114072 -0.0902853
1030 0.0711495 -0.0902904
1031 0.071152 0.0558273
1032 -0.0436196 0.0558285
1033 -0.0436202 -0.0339401
1034 0.0263013 -0.0339404
1035 0.0263014 0.0203004
1036 -0.0156073 0.0203005
1037 -0.0156073 -0.0119529
1038 0.0091195 -0.0119529
1039 0.00911951 0.00693177
1040 -0.00524951 0.00693177
1041 -0.00524951 -0.00396111
1042 0.00297825 -0.00396111
1043 0.00297825 0.00223138
1044 -0.00166601 0.00223138
1045 -0.00166601 -0.00123961
1046 0.000919224 -0.00123961
1047 0.000919224 0.000679363
1048 -0.000500438 0.000679363
1049 -0.000500438 -0.000367432
1050 0.000268899 -0.000367432
1051 0.000268899 0.000196163
1052 -0.000142656 0.000196163
1053 -0.000142656 -0.000103418
1054 7.4735e-05 -0.000103418
1055 7.4735e-05 5.38439e-05
1056 -3.86807e-05 5.38439e-05
1057 -3.86807e-05 -2.77027e-05
1058 1.97759e-05 -2.77027e-05
1059 1.97759e-05 1.40773e-05
1060 -9.99724e-06 1.40773e-05
1061 -9.99724e-06 -7.0776e-06
1062 4.99073e-06 -7.0776e-06
1063 4.99073e-06 3.51075e-06
1064 -2.46825e-06 3.51075e-06
1065 -2.46825e-06 -1.72896e-06
1066 1.20223e-06 -1.72896e-06
1067 1.20223e-06 8.35133e-07
1068 -5.8407e-07 8.35133e-07
1069 -5.8407e-07 -4.05916e-07
1070 2.75835e-07 -4.05916e-07
1071 2.75835e-07 1.88305e-07
1072 -1.33699e-07 1.88305e-07
1073 -1.33699e-07 -9.31988e-08
1074 5.92945e-08 -9.31988e-08
1075 5.92945e-08 3.87693e-08
1076 -3.07122e-08 3.87693e-08
1077 -3.07122e-08 -2.24612e-08
1078 1.08362e-08 -2.24612e-08
1079 1.08362e-08 5.66074e-09
1080 -8.15024e-09 5.66074e-09
1081 -8.15024e-09 -7.12605e-09
1082 4.39969e-10 -7.12605e-09
1083 4.39969e-10 -1.3693e-09
1084 -3.40852e-09 -1.3693e-09
1085 -3.40852e-09 -3.93585e-09
1086 -1.70102e-09 -3.93585e-09
1087 -1.70102e-09 -2.80258e-09
1088 -2.45138e-09 -2.80258e-09
1089 -2.45138e-09 -3.29823e-09
1090 -2.12474e-09 -3.29823e-09
1091 -2.12474e-09 -3.08348e-09
1092 -2.26561e-09 -3.08348e-09
1093 -2.26561e-09 -3.17567e-09
1094 -2.20542e-09 -3.17567e-09
1095 -2.20542e-09 -3.13646e-09
1096 -2.2309e-09 -3.13646e-09
1097 -2.2309e-09 -3.15298e-09
1098 -2.22021e-09 -3.15298e-09
1099 -2.22021e-09 -3.14608e-09
1100 -2.22465e-09 -3.14608e-09
