0 0.557397 -2.46239
1 -0.308839 2.49948
2 -0.193664 -2.49821
3 0.922561 2.3079
4 -1.74305 -1.73058
5 2.33273 0.627232
6 -2.19678 0.860836
7 0.96124 -2.06853
8 0.974793 1.93716
9 -2.00041 -0.0945133
10 0.65516 -1.62584
11 1.20345 0.691416
12 -0.40819 0.821533
13 -0.428024 -0.111879
14 0.0332742 -0.113878
15 0.0334159 0.0861678
16 -0.0445336 0.0861752
17 -0.0445339 0.0584386
18 -0.0354225 0.0584386
19 -0.0354225 0.0612237
20 -0.0362195 0.0612237
21 -0.0362195 0.061009
22 -0.0361649 0.061009
23 -0.0361649 0.0610222
24 -0.0361679 0.0610222
25 -0.0361679 0.0610215
