0 -7.72453 1.99861
1 -19.6509 5.14809
2 -22.6484 5.98795
3 -15.4595 3.77846
4 -1.53281 -1.04146
5 12.6498 -6.67664
6 20.6892 -10.3951
7 19.3169 -9.64852
8 9.85257 -3.53754
9 -2.68297 6.15996
10 -12.3347 15.2161
11 -15.3521 18.7122
12 -11.9326 13.6793
13 -5.5677 1.19447
14 -0.431929 -13.5083
15 1.4746 -23.3922
16 1.4746 -23.3922
17 2.7855 -13.4285
18 7.47225 1.36996
19 14.0691 13.6556
20 17.9123 18.3214
21 14.3373 15.458
22 2.58673 9.65603
23 -12.6612 6.05825
24 -23.7788 6.11929
25 -25.269 6.50454
26 -17.6692 2.24528
27 -7.00619 -8.28249
28 0.0860615 -20.8668
29 1.72231 -28.0417
30 1.95081 -25.0096
31 6.46953 -13.8628
32 16.542 -2.03868
33 26.8571 4.06393
34 29.8203 4.64198
35 22.6321 5.79878
36 10.2914 12.9048
37 1.09654 24.3984
38 -1.34474 32.5682
39 -1.50176 31.0755
40 -6.78334 21.6519
41 -18.9214 12.5577
42 -31.2703 9.85972
43 -35.5621 10.8367
44 -31.0399 7.2257
45 -25.4251 -4.83071
46 -25.9632 -19.5692
47 -30.6898 -27.8228
48 -30.6898 -27.8228
49 -21.2493 -27.3553
50 -8.25203 -33.9296
51 -1.17344 -44.8965
52 -0.991589 -50.5376
53 1.12962 -46.8365
54 11.8936 -41.1513
55 26.348 -42.4615
56 34.3431 -48.9093
57 34.751 -50.2673
58 37.2739 -42.6732
59 48.4001 -34.6416
60 61.5864 -34.7988
61 66.8702 -38.913
62 66.1961 -36.2389
63 70.7091 -26.3485
64 83.276 -20.2028
65 93.7063 -22.8222
66 95.2539 -25.033
67 96.0081 -18.5951
68 105.555 -10.333
69 118.537 -10.8661
70 123.708 -16.2894
71 123.735 -14.9769
72 130.59 -8.5427
73 143.7 -9.2911
74 150.615 -17.6965
75 150.045 -21.4214
76 154.207 -18.7903
77 164.927 -22.1883
78 169.492 -33.7014
79 165.52 -40.5647
80 165.52 -40.5647
81 170.883 -46.1687
82 168.661 -57.8069
83 159.026 -62.0267
84 155.247 -59.5805
85 155.216 -62.9461
86 147.063 -67.805
87 137.295 -62.3897
88 137.287 -54.5971
89 138.222 -54.1011
90 133.436 -50.6973
91 135.159 -40.9718
92 144.17 -38.7263
93 146.915 -42.4167
94 147.895 -40.8583
95 154.749 -42.3772
96 155.591 -51.0263
97 149.672 -53.4079
98 148.771 -52.1901
99 146.548 -54.7661
100 141.263 -51.7146
101 143.31 -46.4233
102 146.107 -47.1314
103 146.175 -46.7036
104 148.736 -46.9463
105 148.583 -49.816
106 146.747 -49.7642
107 146.753 -49.2911
108 146.309 -49.2882
109 146.311 -48.5798
110 146.84 -48.5805
111 146.84 -48.8044
112 146.84 -48.8044
113 146.84 -48.8937
114 146.755 -48.8937
115 146.755 -48.8482
116 146.767 -48.8482
117 146.767 -48.8431
118 146.775 -48.8431
119 146.775 -48.8486
120 146.773 -48.8486
