0 -7.72453 1.99861
1 -1.8203 0.439439
2 9.04404 -2.60462
3 -5.04528 1.72571
4 -5.04528 1.72571
5 8.64733 -3.71478
6 -1.58485 1.01794
7 -6.94253 3.93283
8 6.44205 -4.7094
9 1.62169 -0.980373
10 -6.5864 6.72123
11 3.01709 -4.40588
12 3.01709 -4.40588
13 -3.65061 8.67296
14 0.0520746 -1.92713
15 1.20214 -7.88937
16 0.648408 7.95564
17 -0.142364 1.94525
18 -3.52133 -8.72381
19 3.3894 4.14637
20 3.3894 4.14637
21 -7.98864 -4.96694
22 2.00439 -0.032776
23 7.86776 1.3507
24 -7.85491 1.43703
25 -2.03713 -0.06707
26 7.63552 -5.48808
27 -2.6591 4.67598
28 -2.6591 4.67598
29 0.547748 -9.38587
30 1.37594 1.60395
31 3.61296 7.12226
32 -6.4595 -4.70184
33 -1.35295 -1.68071
34 9.38727 0.414408
35 -4.70078 2.6816
36 -4.70078 2.6816
37 4.17639 -8.41489
38 1.06923 1.98329
39 1.68228 7.81121
40 -5.787 -5.5157
41 -1.11948 -2.01866
42 9.3824 0.275783
43 -4.27682 3.38517
44 -4.27682 3.38517
45 1.60503 -9.24484
46 1.99297 1.38099
47 4.8442 6.35982
48 -7.85279 -1.52642
49 -2.15799 -1.24438
50 7.21251 -5.98422
51 -0.202851 5.50437
52 -0.202851 5.50437
53 -6.95395 -6.27497
54 2.20009 -1.4401
55 7.75832 -1.94389
56 -3.54842 7.17477
57 -1.95612 1.87302
58 -5.16724 -7.79234
59 5.57455 -0.03822
60 5.57455 -0.03822
61 -4.78102 8.02507
62 -2.33773 -1.66732
63 -4.57188 -6.56363
64 7.99502 -0.417947
65 2.83139 0.878826
66 -2.77766 8.89199
67 -4.25588 -3.72565
68 -4.25588 -3.72565
69 8.27802 -4.24031
70 1.6972 2.66227
71 1.80311 7.78654
72 -7.89128 -1.31282
73 -2.85002 -1.6006
74 3.03036 -8.74879
75 4.84421 3.10643
76 4.84421 3.10643
77 -6.38506 6.6661
78 -3.09342 -1.63437
79 -5.48965 -5.77451
80 6.77626 -4.19997
81 3.54123 -0.819474
82 5.1428 7.57121
83 -4.95052 3.15068
84 -4.95052 3.15068
85 -5.04765 -7.56094
86 1.88565 -3.4288
87 5.64213 -5.51116
88 5.63092 5.50921
89 1.97824 3.57248
90 -4.11348 7.90469
91 -5.77718 -1.48484
92 -5.77718 -1.48484
93 -0.396826 -8.7176
94 3.1546 -3.06926
95 6.54777 -3.8212
96 5.70587 4.82791
97 2.77571 3.64889
98 -0.489947 8.06293
99 -4.84628 3.01433
100 -4.84628 3.01433
101 -6.82275 -2.09421
102 -3.26257 -2.99546
103 -3.52814 -4.66569
104 0.0930249 -5.00896
105 0.151846 -3.90549
106 1.71321 -3.94953
107 1.73439 -2.44396
108 1.73439 -2.44396
109 1.73659 -1.70189
110 1.35512 -1.70141
111 1.35519 -1.56633
112 1.12974 -1.56628
113 1.12974 -1.62016
114 1.06887 -1.62016
115 1.06887 -1.66782
116 1.06887 -1.66782
117 1.06887 -1.684
118 1.0759 -1.684
119 1.0759 -1.68612
120 1.07894 -1.68612
