0 -7.72453 1.99861
1 -20.5529 5.38627
2 -26.4326 7.03371
3 -23.4574 6.1193
4 -12.7984 2.43029
5 1.7376 -3.3453
6 15.1066 -9.52891
7 22.8847 -13.7607
8 22.8847 -13.7607
9 15.8867 -8.34696
10 5.16228 1.71567
11 -5.03273 13.5281
12 -11.3512 22.8278
13 -12.7591 25.5896
14 -10.7553 19.8528
15 -8.25646 6.89847
16 -7.70273 -8.94654
17 -9.42086 -22.0055
18 -11.2495 -27.7796
19 -9.79025 -25.0619
20 -2.689 -16.4406
21 9.38987 -6.76597
22 22.4464 -0.319168
23 30.9587 1.68932
24 30.9587 1.68932
25 22.5126 3.87295
26 9.87467 10.9558
27 -1.05404 21.7459
28 -6.48221 31.3776
29 -7.15938 34.3469
30 -7.6076 28.3993
31 -12.468 16.4095
32 -22.5405 4.58537
33 -33.6357 -1.97875
34 -39.4483 -3.11262
35 -36.4734 -3.59137
36 -27.0282 -9.03008
37 -17.6042 -20.8101
38 -13.5445 -34.3959
39 -14.4346 -42.8568
40 -14.4346 -42.8568
41 -7.65837 -37.7798
42 6.063 -34.782
43 20.5636 -38.0829
44 28.9195 -44.7552
45 30.1616 -47.4222
46 30.3715 -41.6715
47 36.5665 -30.8538
48 49.2635 -22.9676
49 61.6368 -22.3548
50 66.7081 -24.92
51 65.1422 -22.494
52 64.8062 -12.0705
53 71.9731 0.434406
54 83.9335 6.75146
55 92.0028 6.02008
56 92.0028 6.02008
57 89.6911 13.717
58 93.8866 26.3454
59 105.29 34.5772
60 115.382 34.4569
61 117.569 32.7542
62 116.247 37.9997
63 121.101 48.6381
64 133.668 54.7837
65 144.887 51.9662
66 147.923 47.6295
67 148.235 50.2939
68 155.542 56.6174
69 168.848 56.071
70 177.446 47.0524
71 177.292 39.6131
72 177.292 39.6131
73 184.611 39.1953
74 192.294 29.8558
75 190.368 17.2703
76 182.677 12.4087
77 180.306 13.1603
78 182.087 8.66816
79 176.881 -0.327266
80 164.615 -1.90181
81 157.586 5.4431
82 158.453 9.98411
83 156.321 9.05065
84 149.337 13.5707
85 149.44 24.9421
86 158.499 30.341
87 163.953 27.3178
88 163.953 27.3178
89 169.256 30.1295
90 177.215 24.4692
91 175.449 14.5014
92 168.552 12.7827
93 167.416 14.3101
94 165.494 11.2532
95 158.122 12.8869
96 157.28 21.5361
97 163.646 24.0977
98 165.414 21.7089
99 166.334 22.775
100 170.379 20.4395
101 168.281 15.0163
102 163.629 16.1939
103 164.015 18.6187
104 164.015 18.6187
105 164.1 20.2207
106 166.14 20.1631
107 166.118 18.5648
108 165.296 18.5703
109 165.296 18.727
110 165.09 18.7272
111 165.09 19.0207
112 165.315 19.0207
113 165.315 18.9036
114 165.282 18.9036
115 165.282 18.8936
116 165.261 18.8936
117 165.261 18.9107
118 165.27 18.9107
119 165.27 18.9076
120 165.27 18.9076
