0 0.557397 -2.46239
1 1.2582 -6.47662
2 1.29379 -8.02099
3 1.63872 -6.53583
4 3.79524 -3.26863
5 7.87103 -0.910815
6 11.5355 -1.0998
7 12.5114 -2.00503
8 12.5156 -0.767203
9 14.9225 0.876454
10 17.5781 -0.654873
11 17.1345 -2.52957
12 16.6365 -2.48936
13 16.6304 -2.7778
14 16.2572 -2.77619
15 16.2573 -2.57614
16 16.3204 -2.57615
17 16.3204 -2.58472
18 16.3232 -2.58472
19 16.3232 -2.58697
20 16.3224 -2.58697
21 16.3224 -2.5868
22 16.3224 -2.5868
23 16.3224 -2.58679
24 16.3224 -2.58679
25 16.3224 -2.5868
