0 -7.72453 1.99861
1 -20.2064 5.2948
2 -24.9543 6.6251
3 -20.2418 5.1767
4 -8.04653 0.95602
5 6.77424 -4.93272
6 18.4811 -10.3475
7 22.8074 -12.7013
8 18.6714 -10.0307
9 8.48085 -2.14731
10 -3.12715 8.7444
11 -11.5367 18.4881
12 -14.2979 22.5522
13 -12.0677 18.1776
14 -7.8314 6.04982
15 -4.82612 -9.53026
16 -4.37814 -22.3491
17 -5.01669 -27.2025
18 -3.54002 -22.54
19 2.51152 -11.2699
20 12.5542 0.92238
21 22.5177 8.90267
22 26.8848 11.059
23 22.1501 9.94182
24 9.43018 10.0117
25 -5.77239 13.9421
26 -16.8391 20.1444
27 -20.2824 23.544
28 -17.9102 19.3349
29 -15.1021 7.02126
30 -16.2733 -8.52069
31 -21.0025 -20.1868
32 -24.1151 -23.8406
33 -19.9915 -21.401
34 -7.70339 -19.004
35 7.54541 -21.458
36 18.3518 -27.6805
37 21.321 -31.392
38 19.9632 -26.8479
39 21.2592 -14.5273
40 28.7285 -1.20036
41 38.5959 6.1926
42 43.1854 7.19531
43 38.6167 8.23533
44 29.0564 15.8692
45 22.6899 29.5398
46 23.1338 41.6971
47 25.4362 45.7175
48 21.5126 43.2805
49 9.4734 42.6843
50 -3.77849 49.3874
51 -10.2719 59.4477
52 -10.4188 64.0029
53 -12.6769 60.063
54 -23.1502 54.5313
55 -37.6746 55.8478
56 -46.8219 63.2249
57 -48.1077 67.5061
58 -49.511 63.2822
59 -58.9173 56.4921
60 -73.1901 56.6622
61 -82.2582 63.723
62 -83.326 67.9588
63 -85.13 64.005
64 -95.2969 59.033
65 -108.79 62.4217
66 -115.208 71.5897
67 -114.713 75.81
68 -117.906 73.0465
69 -128.882 73.4972
70 -138.189 83.2589
71 -137.965 94.092
72 -134.969 96.9038
73 -139.04 97.1362
74 -145.768 105.315
75 -143.804 118.147
76 -135.004 123.709
77 -131.248 122.518
78 -132.687 126.146
79 -127.621 134.898
80 -115.355 136.473
81 -108.516 129.326
82 -109.216 125.659
83 -105.84 127.138
84 -97.8493 121.966
85 -97.9544 110.372
86 -105.887 105.645
87 -108.92 107.326
88 -108.917 103.921
89 -116.639 99.8263
90 -125.254 105.953
91 -123.797 114.175
92 -120.783 114.926
93 -122.583 117.345
94 -118.52 123.808
95 -109.653 121.843
96 -108.972 114.846
97 -111.338 113.894
98 -109.911 111.965
99 -113.725 107.544
100 -119.446 110.846
101 -117.716 115.32
102 -116.16 114.926
103 -115.945 116.275
104 -113.016 115.997
105 -113.169 113.113
106 -114.956 113.164
107 -114.949 113.667
108 -115.308 113.67
109 -115.306 114.32
110 -114.766 114.319
