0 4.71592 24.7867
1 14.1725 74.3553
2 23.7035 123.91
3 33.3583 173.44
4 43.1864 222.936
5 53.2371 272.387
6 63.5596 321.783
7 74.2029 371.109
8 85.2158 420.355
9 96.6468 469.505
10 108.544 518.544
11 120.956 567.454
12 133.929 616.219
13 147.511 664.817
14 161.747 713.228
15 176.684 761.426
16 192.366 809.387
17 208.837 857.082
18 226.14 904.481
19 244.316 951.552
20 263.407 998.258
21 283.451 1044.56
22 304.486 1090.43
23 326.548 1135.8
24 349.669 1180.65
25 373.881 1224.91
26 399.215 1268.55
27 425.695 1311.49
28 453.346 1353.69
29 482.188 1395.09
30 512.238 1435.61
31 543.51 1475.2
32 576.013 1513.79
33 609.752 1551.3
34 644.728 1587.65
35 680.937 1622.78
36 718.369 1656.59
37 757.01 1689.02
38 796.839 1719.98
39 837.83 1749.38
40 879.949 1777.13
41 923.157 1803.16
42 967.406 1827.37
43 1012.64 1849.68
44 1058.81 1870
45 1105.83 1888.25
46 1153.63 1904.33
47 1202.13 1918.18
48 1251.23 1929.7
49 1300.83 1938.83
50 1350.82 1945.49
51 1401.08 1949.63
52 1451.48 1951.16
53 1501.9 1950.05
54 1552.18 1946.24
55 1602.18 1939.7
56 1651.73 1930.4
57 1700.68 1918.3
58 1748.86 1903.42
59 1796.08 1885.74
60 1842.16 1865.29
61 1886.92 1842.08
62 1930.16 1816.17
63 1971.7 1787.61
64 2011.34 1756.46
65 2048.89 1722.83
66 2084.15 1686.81
67 2116.94 1648.53
68 2147.07 1608.12
69 2174.36 1565.74
70 2198.64 1521.57
71 2219.74 1475.81
72 2237.51 1428.65
73 2251.82 1380.33
74 2262.54 1331.09
75 2269.56 1281.19
76 2272.79 1230.9
77 2272.17 1180.52
78 2267.64 1130.33
79 2259.19 1080.66
80 2246.82 1031.83
81 2230.55 984.144
82 2210.46 937.948
83 2186.62 893.569
84 2159.16 851.337
85 2128.24 811.578
86 2094.02 774.61
87 2056.75 740.742
88 2016.65 710.267
89 1974.01 683.462
90 1929.15 660.581
91 1882.4 641.855
92 1834.14 627.485
93 1784.76 617.642
94 1734.68 612.459
95 1684.33 612.032
96 1634.17 616.415
97 1584.68 625.617
98 1536.32 639.601
99 1489.57 658.279
100 1444.92 681.514
101 1402.83 709.118
102 1363.76 740.849
103 1328.16 776.416
104 1296.42 815.476
105 1268.95 857.635
106 1246.07 902.456
107 1228.1 949.455
108 1215.29 998.112
109 1207.83 1047.87
110 1205.87 1098.14
111 1209.47 1148.32
112 1218.64 1197.78
113 1233.32 1245.89
114 1253.37 1292.02
115 1278.56 1335.55
116 1308.61 1375.88
117 1343.15 1412.43
118 1381.75 1444.66
119 1423.89 1472.09
120 1469 1494.29
121 1516.46 1510.9
122 1565.58 1521.61
123 1615.64 1526.22
124 1665.88 1524.61
125 1715.53 1516.77
126 1763.79 1502.75
127 1809.9 1482.75
128 1853.07 1457.03
129 1892.58 1425.98
130 1927.73 1390.07
131 1957.9 1349.89
132 1982.51 1306.09
133 2001.11 1259.42
134 2013.31 1210.69
135 2018.84 1160.76
136 2017.56 1110.55
137 2009.43 1060.99
138 1994.57 1013.02
139 1973.21 967.571
140 1945.72 925.551
141 1912.6 887.812
142 1874.48 855.142
143 1832.09 828.24
144 1786.28 807.701
145 1738 793.996
146 1688.23 787.464
147 1638.05 788.293
148 1588.54 796.514
149 1540.81 811.994
150 1495.93 834.435
151 1454.95 863.372
152 1418.82 898.182
153 1388.43 938.09
154 1364.52 982.188
155 1347.72 1029.45
156 1338.47 1078.74
157 1337.04 1128.87
158 1343.53 1178.59
159 1357.82 1226.65
160 1379.59 1271.82
161 1408.33 1312.9
162 1443.31 1348.79
163 1483.67 1378.53
164 1528.33 1401.26
165 1576.13 1416.34
166 1625.76 1423.29
167 1675.84 1421.89
168 1724.98 1412.11
169 1771.77 1394.2
170 1814.84 1368.62
171 1852.91 1336.08
172 1884.84 1297.48
173 1909.63 1253.97
174 1926.49 1206.82
175 1934.86 1157.45
176 1934.44 1107.38
177 1925.19 1058.18
178 1907.36 1011.41
179 1881.46 968.575
180 1848.31 931.087
181 1808.93 900.203
182 1764.6 876.982
183 1716.79 862.241
184 1667.09 856.525
185 1617.19 860.077
186 1568.82 872.822
187 1523.68 894.362
188 1483.38 923.981
189 1449.39 960.662
190 1422.98 1003.11
191 1405.13 1049.82
192 1396.56 1099.07
193 1397.63 1149.04
194 1408.35 1197.86
195 1428.36 1243.66
196 1456.93 1284.65
197 1493 1319.23
198 1535.18 1346.01
199 1581.83 1363.87
200 1631.1 1372.07
201 1681.01 1370.22
202 1729.52 1358.36
203 1774.62 1336.92
204 1814.41 1306.75
205 1847.18 1269.09
206 1871.51 1225.5
207 1886.32 1177.83
208 1890.91 1128.14
209 1885.04 1078.58
210 1868.92 1031.36
211 1843.22 988.596
212 1809.06 952.238
213 1767.97 923.971
214 1721.79 905.132
215 1672.65 896.639
216 1622.83 898.934
217 1574.71 911.958
218 1530.57 935.134
219 1492.57 967.391
220 1462.58 1007.2
221 1442.1 1052.63
222 1432.2 1101.47
223 1433.42 1151.28
224 1445.73 1199.55
225 1468.57 1243.82
226 1500.79 1281.79
227 1540.78 1311.48
228 1586.46 1331.29
229 1635.45 1340.13
230 1685.17 1337.5
231 1732.93 1323.48
232 1776.14 1298.79
233 1812.42 1264.73
234 1839.74 1223.14
235 1856.55 1176.32
236 1861.86 1126.85
237 1855.31 1077.55
238 1837.25 1031.21
239 1808.66 990.525
240 1771.17 957.874
241 1726.93 935.202
242 1678.52 923.887
243 1628.83 924.647
244 1580.82 937.483
245 1537.41 961.664
246 1501.28 995.757
247 1474.66 1037.7
248 1459.26 1084.92
249 1456.07 1134.48
250 1465.35 1183.26
251 1486.55 1228.15
252 1518.36 1266.27
253 1558.75 1295.11
254 1605.13 1312.78
255 1654.47 1318.05
256 1703.51 1310.55
257 1748.98 1290.71
258 1787.81 1259.85
259 1817.33 1220
260 1835.5 1173.86
261 1841.02 1124.59
262 1833.47 1075.59
263 1813.32 1030.31
264 1781.96 991.934
265 1741.57 963.228
266 1695.01 946.278
267 1645.63 942.35
268 1597 951.773
269 1552.7 973.902
270 1516 1007.15
271 1489.67 1049.08
272 1475.72 1096.57
273 1475.23 1146.06
274 1488.3 1193.79
275 1513.96 1236.1
276 1550.28 1269.69
277 1594.46 1291.93
278 1643.08 1301.03
279 1692.29 1296.23
280 1738.2 1277.87
281 1777.11 1247.38
282 1805.86 1207.17
283 1822.07 1160.49
284 1824.39 1111.13
285 1812.57 1063.16
286 1787.54 1020.57
287 1751.38 986.933
288 1707.07 965.123
289 1658.37 957.024
290 1609.41 963.37
291 1564.41 983.662
292 1527.29 1016.18
293 1501.31 1058.13
294 1488.79 1105.85
295 1490.88 1155.13
296 1507.43 1201.59
297 1537.01 1241.05
298 1576.98 1269.91
299 1623.74 1285.52
300 1673.02 1286.42
301 1720.28 1272.46
302 1761.13 1244.91
303 1791.73 1206.3
304 1809.16 1160.23
305 1811.73 1111.06
306 1799.16 1063.45
307 1772.61 1021.99
308 1734.61 990.717
309 1688.81 972.693
310 1639.7 969.728
311 1592.1 982.157
312 1550.75 1008.79
313 1519.79 1047.01
314 1502.39 1092.99
315 1500.32 1142.11
316 1513.86 1189.36
317 1541.65 1229.89
318 1580.86 1259.5
319 1627.46 1275.07
320 1676.58 1274.94
321 1723.05 1259.07
322 1761.95 1229.11
323 1789.11 1188.22
324 1801.57 1140.74
325 1797.96 1091.8
326 1778.61 1046.71
327 1745.61 1010.42
328 1702.55 986.934
329 1654.18 978.901
330 1605.87 987.255
331 1563.04 1011.1
332 1530.54 1047.79
333 1512.1 1093.19
334 1509.85 1142.13
335 1524.1 1188.99
336 1553.24 1228.35
337 1593.92 1255.61
338 1641.4 1267.53
339 1690.11 1262.68
340 1734.26 1241.58
341 1768.59 1206.72
342 1788.95 1162.24
343 1792.83 1113.48
344 1779.74 1066.37
345 1751.22 1026.66
346 1710.75 999.251
347 1663.3 987.568
348 1614.75 993.102
349 1571.19 1015.2
350 1538.1 1051.13
351 1519.71 1096.36
352 1518.39 1145.17
353 1534.35 1191.29
354 1565.59 1228.79
355 1608.08 1252.77
356 1656.31 1260.08
357 1703.97 1249.72
358 1744.76 1223.01
359 1773.27 1183.46
360 1785.64 1136.32
361 1780.19 1087.89
362 1757.61 1044.72
363 1720.92 1012.68
364 1675.1 996.167
365 1626.43 997.492
366 1581.62 1016.51
367 1546.91 1050.62
368 1527.16 1095.1
369 1525.19 1143.71
370 1541.32 1189.59
371 1573.3 1226.23
372 1616.59 1248.36
373 1664.99 1252.77
374 1711.54 1238.79
375 1749.45 1208.4
376 1773.16 1166.01
377 1779.18 1117.82
378 1766.55 1070.93
379 1737.13 1032.32
380 1695.27 1007.77
381 1647.22 1001
382 1600.23 1013.06
383 1561.44 1042.18
384 1536.79 1083.93
385 1530.09 1131.95
386 1542.41 1178.82
387 1571.89 1217.28
388 1613.95 1241.31
389 1662.04 1247.11
390 1708.58 1233.72
391 1746.18 1203.23
392 1768.84 1160.46
393 1772.9 1112.24
394 1757.65 1066.33
395 1725.54 1030.16
396 1681.75 1009.64
397 1633.43 1008.17
398 1588.52 1026.03
399 1554.44 1060.29
400 1536.9 1105.31
401 1538.86 1153.57
402 1560.02 1196.97
403 1596.85 1228.18
404 1643.14 1241.87
405 1690.99 1235.67
406 1732.2 1210.6
407 1759.67 1170.95
408 1768.59 1123.57
409 1757.38 1076.69
410 1727.95 1038.51
411 1685.47 1015.79
412 1637.41 1012.56
413 1592.31 1029.44
414 1558.23 1063.45
415 1541.32 1108.52
416 1544.66 1156.52
417 1567.69 1198.76
418 1606.24 1227.53
419 1653.28 1237.51
420 1700.15 1226.85
421 1738.19 1197.47
422 1760.29 1154.81
423 1762.3 1106.81
424 1743.79 1062.5
425 1708.24 1030.23
426 1662.35 1016.17
427 1614.85 1023.02
428 1574.86 1049.51
429 1550.07 1090.57
430 1545.33 1138.29
431 1561.59 1183.38
432 1595.7 1217.04
433 1641.01 1232.63
434 1688.58 1227.03
435 1728.98 1201.34
436 1754.16 1160.62
437 1759.03 1113.01
438 1742.59 1068.08
439 1708.12 1034.91
440 1662.59 1020.28
441 1615.29 1027.19
442 1575.91 1054.27
443 1552.58 1095.97
444 1550.17 1143.68
445 1569.21 1187.47
446 1605.75 1218.19
447 1652.16 1229.36
448 1698.64 1218.58
449 1735.34 1188.11
450 1754.42 1144.4
451 1751.77 1096.8
452 1727.92 1055.54
453 1687.99 1029.54
454 1640.62 1024.48
455 1596.15 1041.5
456 1564.31 1076.89
457 1552.15 1122.91
458 1562.38 1169.37
459 1592.77 1205.96
460 1636.56 1224.49
461 1683.95 1220.78
462 1724.27 1195.62
463 1748.37 1154.67
464 1750.75 1107.24
465 1730.83 1064.14
466 1693.14 1035.28
467 1646.36 1027.33
468 1601.31 1042.17
469 1568.46 1076.38
470 1555.53 1121.99
471 1565.57 1168.31
472 1596.26 1204.41
473 1640.35 1221.72
474 1687.36 1216.09
475 1726.07 1188.84
476 1747.15 1146.47
477 1745.5 1099.19
478 1721.48 1058.45
479 1680.91 1034.18
480 1633.68 1032.33
481 1591.39 1053.4
482 1564.47 1092.22
483 1559.63 1139.19
484 1578.09 1182.63
485 1615.28 1211.68
486 1661.89 1219.02
487 1706.16 1202.76
488 1736.88 1167
489 1746.21 1120.8
490 1731.73 1075.97
491 1697.14 1044
492 1651.32 1033.17
493 1606.12 1046.31
494 1573.3 1080.03
495 1561.46 1125.55
496 1573.72 1170.95
497 1606.89 1204.25
498 1652.22 1216.64
499 1697.68 1204.78
500 1731.12 1171.81
501 1743.57 1126.55
502 1731.65 1081.16
503 1698.54 1047.92
504 1653.22 1035.88
505 1608.02 1048.34
506 1575.34 1081.92
507 1564.17 1127.42
508 1577.63 1172.28
509 1612.03 1204.05
510 1657.79 1213.86
511 1702.13 1198.93
512 1732.59 1163.44
513 1740.55 1117.37
514 1723.73 1073.77
515 1686.89 1045.04
516 1640.53 1039.42
517 1597.94 1058.54
518 1571.4 1096.94
519 1568.62 1143.51
520 1590.42 1184.73
521 1630.49 1208.57
522 1677.09 1208.02
523 1716.52 1183.21
524 1737.12 1141.44
525 1732.76 1095.1
526 1704.7 1057.97
527 1661.31 1041.18
528 1615.62 1049.81
529 1581.39 1081.27
530 1569.02 1126.06
531 1582.3 1170.58
532 1617.19 1201.22
533 1663.02 1208.57
534 1705.69 1190.35
535 1732 1152.15
536 1733.77 1105.82
537 1710.42 1065.79
538 1669.22 1044.59
539 1623.11 1048.91
540 1586.63 1077.42
541 1571.35 1121.1
542 1582.15 1166.08
543 1615.62 1197.99
544 1661.04 1206.59
545 1703.8 1189.07
546 1730.07 1151.09
547 1731.31 1104.93
548 1707.09 1065.65
549 1665.31 1046.09
550 1619.67 1052.71
551 1585.22 1083.35
552 1573.39 1127.88
553 1588.13 1171.52
554 1624.55 1199.7
555 1670.46 1202.95
556 1710.42 1180.16
557 1730.94 1139.01
558 1725.03 1093.42
559 1694.68 1058.92
560 1650.24 1047.31
561 1606.94 1062.6
562 1579.72 1099.55
563 1577.99 1145.39
564 1602.38 1184.22
565 1644.42 1202.49
566 1689.4 1193.79
567 1721.53 1161.16
568 1729.46 1116.07
569 1710.36 1074.48
570 1671 1051.19
571 1625.4 1054.52
572 1589.89 1083.29
573 1577.26 1127.2
574 1592.09 1170.39
575 1629.02 1197.21
576 1674.64 1197.89
577 1712.29 1172.16
578 1728.16 1129.43
579 1716.39 1085.41
580 1681.31 1056.37
581 1635.9 1053.09
582 1597.07 1076.81
583 1579.33 1118.7
584 1589.37 1163.04
585 1623.41 1193.15
586 1668.62 1197.61
587 1707.84 1174.73
588 1726.12 1133.19
589 1716.46 1088.87
590 1682.54 1058.77
591 1637.42 1054.51
592 1598.54 1077.76
593 1580.99 1119.51
594 1591.65 1163.5
595 1626.35 1192.52
596 1671.49 1195.17
597 1709.28 1170.39
598 1724.77 1127.95
599 1711.79 1084.7
600 1675.49 1057.88
601 1630.37 1058.23
602 1594.56 1085.64
603 1582.5 1129.07
604 1599.08 1170.95
605 1637.6 1194.29
606 1682.35 1189.54
607 1715.04 1158.63
608 1722.23 1114.25
609 1700.94 1074.67
610 1659.95 1056.28
611 1616.29 1066.73
612 1588.14 1101.69
613 1587.3 1146.54
614 1614.14 1182.45
615 1657.36 1194.28
616 1698.69 1177.01
617 1720.57 1137.96
618 1713.67 1093.75
619 1680.92 1063.3
620 1636.37 1059.68
621 1599.21 1084.47
622 1585.51 1126.97
623 1601.24 1168.74
624 1639.55 1191.58
625 1683.72 1185.49
626 1714.36 1153.13
627 1717.96 1108.73
628 1692.92 1071.93
629 1650.33 1059.04
630 1609.15 1075.83
631 1587.79 1114.81
632 1595.83 1158.5
633 1629.67 1187.23
634 1674.04 1188.03
635 1708.82 1160.51
636 1718.18 1117.18
637 1697.83 1077.82
638 1657.08 1060.48
639 1614.68 1073.15
640 1590.19 1109.99
641 1594.97 1153.94
642 1626.82 1184.57
643 1670.88 1187.57
644 1706.52 1161.54
645 1716.98 1118.68
646 1697.33 1079.22
647 1656.84 1061.83
648 1614.75 1074.79
649 1591.12 1111.93
650 1597.28 1155.48
651 1630.27 1184.55
652 1674.21 1185.1
653 1707.84 1156.87
654 1714.85 1113.54
655 1691.8 1076.22
656 1649.96 1063.15
657 1609.83 1080.75
658 1591.19 1120.37
659 1603.23 1162.44
660 1640.02 1186.11
661 1683.24 1179.58
662 1711.33 1146.12
663 1710.19 1102.47
664 1680.41 1070.59
665 1636.98 1066.56
666 1601.91 1092.43
667 1593.01 1135.07
668 1614.84 1172.74
669 1656.22 1186.15
670 1695.92 1168.42
671 1713.47 1128.67
672 1699.8 1087.45
673 1661.98 1066.16
674 1619.71 1075.88
675 1595.08 1111.55
676 1601.01 1154.46
677 1634.38 1182.04
678 1677.58 1179.71
679 1707.72 1148.71
680 1708.77 1105.51
681 1680.16 1073.17
682 1637.2 1069
683 1602.98 1095.25
684 1595.96 1137.77
685 1619.92 1173.56
686 1661.88 1183.18
687 1698.97 1161.39
688 1710.91 1120.09
689 1691.15 1081.95
690 1650.56 1067.95
691 1611.57 1085.84
692 1595.78 1125.7
693 1611.98 1165.37
694 1651.13 1182.7
695 1691.31 1167.98
696 1709.94 1129.49
697 1696.5 1088.92
698 1658.6 1069.24
699 1617.76 1081.62
700 1597.25 1119.01
701 1608.79 1160.03
702 1645.77 1181.15
703 1686.9 1170.22
704 1708.42 1133.54
705 1697.86 1092.37
706 1661.36 1070.67
707 1620.22 1081.08
708 1598.53 1117.52
709 1609.04 1158.58
710 1645.54 1180.04
711 1686.45 1169.21
712 1707.48 1132.53
713 1696.1 1091.83
714 1659.12 1071.45
715 1618.72 1083.6
716 1599.2 1120.98
717 1612.35 1161
718 1650.2 1179.43
719 1689.74 1165.07
720 1706.85 1126.67
721 1691.07 1087.74
722 1652.08 1072.19
723 1613.92 1089.6
724 1600.18 1129.19
725 1619.38 1166.41
726 1659.56 1178.09
727 1695.63 1156.93
728 1704.98 1116.21
729 1681.74 1081.53
730 1640.57 1074.77
731 1607.54 1100.2
732 1603.63 1141.67
733 1631.33 1172.74
734 1672.91 1173.54
735 1701.69 1143.57
736 1699.15 1102.13
737 1666.94 1075.99
738 1625.94 1082.09
739 1602.81 1116.45
740 1612.65 1156.65
741 1649 1176.37
742 1687.97 1162.65
743 1703.89 1124.56
744 1686.22 1087.28
745 1646.71 1075.56
746 1611.66 1097.18
747 1604.49 1137.7
748 1629.99 1169.95
749 1671 1172.24
750 1699.85 1143.05
751 1697 1102.14
752 1664.41 1077.31
753 1624.3 1085.48
754 1604.1 1121.04
755 1617.66 1159.59
756 1655.63 1174.58
757 1691.78 1155.68
758 1701.05 1115.99
759 1677.01 1083.13
760 1636.45 1080.01
761 1607.77 1108.8
762 1611.1 1149.28
763 1644.08 1172.9
764 1683.39 1162.98
765 1701.12 1126.57
766 1684.68 1089.6
767 1645.82 1078.47
768 1612.4 1101.15
769 1608.44 1141.3
770 1636.78 1169.96
771 1676.89 1166.4
772 1699.64 1133.21
773 1688.47 1094.61
774 1651.55 1078.79
775 1615.99 1097.36
776 1607.95 1136.62
777 1633.34 1167.58
778 1673.34 1167.3
779 1698.21 1136.02
780 1689.41 1097.09
781 1653.55 1079.63
782 1617.58 1096.74
783 1608.57 1135.51
784 1633.33 1166.62
785 1673.05 1166.49
786 1697.5 1135.25
787 1688.04 1096.76
788 1651.94 1080.5
789 1616.95 1098.95
790 1610.05 1137.86
791 1636.55 1167.11
792 1675.86 1164.01
793 1697.36 1131.01
794 1684.27 1093.91
795 1646.88 1081.79
796 1614.62 1104.17
797 1612.94 1143.35
798 1643.13 1168.3
799 1681.2 1159.22
800 1696.78 1123.37
801 1677.45 1089.45
802 1638.74 1084.66
803 1611.84 1112.84
804 1618.45 1151.19
805 1653.19 1168.62
806 1687.78 1150.99
807 1694.01 1112.71
808 1666.8 1085.14
809 1628.55 1090.9
810 1610.77 1125.21
811 1628.14 1159.68
812 1666.22 1165.71
813 1693.29 1138.32
814 1686.76 1100.42
815 1652.14 1083.77
816 1618.57 1102.34
817 1614.35 1140.43
818 1643.03 1165.78
819 1680.2 1156.89
820 1694.2 1121.37
821 1673.09 1089.62
822 1635.01 1088.86
823 1612.76 1119.71
824 1625.52 1155.48
825 1662.2 1165.19
826 1690.87 1140.43
827 1686.56 1102.84
828 1653.08 1085.33
829 1619.86 1103.24
830 1616.17 1140.75
831 1645.22 1164.67
832 1681.21 1153.82
833 1692.1 1117.9
834 1668.2 1089.01
835 1630.99 1093.03
836 1613.92 1126.29
837 1632.35 1158.75
838 1669.56 1161.04
839 1691.72 1131.13
840 1678.68 1096.32
841 1642.41 1088.44
842 1616.22 1114.66
843 1624.19 1150.81
844 1658.91 1163.48
845 1688.16 1140.98
846 1684.76 1104.28
847 1651.94 1087.65
848 1620.47 1106.61
849 1619.9 1143.29
850 1650.71 1163.09
851 1683.71 1147.33
852 1687.58 1111.02
853 1658.7 1088.77
854 1624.72 1101.81
855 1618.21 1137.57
856 1645.39 1161.6
857 1679.95 1150.75
858 1688.42 1115.59
859 1662.61 1090.33
860 1627.77 1099.59
861 1618 1134.22
862 1642.84 1160.19
863 1677.74 1151.92
864 1688.18 1117.67
865 1663.87 1091.47
866 1629.07 1099.37
867 1618.57 1133.41
868 1642.83 1159.41
869 1677.38 1151.24
870 1687.32 1117.23
871 1662.65 1091.88
872 1628.52 1100.93
873 1619.76 1135.07
874 1645.27 1159.3
875 1678.76 1148.76
876 1685.71 1114.41
877 1659 1091.83
878 1626.43 1104.41
879 1621.94 1138.96
880 1650.13 1159.32
881 1681.36 1144.18
882 1682.76 1109.57
883 1652.93 1092.09
884 1623.57 1110.22
885 1625.91 1144.57
886 1657.35 1158.44
887 1684.14 1137.03
888 1677.49 1103.46
889 1644.69 1093.98
890 1621.31 1118.77
891 1632.73 1150.8
892 1666.38 1155.12
893 1685.38 1127.1
894 1668.91 1097.61
895 1635.24 1099.15
896 1621.67 1129.92
897 1643.19 1155.66
898 1675.71 1147.72
899 1682.83 1115.09
900 1656.65 1094.47
901 1626.78 1109.05
902 1626.98 1142.2
903 1656.92 1156.27
904 1682.4 1135.29
905 1674.32 1103.39
906 1642.08 1097.18
907 1622.88 1123.72
908 1638.86 1152.21
909 1671.34 1149.6
910 1682.44 1119.07
911 1659.29 1096.39
912 1629.18 1108.13
913 1627.58 1140.32
914 1656.25 1154.84
915 1681.07 1134.55
916 1672.5 1103.76
917 1640.94 1099.3
918 1624.35 1126.41
919 1642.63 1152.29
920 1673.52 1145.68
921 1679.49 1114.75
922 1653.39 1097.29
923 1627.29 1114.57
924 1633.21 1145.21
925 1663.7 1151.4
926 1680.92 1125.61
927 1663.56 1100.03
928 1633.45 1106.55
929 1628.34 1136.82
930 1654.5 1152.69
931 1678.76 1134.22
932 1670.42 1105.01
933 1640.27 1102.24
934 1626.92 1129.29
935 1647.38 1151.32
936 1675.1 1140.01
937 1674.24 1110.19
938 1646.1 1100.66
939 1627.5 1123.68
940 1642.7 1148.94
941 1671.51 1143.26
942 1675.85 1114.34
943 1650.16 1100.64
944 1628.81 1120.25
945 1640.26 1146.75
946 1668.92 1144.56
947 1676.06 1116.86
948 1652.22 1101.3
949 1630 1118.9
950 1639.69 1145.39
951 1667.75 1144.42
952 1675.42 1117.56
953 1652.3 1102.15
954 1630.74 1119.46
955 1640.77 1145.06
956 1668.04 1143.04
957 1674.05 1116.52
958 1650.52 1103.19
959 1631.15 1121.82
960 1643.49 1145.52
961 1669.53 1140.31
962 1671.66 1114.01
963 1647.09 1104.87
964 1631.8 1125.95
965 1647.97 1146.13
966 1671.51 1135.86
967 1667.66 1110.65
968 1642.5 1108.01
969 1633.72 1131.54
970 1654.21 1145.71
971 1672.76 1129.39
972 1661.42 1107.67
973 1637.86 1113.57
974 1638.19 1137.64
975 1661.49 1142.69
976 1671.47 1121.3
977 1652.94 1107.06
978 1635.28 1122
979 1646.1 1142.14
980 1667.77 1135.71
981 1665.79 1113.47
982 1643.86 1111.14
983 1637.53 1131.96
984 1656.57 1141.86
985 1669.51 1125.14
986 1655.5 1109.74
987 1638.26 1120.8
988 1646.24 1139.27
989 1665.37 1134.37
990 1663.44 1115.1
991 1644.5 1114.26
992 1641.12 1132.48
993 1658.32 1138.08
994 1665.83 1122.15
995 1651.32 1113.07
996 1640.99 1126.07
997 1652.45 1137.31
998 1664.32 1127.37
999 1655.84 1115.16
1000 1643.51 1122.27
1001 1649.38 1134.5
1002 1661.34 1129.74
1003 1657.55 1118.2
1004 1646.54 1121.17
1005 1648.82 1131.55
1006 1658.52 1129.84
1007 1657.26 1120.87
1008 1649.03 1121.77
1009 1649.67 1129.25
1010 1656.4 1128.81
1011 1656.1 1122.8
1012 1650.78 1123
1013 1650.91 1127.66
1014 1654.98 1127.58
1015 1654.93 1124.07
1016 1651.91 1124.1
1017 1651.93 1126.67
1018 1654.1 1126.66
1019 1654.1 1124.83
1020 1652.57 1124.84
1021 1652.58 1126.1
1022 1653.62 1126.1
1023 1653.62 1125.24
1024 1652.92 1125.24
1025 1652.92 1125.81
1026 1653.38 1125.81
1027 1653.38 1125.44
1028 1653.08 1125.44
1029 1653.08 1125.68
1030 1653.27 1125.68
1031 1653.27 1125.53
1032 1653.15 1125.53
1033 1653.15 1125.62
1034 1653.22 1125.62
1035 1653.22 1125.57
1036 1653.18 1125.57
1037 1653.18 1125.6
1038 1653.21 1125.6
1039 1653.21 1125.58
1040 1653.19 1125.58
1041 1653.19 1125.59
1042 1653.2 1125.59
1043 1653.2 1125.58
1044 1653.2 1125.58
1045 1653.2 1125.59
1046 1653.2 1125.59
1047 1653.2 1125.58
1048 1653.2 1125.58
1049 1653.2 1125.59
1050 1653.2 1125.59
1051 1653.2 1125.59
1052 1653.2 1125.59
1053 1653.2 1125.59
1054 1653.2 1125.59
1055 1653.2 1125.59
1056 1653.2 1125.59
1057 1653.2 1125.59
1058 1653.2 1125.59
1059 1653.2 1125.59
1060 1653.2 1125.59
1061 1653.2 1125.59
1062 1653.2 1125.59
1063 1653.2 1125.59
1064 1653.2 1125.59
1065 1653.2 1125.59
1066 1653.2 1125.59
1067 1653.2 1125.59
1068 1653.2 1125.59
1069 1653.2 1125.59
1070 1653.2 1125.59
1071 1653.2 1125.59
1072 1653.2 1125.59
1073 1653.2 1125.59
1074 1653.2 1125.59
1075 1653.2 1125.59
1076 1653.2 1125.59
1077 1653.2 1125.59
1078 1653.2 1125.59
1079 1653.2 1125.59
1080 1653.2 1125.59
1081 1653.2 1125.59
1082 1653.2 1125.59
1083 1653.2 1125.59
1084 1653.2 1125.59
1085 1653.2 1125.59
1086 1653.2 1125.59
1087 1653.2 1125.59
1088 1653.2 1125.59
1089 1653.2 1125.59
1090 1653.2 1125.59
1091 1653.2 1125.59
1092 1653.2 1125.59
1093 1653.2 1125.59
1094 1653.2 1125.59
1095 1653.2 1125.59
1096 1653.2 1125.59
1097 1653.2 1125.59
1098 1653.2 1125.59
1099 1653.2 1125.59
1100 1653.2 1125.59
