0 -7.72453 1.99861
1 5.10379 -1.38905
2 -0.775942 0.258376
3 -3.7511 1.17279
4 6.90793 -2.51623
5 -7.62807 3.25936
6 5.74092 -2.92424
7 -2.03723 1.30753
8 -2.03723 1.30753
9 4.96084 -4.10618
10 -5.76355 5.95645
11 4.43146 -5.85603
12 -1.88696 3.4436
13 -0.478981 0.681823
14 1.5249 -5.0549
15 -0.973899 7.89946
16 -0.420162 -7.94556
17 1.29798 5.11342
18 -0.530705 -0.660637
19 -1.99 -3.37836
20 5.11124 5.24289
21 -6.96763 -4.43175
22 6.08889 2.01505
23 -2.42341 0.00655279
24 -2.42341 0.00655279
25 6.02269 -2.17707
26 -6.61524 4.90582
27 4.31347 -5.88428
28 -1.1147 3.74736
29 -0.437527 0.777997
30 -0.885742 -5.16965
31 3.9747 6.82018
32 -6.09776 -5.00392
33 4.99743 1.5602
34 -0.815139 0.426335
35 -3.79003 0.905085
36 5.65513 -4.53363
37 -3.76883 7.24634
38 0.290866 -6.33954
39 1.18088 2.12129
40 1.18088 2.12129
41 -5.59531 -2.95563
42 8.12606 0.0422081
43 -6.3745 3.34312
44 1.98148 -3.32914
45 0.739446 -0.662131
46 0.949396 5.08852
47 -5.24558 -5.72916
48 7.45141 2.15708
49 -4.92189 1.54429
50 0.149386 -1.02089
51 1.71525 -3.44687
52 1.37923 6.97667
53 -5.78769 -5.52822
54 6.17263 0.788842
55 -1.89667 1.52023
56 -1.89667 1.52023
57 0.414981 -6.17671
58 4.6105 6.4517
59 -6.79292 -1.78003
60 3.29948 -1.90033
61 1.11275 -0.197651
62 -0.209547 5.04783
63 -5.06377 -5.59055
64 7.50313 0.555136
65 -3.71606 3.37268
66 -0.680463 -0.964012
67 -0.992609 -3.62841
68 6.31424 2.6951
69 -6.99168 3.24146
70 1.60657 -5.77718
71 1.76032 1.66211
72 1.76032 1.66211
73 -5.55844 2.0799
74 2.12465 -7.25965
75 4.05022 5.32578
76 -3.64133 0.46413
77 -1.27011 -0.287546
78 0.511311 -4.77973
79 5.71767 4.2157
80 -6.54823 2.64115
81 0.480628 -4.70376
82 1.34739 -0.162755
83 3.47874 0.770703
84 -3.50541 5.29072
85 -3.60852 -6.08068
86 5.45027 -0.681781
87 -0.00329936 2.34133
88 -0.00329936 2.34133
89 -5.30617 -0.470366
90 2.65305 -6.13067
91 4.41922 3.8372
92 -2.47709 2.11858
93 -1.34095 0.591274
94 -3.26297 -2.46558
95 4.10948 -4.09934
96 3.26757 4.54977
97 -3.09888 1.98808
98 -1.33152 -0.400784
99 -2.25142 -1.46687
100 1.79393 -3.80232
101 3.89214 1.62087
102 -0.759463 2.79841
103 -1.14501 0.373609
104 -1.14501 0.373609
105 -1.23041 -1.22839
106 0.809619 -1.28594
107 0.832101 0.31236
108 0.0103171 0.317806
109 0.00985317 0.161105
110 -0.196596 0.161365
111 -0.196747 -0.132126
112 0.0286982 -0.132171
113 0.0287069 -0.0151106
114 -0.00423518 -0.0151097
115 -0.00423508 -0.00504499
116 -0.0256851 -0.00504493
117 -0.0256851 -0.0222228
118 -0.016505 -0.0222228
119 -0.016505 -0.0191433
120 -0.016505 -0.0191433
