0 -7.72453 1.99861
1 4.75738 -1.29758
2 0.00949506 0.0327252
3 -4.70307 1.48112
4 7.49217 -2.73956
5 -7.3286 3.14918
6 4.37827 -2.26564
7 0.0519385 0.0881367
8 -4.08412 2.75873
9 6.10641 -5.12467
10 -5.50158 5.76704
11 2.90794 -3.97667
12 0.146691 0.0874169
13 -2.08351 4.46199
14 2.15282 -7.66581
15 -0.852457 7.91426
16 -0.404474 -4.90462
17 0.234075 -0.0512306
18 1.71073 4.61132
19 -4.34081 -6.65876
20 5.70187 5.53353
21 -4.26159 -2.44676
22 0.105522 -0.290451
23 4.8402 0.826705
24 -7.87971 0.896552
25 7.32287 -3.03386
26 -3.74383 3.16844
27 -0.300511 -0.23121
28 2.07169 -4.44039
29 -0.73647 7.8732
30 -1.90771 -7.66875
31 2.82148 3.99731
32 -0.291077 0.343462
33 -4.41462 -2.09611
34 7.87351 0.300962
35 -7.37529 2.75495
36 3.43113 -3.4676
37 0.461918 0.243924
38 -0.895961 4.7881
39 -2.19199 -7.53249
40 5.27729 5.79442
41 -4.59014 -1.59854
42 -0.000645577 -0.595834
43 4.56806 -1.63586
44 -4.99221 5.99802
45 1.37426 -7.6726
46 1.81811 4.48465
47 -0.484264 0.464238
48 -4.40785 -1.97274
49 7.63133 -1.3765
50 -5.62055 5.32664
51 0.872885 -4.73362
52 0.726043 -0.178366
53 2.98413 3.76156
54 -7.48921 -1.77012
55 7.03516 -3.08659
56 -2.11219 4.29056
57 -0.826409 0.00940067
58 -2.22972 -4.21452
59 7.17659 2.57556
60 -7.09622 2.74569
61 1.97188 -4.31512
62 0.904121 -0.0793913
63 2.7082 3.87438
64 -7.45863 -1.09758
65 6.03457 -4.48622
66 -0.382877 4.68183
67 -0.877306 0.461511
68 -4.07052 -2.30196
69 6.90509 -2.75264
70 -2.40159 7.00908
71 -2.62548 -3.82396
72 0.370251 -1.0121
73 4.44106 -1.24449
74 -2.28682 6.93391
75 -4.25011 -5.89808
76 4.54997 -0.335758
77 0.794032 0.854874
78 -0.64447 4.48231
79 -5.71024 -4.27021
80 6.55566 -2.69566
81 -0.283392 4.45091
82 -0.983304 0.784051
83 -4.35929 -0.694517
84 3.63143 -5.86597
85 3.73656 5.72821
86 -4.19598 1.00053
87 -1.16262 -0.680972
88 -1.15915 -4.08645
89 6.56284 0.00792154
90 -2.05216 6.13459
91 -3.50901 -2.08757
92 -0.495214 -1.33651
93 1.30439 -3.7557
94 5.36767 2.70669
95 -3.4991 4.67158
96 -2.81798 -2.32569
97 -0.451882 -1.37363
98 0.975263 -3.30264
99 4.78999 1.11829
100 -0.931002 4.42112
101 -2.66174 -0.0522833
102 -1.10589 -0.446145
103 -1.32033 -1.79486
104 1.60925 -2.07257
105 1.76296 0.810957
106 -0.0234382 0.861352
107 -0.0305215 0.357773
108 -0.389654 0.360153
109 -0.391578 -0.289665
110 0.147901 -0.290345
