0 0.557397 -2.46239
1 1.42363 -7.42426
2 1.53881 -12.4219
3 0.422582 -17.2281
4 -2.24303 -21.2665
5 -6.31881 -23.6243
6 -10.8483 -23.3907
7 -14.0064 -20.4614
8 -13.9928 -16.4557
9 -11.0176 -14.424
10 -8.36203 -15.9553
11 -8.91033 -18.2726
12 -10.522 -18.1425
13 -10.5021 -17.2091
14 -10.0408 -17.2111
15 -10.041 -17.4111
16 -10.1189 -17.4111
17 -10.1189 -17.3834
18 -10.1098 -17.3834
19 -10.1098 -17.3861
20 -10.1106 -17.3861
21 -10.1106 -17.3859
22 -10.1106 -17.3859
23 -10.1106 -17.3859
24 -10.1106 -17.3859
25 -10.1106 -17.3859
