0 0.557397 -2.46239
1 -0.143402 1.55185
2 -0.107811 0.00747861
3 -0.452744 -1.47769
4 1.70378 1.78951
5 -2.372 -0.568306
6 1.29245 -0.757296
7 0.31657 0.147928
8 0.320759 1.38575
9 -2.08623 -0.257903
10 0.569338 -1.78923
11 1.01292 0.0854694
12 0.514892 0.125678
13 0.521021 0.414118
14 0.147823 0.415735
15 0.147681 0.215689
16 0.210743 0.215683
17 0.210743 0.224254
18 0.213559 0.224254
19 0.213559 0.226508
20 0.212762 0.226508
21 0.212762 0.226334
22 0.212779 0.226334
23 0.212779 0.22633
24 0.212781 0.22633
25 0.212781 0.22633
26 0.212781 0.22633
27 0.212781 0.22633
28 0.212781 0.22633
29 0.212781 0.22633
30 0.212781 0.22633
31 0.212781 0.22633
32 0.212781 0.22633
33 0.212781 0.22633
34 0.212781 0.22633
35 0.212781 0.22633
36 0.212781 0.22633
37 0.212781 0.22633
38 0.212781 0.22633
39 0.212781 0.22633
40 0.212781 0.22633
41 0.212781 0.22633
42 0.212781 0.22633
43 0.212781 0.22633
44 0.212781 0.22633
45 0.212781 0.22633
46 0.212781 0.22633
47 0.212781 0.22633
48 0.212781 0.22633
49 0.212781 0.22633
50 0.212781 0.22633
