0 0.557397 -2.46239
1 0.825079 -3.99569
2 0.731901 0.0475292
3 1.63495 3.93575
4 0.811227 2.68779
5 -3.26456 0.329976
6 -4.66426 0.402164
7 -2.10936 -1.96774
8 -2.12033 -5.20841
9 -1.20094 -4.58059
10 1.45463 -6.11192
11 1.2852 -6.82799
12 2.58904 -6.93326
13 2.573 -7.68841
14 2.71555 -7.68902
15 2.7154 -7.88907
16 2.69132 -7.88907
17 2.69132 -7.91151
18 2.68394 -7.91151
19 2.68394 -7.91237
20 2.68315 -7.91237
21 2.68315 -7.9123
22 2.6831 -7.9123
23 2.6831 -7.91229
24 2.6831 -7.91229
25 2.6831 -7.91229
26 2.6831 -7.91229
27 2.6831 -7.91229
28 2.6831 -7.91229
29 2.6831 -7.91229
30 2.6831 -7.91229
31 2.6831 -7.91229
32 2.6831 -7.91229
33 2.6831 -7.91229
34 2.6831 -7.91229
35 2.6831 -7.91229
36 2.6831 -7.91229
37 2.6831 -7.91229
38 2.6831 -7.91229
39 2.6831 -7.91229
40 2.6831 -7.91229
41 2.6831 -7.91229
42 2.6831 -7.91229
43 2.6831 -7.91229
44 2.6831 -7.91229
45 2.6831 -7.91229
46 2.6831 -7.91229
47 2.6831 -7.91229
48 2.6831 -7.91229
49 2.6831 -7.91229
50 2.6831 -7.91229
