0 -7.72453 1.99861
1 -13.6288 3.55778
2 -2.76442 0.513726
3 11.3249 -3.8166
4 11.3249 -3.8166
5 -2.36772 1.62389
6 -12.5999 6.35661
7 -7.24222 3.44172
8 6.14236 -5.20051
9 10.9627 -8.92954
10 2.75462 -1.22794
11 -6.84887 9.89917
12 -6.84887 9.89917
13 -0.181166 -3.17967
14 3.52152 -13.7798
15 2.37145 -7.81752
16 1.81771 8.02749
17 2.60848 14.0379
18 -0.770476 3.36882
19 -7.68121 -9.50136
20 -7.68121 -9.50136
21 3.69684 -0.38805
22 13.6899 4.54612
23 7.8265 3.16264
24 -7.89618 3.24898
25 -13.7139 4.75308
26 -4.0413 -0.667927
27 6.25332 -10.832
28 6.25332 -10.832
29 3.04647 3.22987
30 3.87466 14.2197
31 1.63765 8.70138
32 -8.43481 -3.12272
33 -13.5414 -6.14386
34 -2.80115 -4.04874
35 11.2869 -6.31593
36 11.2869 -6.31593
37 2.40973 4.78055
38 -0.697428 15.1787
39 -1.31048 9.35082
40 -8.77976 -3.97609
41 -13.4473 -7.47313
42 -2.94539 -5.17869
43 10.7138 -8.28808
44 10.7138 -8.28808
45 4.83198 4.34193
46 5.21992 14.9678
47 2.36868 9.98893
48 -10.3283 2.10269
49 -16.0231 1.82066
50 -6.65262 -2.91918
51 0.762742 -14.4078
52 0.762742 -14.4078
53 7.51384 -2.62844
54 16.6679 2.20643
55 11.1096 2.71022
56 -0.197104 11.8289
57 -1.7894 17.1306
58 -5.00051 7.46525
59 -15.7423 -0.288875
60 -15.7423 -0.288875
61 -5.38673 -8.35216
62 -2.94344 -18.0446
63 -0.709288 -13.1482
64 11.8576 -7.00256
65 17.0212 -8.29933
66 11.4122 -0.286171
67 12.8904 12.3315
68 12.8904 12.3315
69 0.356493 12.8461
70 -6.22433 19.7487
71 -6.33023 14.6244
72 -16.0246 5.52507
73 -21.0659 5.81286
74 -15.1855 -1.33533
75 -16.9993 -13.1905
76 -16.9993 -13.1905
77 -5.77006 -16.7502
78 -2.47841 -25.0507
79 -0.0821862 -20.9106
80 12.1837 -19.336
81 15.4187 -22.7165
82 17.0203 -14.3258
83 27.1136 -9.90529
84 27.1136 -9.90529
85 27.2108 0.806332
86 34.1441 4.93847
87 30.3876 7.02083
88 30.3764 18.0412
89 34.029 19.9779
90 27.9373 24.3101
91 29.601 33.6997
92 29.601 33.6997
93 24.2207 40.9324
94 27.7721 46.5808
95 24.3789 47.3327
96 23.537 55.9818
97 26.4672 57.1608
98 23.2015 61.5749
99 27.5579 66.6235
100 27.5579 66.6235
101 29.5343 71.732
102 33.0945 70.8308
103 33.3601 72.501
104 36.9812 72.1577
105 36.9224 71.0542
106 38.4838 71.0102
107 38.4626 69.5046
108 38.4626 69.5046
109 38.4604 68.7625
110 38.0789 68.763
111 38.0789 68.6279
112 37.8534 68.628
113 37.8534 68.6819
114 37.7926 68.6819
115 37.7926 68.7295
116 37.7926 68.7295
117 37.7926 68.7457
118 37.7996 68.7457
119 37.7996 68.7478
120 37.8026 68.7478
