# k=10 a=1 N=15 h=0.10000000000000001 scheme=centered
# theta Re(fd) Im(fd) Re(exact) Im(exact) abs_error
0.062831853071795868 4.0566148610918651 7.5684035041977671 4.4611935640342812 9.0777648295780047 1.5626437653630962
0.18849555921538758 2.8194923138944739 8.0401053058904761 2.9569610731960894 9.5247531132239711 1.4909985820261802
0.31415926535897931 0.037662195251830233 8.39139347256482 -0.23139157549467504 9.6999330810663213 1.3359138589632849
0.43982297150257105 -3.7906867081903255 7.2639036662866419 -4.4693447223573752 8.1651110725263045 1.128162882412989
0.56548667764616278 -7.0210151028434051 3.4727836386876145 -7.8790326157648742 3.7860095513006038 0.9134027177604539
0.69115038378975446 -7.1436035599283061 -2.3486987033644056 -7.7649092957243502 -2.5504488607923057 0.65324110660249046
0.81681408993334625 -2.4261002372838805 -6.7021613863839464 -2.6510364205174408 -7.0537776887415289 0.41740904471669116
0.94247779607693782 4.3012747080647102 -5.1621015860925654 4.2543496050668033 -5.426077090927679 0.26811384232134911
1.0681415022205298 6.0475693376769755 1.6085514451338327 6.1063014164747882 1.3417269793892486 0.27321191884651602
1.1938052083641213 0.47405363573236603 5.8081301486836923 0.79120236033883795 5.626903265339946 0.36527591867792158
1.3194689145077132 -5.0353612034163593 2.0298663303947904 -4.691978013732494 2.2583907094909192 0.41247473473988272
1.4451326206513047 -3.1055411453726438 -4.0842919855259634 -3.2209950905346836 -3.6588386356693996 0.44084029575079792
1.5707963267948966 2.8642409251471062 -3.9229967175130724 2.4539039760871217 -3.9323554720593727 0.41044366001987914
1.6964600329384882 4.4461342773409873 1.4379749936681168 4.3942888437695187 1.0660068179655457 0.37556393958647349
1.8221237390820801 0.38981025399245695 4.4682848819405043 0.70205918740876105 4.4152635002199778 0.31671858698089272
1.9477874452256716 -3.7458041765608319 2.384907990123577 -3.7056881853958292 2.6934627289173676 0.31115160224439614
2.0734511513692637 -4.1704618938361664 -1.8099635485722565 -4.5330222630327288 -1.7700124000388229 0.36475487053785605
2.1991148575128552 -1.2416189184981419 -4.8303661314063167 -1.4263324841064282 -5.2657573047833433 0.4729530369649303
2.3247785636564471 3.1795577710381062 -4.7424617312521926 3.5575862499290114 -5.2123151045188312 0.60304869059024646
2.4504422698000385 6.4839435239132976 -1.1167067849206684 7.2366869737087463 -1.1666246183787576 0.75439677312877107
2.57610597594363 6.3005555328581657 3.9024387287899267 7.055118651500969 4.4493012829113443 0.93189277983905072
2.7017696820872219 3.025169699703588 7.311828978521274 3.4604660125941709 8.3938101095130797 1.1662615692195484
2.8274333882308138 -0.72499096091744153 8.217593970667334 -0.82300322063072262 9.5795518617399047 1.3654800255254369
2.9530970943744057 -3.2469360496595057 7.7061194734329845 -3.8360773265133137 9.0953361054984718 1.5089765720183701
3.0787608005179972 -4.4316684869142815 7.0802179810682198 -5.2640506086048831 8.4225357571341988 1.5794546553962425
3.2044245066615891 -4.4316684869142824 7.0802179810682153 -5.2640506086048866 8.4225357571341952 1.5794546553962447
3.330088212805181 -3.2469360496595003 7.7061194734329836 -3.8360773265132995 9.0953361054984789 1.5089765720183739
3.4557519189487724 -0.72499096091745208 8.2175939706673304 -0.8230032206307355 9.5795518617399047 1.3654800255254407
3.5814156250923639 3.025169699703556 7.3118289785212802 3.4604660125941207 8.3938101095130921 1.1662615692195473
3.7070793312359558 6.3005555328581702 3.9024387287899396 7.0551186515009565 4.4493012829113825 0.93189277983905194
3.8327430373795477 6.4839435239133065 -1.1167067849206507 7.236686973708756 -1.1666246183787474 0.75439677312877251
3.9584067435231396 3.1795577710380876 -4.7424617312521962 3.5575862499290158 -5.2123151045188276 0.60304869059025534
4.0840704496667311 -1.2416189184981368 -4.8303661314063371 -1.4263324841064051 -5.265757304783353 0.47295303696491348
4.209734155810323 -4.1704618938361522 -1.8099635485722414 -4.5330222630327288 -1.7700124000388229 0.36475487053786854
4.3353978619539149 -3.7458041765608319 2.384907990123577 -3.7056881853958292 2.6934627289173676 0.31115160224439614
4.4610615680975068 0.38981025399247193 4.4682848819405017 0.70205918740877704 4.4152635002199734 0.316718586980894
4.5867252742410978 4.4461342773409811 1.4379749936681334 4.3942888437695151 1.0660068179655628 0.37556393958647266
4.7123889803846897 2.8642409251471168 -3.9229967175130662 2.4539039760871324 -3.932355472059367 0.41044366001987914
4.8380526865282816 -3.1055411453726349 -4.0842919855259696 -3.220995090534676 -3.6588386356694049 0.44084029575079908
4.9637163926718735 -5.0353612034163557 2.0298663303948015 -4.6919780137324878 2.2583907094909299 0.41247473473988472
5.0893800988154645 0.47405363573232828 5.8081301486836932 0.79120236033879976 5.6269032653399478 0.36527591867792075
5.2150438049590573 6.0475693376769879 1.6085514451337934 6.1063014164747997 1.3417269793892104 0.27321191884651475
5.3407075111026483 4.3012747080647324 -5.1621015860925468 4.2543496050668264 -5.4260770909276603 0.26811384232134894
5.4663712172462393 -2.4261002372838338 -6.7021613863839509 -2.6510364205173969 -7.0537776887415387 0.4174090447166971
5.5920349233898321 -7.1436035599283061 -2.3486987033644056 -7.7649092957243502 -2.5504488607923057 0.65324110660249046
5.7176986295334231 -7.0210151028434069 3.4727836386875954 -7.8790326157648911 3.7860095513005665 0.91340271776046178
5.843362335677015 -3.790686708190337 7.263903666286633 -4.4693447223573877 8.1651110725262921 1.1281628824129868
5.9690260418206069 0.037662195251823571 8.3913934725648183 -0.23139157549467204 9.6999330810663213 1.3359138589632846
6.0946897479641988 2.8194923138944703 8.0401053058904761 2.9569610731960863 9.5247531132239711 1.4909985820261802
6.2203534541077907 4.0566148610918633 7.5684035041977671 4.4611935640342804 9.0777648295780029 1.5626437653630947
