0 -0.12267 2.46239
1 -0.390351 2.44885
2 -0.176576 -1.59436
3 -1.07962 -1.64596
4 -1.15959 -0.397999
5 2.91619 -0.0916234
6 2.92292 -0.163811
7 0.36803 -0.482372
8 -0.228939 2.7583
9 -1.14833 2.47153
10 -2.1165 4.00286
11 -1.94707 4.27359
12 -2.48927 4.37886
13 -2.47322 4.71806
14 -2.54018 4.71868
15 -2.54003 4.81482
16 -2.52831 4.81482
17 -2.52831 4.82582
18 -2.52468 4.82582
19 -2.52468 4.82624
20 -2.52429 4.82624
21 -2.52429 4.82621
22 -2.52427 4.82621
23 -2.52427 4.8262
24 -2.52427 4.8262
25 -2.52427 4.8262
26 -2.52427 4.8262
27 -2.52427 4.8262
28 -2.52427 4.8262
29 -2.52427 4.8262
30 -2.52427 4.8262
31 -2.52427 4.8262
32 -2.52427 4.8262
33 -2.52427 4.8262
34 -2.52427 4.8262
35 -2.52427 4.8262
36 -2.52427 4.8262
37 -2.52427 4.8262
38 -2.52427 4.8262
39 -2.52427 4.8262
40 -2.52427 4.8262
41 -2.52427 4.8262
42 -2.52427 4.8262
43 -2.52427 4.8262
44 -2.52427 4.8262
45 -2.52427 4.8262
46 -2.52427 4.8262
47 -2.52427 4.8262
48 -2.52427 4.8262
49 -2.52427 4.8262
50 -2.52427 4.8262
