0 0.00999268 -1.99861
1 -4.46866 -2.02101
2 -4.48657 1.55842
3 7.30197 1.61744
4 7.31197 -0.379034
5 -7.43744 -0.453055
6 -7.43087 -1.75881
7 4.91628 -1.69662
8 4.88543 4.41436
9 -1.05237 4.38431
10 -0.998148 -6.29812
11 -2.01701 -6.30331
12 -2.0791 5.84725
13 2.49936 5.87073
14 2.54226 -2.45771
15 -0.333614 -2.47258
16 -0.333614 -2.47258
17 -2.31102 -2.48292
18 -2.35506 5.89971
19 2.39028 5.92478
20 2.45016 -5.33942
21 1.24302 -5.34587
22 1.20616 1.49801
23 -6.01646 1.45883
24 -6.01679 1.51988
25 7.39069 1.59373
26 7.39899 0.0980754
27 -3.69017 0.0359676
28 -3.66071 -5.17664
29 -0.97754 -5.16133
30 -1.05197 7.76133
31 0.644925 7.7712
32 0.714439 -4.0529
33 4.58802 -4.02988
34 4.57321 -1.56628
35 -7.21427 -1.63798
36 -7.23239 1.30543
37 2.32992 1.36505
38 2.3118 4.2339
39 3.72462 4.24295
40 3.78581 -5.1806
41 -1.96373 -5.21848
42 -1.98501 -2.03599
43 -3.43416 -2.04584
44 -3.49434 6.67188
45 0.544503 6.70023
46 0.604121 -1.64843
47 7.73393 -1.5966
48 7.73393 -1.5966
49 -6.50653 -1.70406
50 -6.47787 -5.42813
51 -1.38602 -5.38814
52 -1.49525 8.23088
53 -0.77901 8.23675
54 -0.722794 1.53059
55 6.12394 1.58934
56 6.18061 -4.85853
57 2.51105 -4.89159
58 2.4864 -2.22492
59 -9.08444 -2.33477
60 -9.08381 -2.39988
61 -0.419296 -2.31286
62 -0.537193 9.08418
63 1.15752 9.10226
64 1.2252 2.95658
65 5.14207 3.00116
66 5.25307 -6.42132
67 6.48989 -6.40622
68 6.44654 -2.98397
69 -7.05473 -3.16174
70 -7.02863 -5.06615
71 -7.27269 -5.06964
72 -7.36876 1.36457
73 -1.15885 1.46162
74 -1.32137 11.3764
75 -1.51381 11.3731
76 -1.39848 5.02108
77 6.31224 5.16897
78 6.44475 -1.35267
79 12.4368 -1.2233
80 12.4368 -1.2233
81 4.34723 -1.42255
82 4.52167 -8.01507
83 -2.40903 -8.21296
84 -2.22619 -14.1186
85 -2.23649 -14.119
86 -2.44868 -8.38755
87 -7.07599 -8.57675
88 -7.4306 -0.784166
89 -15.8485 -1.21426
90 -15.9177 -0.0190029
91 -17.7098 -0.138142
92 -17.7817 0.79197
93 -13.28 1.20285
94 -14.0088 7.84459
95 -11.4349 8.19136
96 -12.9009 16.8405
97 -15.1236 16.3529
98 -16.6461 21.5432
99 -20.291 20.0594
100 -21.0356 21.3233
101 -23.1646 19.4235
102 -22.8115 19.1749
103 -23.4235 17.7181
104 -22.4023 17.4754
105 -22.4748 16.9071
106 -21.5334 16.8461
107 -21.5312 16.9176
108 -21.039 16.9105
109 -21.0375 17.148
110 -20.896 17.1477
111 -20.8958 17.3086
112 -20.8958 17.3086
113 -20.8958 17.3735
114 -20.919 17.3735
115 -20.919 17.3894
116 -20.9326 17.3894
117 -20.9326 17.3903
118 -20.9374 17.3903
119 -20.9374 17.389
120 -20.9385 17.389
