0 0.00999268 -1.99861
1 12.4919 -1.93619
2 12.4986 -3.26649
3 7.786 -3.29009
4 7.76485 0.930593
5 -7.05593 0.856214
6 -7.08315 6.27103
7 -11.4095 6.24924
8 -11.396 3.57864
9 -1.20546 3.63022
10 -1.15018 -7.26149
11 7.25935 -7.21867
12 7.28011 -11.2828
13 5.04992 -11.2942
14 4.98745 0.833605
15 1.98217 0.818058
16 1.91554 13.6369
17 2.55409 13.6403
18 2.57858 8.97773
19 -3.47296 8.94576
20 -3.40816 -3.24653
21 -13.3716 -3.29983
22 -13.36 -5.45614
23 -8.62532 -5.43045
24 -8.62494 -5.5003
25 6.57764 -5.41657
26 6.61208 -11.6189
27 10.0554 -11.5996
28 10.0316 -7.3904
29 7.22346 -7.40642
30 7.13394 8.13553
31 11.8631 8.16305
32 11.8417 11.8169
33 7.71812 11.7924
34 7.73253 9.39532
35 -7.51627 9.30257
36 -7.55458 15.5251
37 -10.5238 15.5066
38 -10.4951 10.9624
39 -11.7911 10.9541
40 -11.7046 -2.37277
41 -21.572 -2.43778
42 -21.5653 -3.44049
43 -16.9966 -3.40946
44 -16.9439 -11.0433
45 -10.5774 -10.9986
46 -10.4906 -23.1559
47 -12.793 -23.1726
48 -12.811 -20.7357
49 -0.771843 -20.6448
50 -0.720256 -27.3479
51 5.77318 -27.297
52 5.80972 -31.8522
53 8.06781 -31.8337
54 8.02144 -26.302
55 22.5458 -26.1774
56 22.6106 -33.5545
57 23.8964 -33.543
58 23.8574 -29.319
59 33.2637 -29.2297
60 33.2653 -29.3999
61 42.3334 -29.3088
62 42.3772 -33.5445
63 44.1813 -33.5253
64 44.1266 -28.5533
65 57.6198 -28.3997
66 57.7278 -37.5678
67 57.2333 -37.5738
68 57.1983 -34.8103
69 68.1739 -34.6658
70 68.3077 -44.4275
71 68.0839 -44.4307
72 68.1258 -47.2426
73 72.1966 -47.179
74 72.3307 -55.3574
75 70.3674 -55.3912
76 70.4684 -60.9535
77 66.7125 -61.0256
78 66.7862 -64.653
79 61.7204 -64.7624
80 61.7566 -66.3369
81 54.9176 -66.5054
82 54.8206 -62.8385
83 51.4446 -62.9349
84 51.2845 -57.7634
85 51.3896 -57.7599
86 51.2146 -53.0322
87 54.2479 -52.9082
88 54.093 -49.5027
89 61.815 -49.1082
90 62.17 -55.2348
91 60.7131 -55.3317
92 60.7712 -56.0828
93 62.5708 -55.9185
94 63.2799 -62.3809
95 54.4131 -63.5755
96 53.2271 -56.5782
97 55.5932 -56.0591
98 55.0274 -54.1301
99 58.8421 -52.5771
100 60.7877 -55.88
101 59.0569 -57.4244
102 58.4976 -57.0305
103 58.2832 -57.5409
104 57.1148 -57.2632
105 57.2685 -56.0577
106 58.045 -56.1081
107 58.038 -56.3338
108 58.2026 -56.3361
109 58.2007 -56.6391
110 57.9461 -56.6384
