0 0.0123933 -24.7867
1 -2.90986 -24.7882
2 -2.92991 15.3022
3 4.88099 15.3061
4 4.88864 0.010931
5 -5.16205 0.00590546
6 -5.15442 -15.258
7 3.4562 -15.2537
8 3.43627 24.5867
9 -0.0961178 24.5849
10 -0.0715947 -24.4539
11 -3.90699 -24.4558
12 -3.92672 14.9956
13 7.06105 15.0011
14 7.06854 0.0415306
15 -7.86819 0.0340597
16 -7.86077 -14.7866
17 5.46452 -14.78
18 5.44533 23.5667
19 -0.171578 23.5639
20 -0.14821 -23.1427
21 -6.34221 -23.1458
22 -6.36077 13.958
23 11.4871 13.9669
24 11.4941 0.108784
25 -12.7187 0.0966668
26 -12.7119 -13.3867
27 8.71113 -13.376
28 8.69404 20.7652
29 -0.218634 20.7607
30 -0.198344 -19.7648
31 -9.86184 -19.7697
32 -9.87748 11.4457
33 17.418 11.4593
34 17.4236 0.225012
35 -18.7852 0.206875
36 -18.78 -10.2434
37 12.4813 -10.2278
38 12.4687 14.8162
39 -0.198081 14.8099
40 -0.18417 -12.9466
41 -13.5361 -12.9533
42 -13.5459 6.63406
43 23.0522 6.65241
44 23.0554 0.373495
45 -23.9664 0.349912
46 -23.9639 -4.62075
47 15.2712 -4.60106
48 15.2665 4.72314
49 -0.0604352 4.71545
50 -0.0570908 -1.94831
51 -15.5884 -1.9561
52 -15.589 -0.712822
53 25.1975 -0.692342
54 25.1969 0.48411
55 -24.8014 0.458997
56 -24.8028 3.33476
57 14.7989 3.35466
58 14.805 -8.68767
59 0.213746 -8.695
60 0.203463 11.7598
61 -13.6275 11.7528
62 -13.617 -9.21077
63 19.9892 -9.19386
64 19.9844 0.429793
65 -17.5638 0.410899
66 -17.5694 11.5416
67 8.95738 11.5549
68 8.97384 -21.136
69 0.540975 -21.1403
70 0.518728 23.0281
71 -6.00226 23.0248
72 -5.98304 -15.1271
73 5.59319 -15.1213
74 5.58552 0.0948186
75 -1.43433 0.0912788
76 -1.44216 15.6305
77 -1.94706 15.6302
78 -1.92658 -24.9679
79 0.685162 -24.9665
80 0.660506 23.8722
81 5.68635 23.8747
82 5.70522 -13.4988
83 -13.5792 -13.5085
84 -13.5858 -0.458165
85 17.3414 -0.442532
86 17.3356 10.9811
87 -12.8243 10.9658
88 -12.8118 -13.6889
89 0.363503 -13.6823
90 0.351922 9.19865
91 14.7974 9.20596
92 14.8033 -2.41931
93 -25.1473 -2.43955
94 -25.1481 -0.837974
95 25.1985 -0.812456
96 25.1992 -2.16691
97 -14.8434 -2.18722
98 -14.8492 9.1256
99 -0.404153 9.13293
100 -0.392359 -14.1023
101 12.6139 -14.0957
102 12.6008 11.5757
103 -16.2065 11.5611
104 -16.2004 -0.508948
105 11.2765 -0.494979
106 11.2835 -14.3453
107 -3.25451 -14.3527
108 -3.27454 25.0109
109 -0.970045 25.0121
110 -0.944447 -25.2589
111 -2.05769 -25.2594
112 -2.07808 14.7545
113 9.79788 14.7606
114 9.80515 0.505175
115 -15.3877 0.492325
116 -15.3814 -11.9694
117 12.5635 -11.9552
118 12.5502 14.1241
119 -0.471865 14.1174
120 -0.460521 -8.08235
121 -15.1256 -8.08985
122 -15.13 0.575606
123 25.3682 0.596323
124 25.368 1.09213
125 -24.2802 1.06671
126 -24.2824 5.39743
127 13.0167 5.41654
128 13.0274 -15.3912
129 0.818497 -15.3975
130 0.80008 20.5075
131 -8.5212 20.5027
132 -8.50301 -14.9301
133 6.54084 -14.9224
134 6.53311 0.136365
135 1.00114 0.133522
136 0.993159 15.6497
137 -5.58021 15.6463
138 -5.56023 -23.1633
139 1.04069 -23.1599
140 1.01905 18.8602
141 11.2534 18.8655
142 11.267 -7.56497
143 -23.0242 -7.58265
144 -23.0275 -1.23555
145 25.2608 -1.21062
146 25.2598 0.807898
147 -15.3375 0.786924
148 -15.3409 7.43775
149 -0.59066 7.44538
150 -0.57905 -14.9952
151 12.0866 -14.9886
152 12.072 13.1731
153 -12.517 13.1603
154 -12.5099 -0.466658
155 4.2942 -0.457944
156 4.3021 -15.6901
157 3.15167 -15.6907
158 3.13078 24.536
159 -1.28456 24.5337
160 -1.26108 -20.6301
161 -10.1403 -20.6347
162 -10.1554 8.40749
163 22.491 8.42449
164 22.4947 1.39955
165 -25.3001 1.37465
166 -25.299 -0.774838
167 15.2226 -0.753699
168 15.2267 -8.66008
169 0.768728 -8.66763
170 0.755362 16.913
171 -11.0104 16.9069
172 -10.994 -14.3138
173 9.06012 -14.3033
174 9.05249 0.267563
175 0.679149 0.263177
176 0.67104 15.7343
177 -6.812 15.7303
178 -6.79214 -22.1102
179 1.20968 -22.106
180 1.18998 15.3817
181 13.3584 15.3881
182 13.3683 -3.39854
183 -25.3141 -3.41889
184 -25.315 -1.65251
185 24.584 -1.62622
186 24.586 -5.56468
187 -11.9326 -5.58395
188 -11.9452 18.3784
189 -1.44258 18.3839
190 -1.42015 -24.0682
191 4.09434 -24.0653
192 4.07327 15.7795
193 4.93923 15.78
194 4.94722 0.69435
195 -15.0603 0.683747
196 -15.0536 -11.985
197 14.1251 -11.9695
198 14.1136 9.69003
199 -0.302573 9.68237
200 -0.298215 1.48436
201 -15.7215 1.47616
202 -15.7164 -8.12314
203 20.768 -8.10371
204 20.7631 1.21809
205 -12.0099 1.20061
206 -12.0171 14.6698
207 -0.039705 14.6762
208 -0.0182237 -25.5289
209 1.7959 -25.5279
210 1.77064 21.6931
211 9.7113 21.6974
212 9.72706 -7.71737
213 -23.5217 -7.73519
214 -23.5248 -1.91372
215 25.6156 -1.88734
216 25.616 -2.59667
217 -13.3194 -2.61759
218 -13.3295 16.1327
219 -1.58619 16.139
220 -1.56475 -23.668
221 4.7619 -23.6646
222 4.74059 15.8443
223 5.7228 15.8448
224 5.73086 0.928142
225 -17.1032 0.9158
226 -17.0968 -10.8193
227 15.251 -10.8018
228 15.2423 5.22409
229 0.101821 5.21589
230 0.100391 7.85089
231 -14.6583 7.84287
232 -14.6474 -12.1345
233 14.7051 -12.1186
234 14.6981 0.731686
235 -2.10898 0.722535
236 -2.1173 16.0068
237 -7.40917 16.004
238 -7.38871 -21.4831
239 1.44559 -21.4782
240 1.42775 11.173
241 15.0994 11.1805
242 15.1044 2.02633
243 -25.0995 2.0043
244 -25.0974 -1.96228
245 18.3093 -1.93846
246 18.3151 -12.4738
247 -3.21651 -12.4857
248 -3.23752 25.7156
249 -2.25303 25.7161
250 -2.22616 -23.0643
251 -8.77717 -23.0679
252 -8.79418 7.76776
253 23.8843 7.7858
254 23.8873 2.32822
255 -25.453 2.30093
256 -25.4543 4.62017
257 11.3331 4.64055
258 11.3469 -20.3314
259 2.22366 -20.3365
260 2.19804 25.8024
261 0.491781 25.8014
262 0.51383 -13.8359
263 -15.7858 -13.845
264 -15.7924 -1.98733
265 24.5984 -1.96481
266 24.5955 3.27284
267 -15.3555 3.25052
268 -15.3598 10.8738
269 -1.66895 10.8814
270 -1.65033 -22.3648
271 6.48638 -22.3603
272 6.46482 16.0632
273 6.07135 16.063
274 6.07964 1.31312
275 -19.5834 1.29869
276 -19.5775 -9.08201
277 16.1691 -9.06186
278 16.1649 -1.69883
279 0.95594 -1.70742
280 0.945564 16.6519
281 -11.0781 16.6451
282 -11.0597 -15.8843
283 2.05849 -15.8769
284 2.04983 -0.624215
285 13.8719 -0.617503
286 13.8644 12.544
287 -15.3973 12.5273
288 -15.3872 -5.1174
289 -0.336429 -5.10883
290 -0.332808 -11.4553
291 13.5713 -11.4474
292 13.5563 14.8627
293 -7.46183 14.8507
294 -7.45339 0.104569
295 -9.54028 0.103373
296 -9.53205 -14.2529
297 14.3984 -14.2391
298 14.385 9.11151
299 -0.0637518 9.1032
300 -0.0632377 8.21064
301 -14.6679 8.20222
302 -14.655 -14.0862
303 10.0972 -14.0719
304 10.089 0.16334
305 7.51297 0.161849
306 7.50445 14.873
307 -13.9756 14.8605
308 -13.9609 -10.4433
309 0.189878 -10.4351
310 0.188152 -7.46958
311 14.8972 -7.46102
312 14.8847 14.0857
313 -10.1571 14.0711
314 -10.1488 -0.138961
315 -8.08541 -0.137754
316 -8.07686 -14.7395
317 14.4065 -14.7263
318 14.3924 9.22514
319 -0.00584547 9.21669
320 -0.00592289 9.34836
321 -14.3679 9.3399
322 -14.3536 -14.8972
323 7.61645 -14.8842
324 7.60778 -0.213991
325 11.2228 -0.211854
326 11.2146 13.7218
327 -15.4835 13.706
328 -15.4722 -5.29204
329 -0.523355 -5.28317
330 -0.51839 -13.6369
331 12.7163 -13.629
332 12.6986 16.0532
333 -2.22272 16.0443
334 -2.21369 0.920815
335 -16.4639 0.912297
336 -16.4566 -11.2505
337 16.4535 -11.2308
338 16.4477 -1.58527
339 1.39715 -1.59431
340 1.38447 19.5014
341 -9.22338 19.495
342 -9.20169 -16.4916
343 -6.05676 -16.4897
344 -6.06556 -1.93099
345 22.4512 -1.91375
346 22.446 6.55556
347 -15.944 6.53229
348 -15.9467 11.009
349 -2.48426 11.0172
350 -2.46241 -24.9084
351 3.22124 -24.905
352 3.19717 14.5778
353 16.1138 14.5857
354 16.1209 2.99854
355 -26.3689 2.97254
356 -26.3675 0.713383
357 12.1888 0.737036
358 12.2021 -20.8712
359 3.39413 -20.8766
360 3.36511 26.2675
361 5.04927 26.2685
362 5.07083 -8.6581
363 -24.611 -8.67645
364 -24.6142 -3.57437
365 24.0586 -3.54421
366 24.0622 -9.42151
367 -4.02311 -9.43895
368 -4.04549 26.5408
369 -3.43756 26.5412
370 -3.40894 -19.3455
371 -13.2901 -19.3517
372 -13.3013 -1.44709
373 25.8608 -1.42257
374 25.8581 2.89865
375 -12.0515 2.87486
376 -12.0597 15.9745
377 -7.19584 15.9776
378 -7.17194 -21.9534
379 1.9202 -21.9476
380 1.90469 2.60352
381 16.7521 2.61291
382 16.7459 12.3748
383 -14.6356 12.3549
384 -14.6274 -0.548127
385 -7.92609 -0.543865
386 -7.91686 -15.029
387 15.9296 -15.0138
388 15.9172 4.42561
389 1.05764 4.4161
390 1.04906 17.8038
391 -10.5714 17.7963
392 -10.5492 -16.8042
393 -7.26876 -16.8021
394 -7.27789 -2.61374
395 24.8348 -2.59303
396 24.8307 3.74628
397 -14.2629 3.721
398 -14.2723 18.1657
399 -3.74373 18.1726
400 -3.7145 -26.8409
401 -4.31863 -26.8413
402 -4.3415 8.2727
403 25.4567 8.29213
404 25.4595 4.06208
405 -22.3928 4.03077
406 -22.3978 11.7766
407 -0.180573 11.7912
408 -0.155386 -26.5439
409 3.30927 -26.5416
410 3.28411 11.6298
411 16.413 11.6385
412 16.4147 9.02735
413 -20.0736 9.0032
414 -20.0666 -1.50689
415 -3.15693 -1.49566
416 -3.14707 -16.3301
417 15.4826 -16.3177
418 15.4671 6.95087
419 0.931972 6.94116
420 0.924838 17.6055
421 -10.8287 17.5977
422 -10.8055 -16.9172
423 -9.18154 -16.9161
424 -9.19076 -3.22167
425 26.3646 -3.1977
426 26.3617 1.14827
427 -12.0622 1.12229
428 -12.0767 22.5531
429 -4.41889 22.5583
430 -4.38647 -25.155
431 -9.41003 -25.1584
432 -9.42859 2.07074
433 27.2227 2.09576
434 27.2215 3.82339
435 -13.1834 3.79571
436 -13.192 16.3783
437 -9.24857 16.381
438 -9.22355 -19.9698
439 1.42828 -19.9625
440 1.41817 -5.32742
441 16.036 -5.31731
442 16.0208 16.5912
443 -2.85061 16.5781
444 -2.84036 1.83606
445 -21.8796 1.8228
446 -21.8729 -7.66957
447 15.668 -7.64334
448 15.6741 -16.3626
449 4.3332 -16.3705
450 4.30252 27.3329
451 5.12213 27.3334
452 5.14565 -6.04894
453 -27.1582 -6.07173
454 -27.1593 -4.50805
455 17.3168 -4.47656
456 17.3246 -15.4144
457 7.48472 -15.4214
458 7.45797 22.1696
459 -1.93265 22.1629
460 -1.91941 3.63242
461 -16.5641 3.62195
462 -16.5495 -16.7332
463 2.94872 -16.7192
464 2.93817 -2.06092
465 22.8593 -2.04657
466 22.8529 6.87269
467 -14.9946 6.84532
468 -15.0033 18.8507
469 -4.85372 18.858
470 -4.82056 -26.7533
471 -7.92423 -26.7555
472 -7.94554 2.45054
473 27.7239 2.47662
474 27.7226 4.2154
475 -10.9824 4.187
476 -10.992 17.2792
477 -12.3279 17.2782
478 -12.3036 -15.6816
479 0.234163 -15.6723
480 0.232797 -13.8271
481 13.302 -13.8174
482 13.2786 17.5863
483 9.36021 17.5834
484 9.37023 4.15844
485 -27.8197 4.13064
486 -27.818 1.86318
487 7.99741 1.89006
488 8.01916 -27.0431
489 5.13576 -27.0453
490 5.10191 17.7919
491 15.7918 17.8
492 15.7984 9.03776
493 -20.7682 9.01
494 -20.7602 -1.41017
495 -8.91438 -1.40114
496 -8.90367 -15.4292
497 17.9337 -15.4087
498 17.926 -5.38979
499 3.87955 -5.40058
500 3.85417 27.5659
501 0.00686516 27.563
502 0.0352463 -9.15762
503 -26.7486 -9.17836
504 -26.7515 -5.45617
505 18.4439 -5.42103
506 18.4519 -15.8001
507 9.41795 -15.8071
508 9.38956 20.4827
509 -1.23812 20.4744
510 -1.23041 10.6661
511 -14.9329 10.6553
512 -14.9102 -18.0579
513 -8.46835 -18.0528
514 -8.47902 -4.57782
515 28.3651 -4.54857
516 28.3637 -2.81125
517 -6.09251 -2.83872
518 -6.11733 28.2219
519 -5.25734 28.2226
520 -5.22426 -13.0026
521 -17.6049 -13.0126
522 -17.6045 -13.4585
523 14.2968 -13.4327
524 14.2863 -0.526079
525 18.6509 -0.522539
526 18.6416 10.9503
527 -16.4593 10.9217
528 -16.465 17.8986
529 -5.88944 17.9073
530 -5.85271 -26.8857
531 -9.95417 -26.8891
532 -9.97459 -2.09942
533 27.1039 -2.06882
534 27.0992 3.56265
535 0.784617 3.54084
536 0.772719 17.8582
537 -18.1222 17.8425
538 -18.1079 0.69348
539 -3.8588 0.705402
540 -3.8349 -27.7995
541 0.886618 -27.7955
542 0.855962 8.59463
543 27.9304 8.61749
544 27.9327 5.96133
545 -14.8262 5.92505
546 -14.8362 17.6642
547 -13.8323 17.6651
548 -13.8051 -14.118
549 -0.892897 -14.107
550 -0.887216 -20.7262
551 9.75644 -20.717
552 9.72537 15.313
553 21.6496 15.3233
554 21.6571 6.61638
555 -24.2526 6.5765
556 -24.2587 13.6184
557 -7.66083 13.6328
558 -7.62856 -23.2483
559 1.7506 -23.2401
560 1.7404 -11.632
561 15.1185 -11.6202
562 15.0921 18.2692
563 13.6933 18.2679
564 13.7039 6.26887
565 -28.3336 6.23145
566 -28.336 8.91913
567 -2.34215 8.94238
568 -2.30943 -27.5347
569 3.59304 -27.5294
570 3.57204 -4.23543
571 17.6636 -4.2227
572 17.6425 19.0591
573 7.42472 19.0498
574 7.43688 5.70329
575 -29.4948 5.66957
576 -29.4947 5.45906
577 0.966632 5.48702
578 0.998442 -29.0847
579 4.63541 -29.0813
580 4.60854 -0.0398865
581 18.6402 -0.0268741
582 18.6224 19.1684
583 4.27513 19.155
584 4.28794 5.45179
585 -29.7577 5.41988
586 -29.7564 4.03926
587 1.97037 4.06916
588 2.00213 -29.5367
589 4.98722 -29.5339
590 4.95863 0.561224
591 18.9023 0.574506
592 18.8843 19.3808
593 4.69221 19.3672
594 4.70527 5.77367
595 -29.9961 5.74025
596 -29.9953 4.92072
597 0.581974 4.95034
598 0.615316 -29.3835
599 4.62769 -29.3795
600 4.6015 -2.56051
601 18.5421 -2.54686
602 18.5203 19.6248
603 8.76169 19.6152
604 8.77448 6.67135
605 -29.7376 6.6332
606 -29.739 8.10037
607 -3.29268 8.12671
608 -3.25681 -27.782
609 3.32348 -27.7754
610 3.305 -9.3869
611 16.7982 -9.3733
612 16.7697 18.905
613 16.0917 18.9043
614 16.103 7.807
615 -27.1167 7.76293
616 -27.1222 13.0987
617 -9.41898 13.1168
618 -9.38218 -22.6485
619 0.737577 -22.638
620 0.733832 -19.0199
621 12.2182 -19.0079
622 12.1824 15.3757
623 24.9066 15.389
624 24.914 8.33197
625 -19.2533 8.28555
626 -19.2638 18.286
627 -16.3507 18.2891
628 -16.3192 -11.4877
629 -3.15901 -11.4737
630 -3.14109 -28.2629
631 3.46136 -28.2558
632 3.42339 7.08982
633 30.8041 7.11933
634 30.8043 6.87344
635 -3.97625 6.83572
636 -3.99082 20.2255
637 -20.4549 20.2075
638 -20.4396 6.18048
639 -7.33511 6.19488
640 -7.29451 -30.6417
641 -8.77298 -30.6433
642 -8.80047 -5.86352
643 26.8442 -5.82385
644 26.8352 2.2216
645 16.3697 2.20987
646 16.356 14.4048
647 -16.3996 14.3679
648 -16.4115 24.8506
649 -9.11129 24.8589
650 -9.06167 -18.6988
651 -19.2563 -18.7105
652 -19.2568 -18.2619
653 7.95681 -18.2306
654 7.94134 -4.84157
655 30.9882 -4.81486
656 30.9835 -0.775443
657 -1.47773 -0.813322
658 -1.51527 31.2405
659 -5.23859 31.2361
660 -5.21068 7.56958
661 -18.5676 7.55377
662 -18.5355 -19.5191
663 -19.4511 -19.5202
664 -19.4628 -9.6669
665 23.9604 -9.61478
666 23.97 -17.6103
667 16.7725 -17.619
668 16.7355 12.8532
669 3.94674 12.8376
670 3.92507 30.5695
671 -1.49911 30.5629
672 -1.45806 -2.78161
673 -32.0521 -2.81941
674 -32.0484 -5.82408
675 -7.41617 -5.79342
676 -7.3996 -19.0538
677 19.5997 -19.0199
678 19.6021 -20.9018
679 10.2886 -20.9136
680 10.2338 22.2839
681 19.0752 22.2951
682 19.0795 18.9224
683 -8.60307 18.8869
684 -8.58614 5.74658
685 -32.553 5.71559
686 -32.5492 2.74249
687 -2.54438 2.78159
688 -2.50068 -30.6278
689 3.60494 -30.6198
690 3.58648 -16.6227
691 15.6371 -16.6068
692 15.5943 15.6422
693 28.7022 15.6597
694 28.7094 10.3047
695 -11.4705 10.2506
696 -11.4866 22.1453
697 -22.3573 22.1306
698 -22.3356 6.20736
699 -9.71557 6.22462
700 -9.66425 -31.1621
701 -13.231 -31.167
702 -13.2546 -14.0773
703 20.0181 -14.031
704 20.0023 -2.69659
705 30.5616 -2.68179
706 30.5521 4.02657
707 -2.73009 3.97952
708 -2.77194 33.4608
709 -6.01803 33.4562
710 -5.9873 11.9932
711 -18.6286 11.975
712 -18.5858 -17.7049
713 -27.7889 -17.7182
714 -27.798 -11.4198
715 12.6076 -11.3607
716 12.6246 -22.9096
717 23.265 -22.8939
718 23.2429 -7.98335
719 11.0243 -8.00155
720 10.9669 30.3967
721 15.8458 30.4041
722 15.8648 17.8238
723 -15.0085 17.7769
724 -14.9899 5.54147
725 -34.1902 5.51208
726 -34.1847 1.90397
727 -5.00417 1.94904
728 -4.95305 -30.9969
729 2.22965 -30.9857
730 2.21906 -24.2253
731 12.4246 -24.2093
732 12.3716 9.3396
733 34.7752 9.37519
734 34.7756 9.1265
735 5.99164 9.08034
736 5.97101 21.8868
737 -20.0903 21.8446
738 -20.0984 26.7772
739 -12.9525 26.7889
740 -12.8864 -13.4108
741 -24.1189 -13.4294
742 -24.1005 -24.5233
743 -11.2265 -24.5018
744 -11.2458 -12.9832
745 28.2666 -12.9167
746 28.2779 -19.599
747 22.477 -19.6089
748 22.4323 6.47864
749 9.759 6.45686
750 9.70856 35.6515
751 10.5878 35.653
752 10.6229 15.5668
753 -21.8284 15.5098
754 -21.809 4.52066
755 -35.3701 4.49661
756 -35.3618 -0.137324
757 -6.11847 -0.0849133
758 -6.06061 -32.1919
759 1.36786 -32.1785
760 1.36218 -29.0597
761 10.2262 -29.0435
762 10.1659 3.69863
763 36.852 3.74803
764 36.8463 6.81354
765 19.1116 6.78034
766 19.0901 18.204
767 -12.3485 18.1445
768 -12.3834 36.485
769 -11.16 36.4873
770 -11.1049 7.82507
771 -23.5003 7.80107
772 -23.448 -19.0437
773 -32.4892 -19.0614
774 -32.4988 -14.1757
775 3.06112 -14.1052
776 3.0853 -26.2377
777 23.6289 -26.1965
778 23.6293 -26.4196
779 15.9456 -26.4352
780 15.8661 12.5024
781 26.946 12.5251
782 26.9174 26.3687
783 19.6342 26.3535
784 19.6543 16.7394
785 -20.0639 16.6559
786 -20.0843 26.311
787 -27.7379 26.2947
788 -27.7098 13.1434
789 -16.8981 13.1667
790 -16.8137 -25.7393
791 -25.0032 -25.7572
792 -24.9977 -28.2611
793 -7.60609 -28.2227
794 -7.63161 -16.7571
795 29.7569 -16.6733
796 29.7725 -23.5877
797 28.4116 -23.5908
798 28.3655 -3.40313
799 16.6034 -3.43018
800 16.5204 32.4168
801 22.4947 32.4308
802 22.5038 28.5598
803 0.738017 28.5084
804 0.766196 16.6586
805 -33.973 16.5755
806 -33.9861 22.0235
807 -28.9497 22.0357
808 -28.8952 -0.271408
809 -17.0729 -0.242305
810 -16.9878 -34.5541
811 -22.3572 -34.5675
812 -22.3695 -29.6868
813 -0.471685 -29.6314
814 -0.501563 -17.9191
815 34.1161 -17.8302
816 34.131 -23.5691
817 30.7215 -23.578
818 30.6676 -3.06958
819 19.1796 -3.09998
820 19.0849 32.4186
821 25.6095 32.4362
822 25.6111 31.8226
823 7.60976 31.7735
824 7.64015 20.7178
825 -29.0316 20.6162
826 -29.0529 28.2672
827 -32.5431 28.2574
828 -32.5029 14.089
829 -22.2384 14.1183
830 -22.1303 -23.3882
831 -31.1086 -23.4142
832 -31.0829 -32.1944
833 -22.2748 -32.1684
834 -22.3014 -23.2431
835 14.9153 -23.1314
836 14.9464 -33.408
837 29.8637 -33.3625
838 29.858 -31.5094
839 23.0091 -31.5306
840 22.9001 3.27648
841 34.1086 3.31187
842 34.041 24.5284
843 40.4913 24.5491
844 40.504 20.634
845 11.2543 20.5384
846 11.2169 31.8765
847 -15.3346 31.7881
848 -15.3861 47.1252
849 -15.2109 47.1258
850 -15.1432 27.3234
851 -25.34 27.2882
852 -25.2376 -2.08504
853 -48.6037 -2.16721
854 -48.5894 -6.19601
855 -42.0866 -6.1727
856 -42.0597 -13.6012
857 -14.0987 -13.4991
858 -13.9938 -41.9463
859 -6.01963 -41.9166
860 -5.98481 -51.1708
861 -2.96555 -51.1593
862 -3.04616 -30.156
863 25.1901 -30.0465
864 25.1487 -19.4626
865 49.4659 -19.3664
866 49.4756 -21.8102
867 40.9811 -21.8445
868 40.8952 -0.813143
869 30.2205 -0.85719
870 30.0787 33.1544
871 37.7022 33.1866
872 37.671 40.5107
873 30.5837 40.4802
874 30.6163 32.9938
875 -2.87831 32.8463
876 -2.9256 43.4611
877 -24.5353 43.3637
878 -24.5817 53.5432
879 -23.1921 53.5496
880 -23.0971 33.1887
881 -32.7486 33.1432
882 -32.6148 5.13981
883 -56.748 5.02316
884 -56.7206 -0.579575
885 -59.056 -0.59114
886 -59.0345 -4.8762
887 -37.3637 -4.76619
888 -37.2241 -31.9244
889 -27.0866 -31.8716
890 -26.9559 -56.6662
891 -30.4845 -56.685
892 -30.5034 -53.1893
893 -15.1365 -53.105
894 -15.1872 -43.9918
895 18.4816 -43.8022
896 18.5359 -53.3101
897 35.9468 -53.2093
898 35.9845 -59.6363
899 33.784 -59.6494
900 33.6596 -39.0357
901 42.8913 -38.9792
902 42.7247 -12.1538
903 66.9467 -12.0011
904 66.9053 -5.52066
905 74.9878 -5.4682
906 74.9751 -3.55022
907 59.4495 -3.6541
908 59.2929 19.3947
909 49.2573 19.3255
910 49.0432 49.8637
911 56.1971 49.9147
912 56.1283 59.413
913 54.8317 59.4034
914 54.8653 54.9156
915 30.0502 54.7268
916 29.9766 64.243
917 4.44397 64.042
918 4.26835 85.9699
919 -1.37997 85.9239
920 -1.43482 92.5343
921 -3.27988 92.5187
922 -3.15832 78.3917
923 -24.2765 78.2066
924 -24.1919 68.7383
925 -54.6799 68.4607
926 -54.7539 76.4304
927 -68.7964 76.2975
928 -68.8473 81.5684
929 -67.2664 81.584
930 -67.1068 65.7155
931 -74.6053 65.6386
932 -74.3575 42.0013
933 -98.749 41.7401
934 -98.6575 33.3803
935 -119.109 33.1515
936 -119.149 36.6451
937 -119.843 36.6369
938 -119.751 28.9204
939 -114.004 28.9909
940 -113.686 3.72984
941 -122.588 3.61528
942 -122.279 -19.7779
943 -143.064 -20.0591
944 -142.98 -26.1195
945 -154.434 -26.2826
946 -154.444 -25.6064
947 -148.661 -25.5195
948 -148.467 -38.1096
949 -141.603 -38.0005
950 -141.169 -64.4898
951 -149.838 -64.6358
952 -149.461 -86.3611
953 -168.165 -86.6957
954 -168.066 -92.0429
955 -178.095 -92.234
956 -178.107 -91.6122
957 -173.249 -91.5133
958 -173.022 -102.297
959 -167.035 -102.166
960 -166.5 -125.866
961 -174.546 -126.054
962 -174.028 -147.332
963 -193.906 -147.834
964 -193.734 -154.348
965 -209.905 -154.791
966 -209.996 -151.617
967 -213.107 -151.709
968 -213.041 -153.851
969 -210.328 -153.763
970 -209.843 -167.94
971 -215.578 -168.145
972 -214.915 -185.717
973 -233.976 -186.474
974 -233.665 -193.91
975 -256.965 -194.941
976 -257.275 -188.329
977 -272.27 -189.075
978 -272.908 -176.993
979 -276.253 -177.182
980 -276.64 -170.749
981 -276.027 -170.71
982 -275.896 -172.591
983 -281.019 -172.974
984 -280.771 -176.034
985 -293.715 -177.17
986 -294.17 -172.412
987 -308.116 -173.87
988 -309.835 -158.924
989 -315.747 -159.675
990 -318.462 -140.408
991 -312.61 -139.487
992 -315.213 -124.745
993 -301.302 -121.97
994 -302.419 -117.046
995 -287.905 -113.274
996 -286.7 -117.292
997 -277.43 -114.056
998 -274.137 -122.095
999 -271.517 -120.824
1000 -267.39 -127.941
1001 -269.205 -129.211
1002 -265.916 -133.064
1003 -268.985 -136.293
1004 -267.783 -137.21
1005 -270.058 -140.967
1006 -271.171 -140.439
1007 -272.19 -143.202
1008 -274.787 -142.467
1009 -274.985 -143.39
1010 -277.737 -142.948
1011 -277.645 -142.172
1012 -279.477 -142.012
1013 -279.373 -140.376
1014 -279.926 -140.351
1015 -279.875 -138.785
1016 -279.455 -138.794
1017 -279.44 -137.848
1018 -278.633 -137.857
1019 -278.631 -137.596
1020 -277.921 -137.599
1021 -277.922 -137.782
1022 -277.524 -137.783
1023 -277.525 -138.111
1024 -277.422 -138.111
1025 -277.423 -138.381
1026 -277.49 -138.381
1027 -277.49 -138.523
1028 -277.604 -138.523
1029 -277.604 -138.558
1030 -277.694 -138.558
1031 -277.694 -138.536
1032 -277.739 -138.536
1033 -277.739 -138.501
1034 -277.749 -138.501
1035 -277.749 -138.474
1036 -277.743 -138.474
1037 -277.743 -138.462
1038 -277.733 -138.462
1039 -277.733 -138.459
1040 -277.726 -138.459
1041 -277.726 -138.461
1042 -277.723 -138.461
1043 -277.723 -138.463
1044 -277.722 -138.463
1045 -277.722 -138.465
1046 -277.723 -138.465
1047 -277.723 -138.465
1048 -277.723 -138.465
1049 -277.723 -138.466
1050 -277.724 -138.466
1051 -277.724 -138.466
1052 -277.724 -138.466
1053 -277.724 -138.465
1054 -277.724 -138.465
1055 -277.724 -138.465
1056 -277.724 -138.465
1057 -277.724 -138.465
1058 -277.724 -138.465
1059 -277.724 -138.465
1060 -277.724 -138.465
1061 -277.724 -138.465
1062 -277.724 -138.465
1063 -277.724 -138.465
1064 -277.724 -138.465
1065 -277.724 -138.465
1066 -277.724 -138.465
1067 -277.724 -138.465
1068 -277.724 -138.465
1069 -277.724 -138.465
1070 -277.724 -138.465
1071 -277.724 -138.465
1072 -277.724 -138.465
1073 -277.724 -138.465
1074 -277.724 -138.465
1075 -277.724 -138.465
1076 -277.724 -138.465
1077 -277.724 -138.465
1078 -277.724 -138.465
1079 -277.724 -138.465
1080 -277.724 -138.465
1081 -277.724 -138.465
1082 -277.724 -138.465
1083 -277.724 -138.465
1084 -277.724 -138.465
1085 -277.724 -138.465
1086 -277.724 -138.465
1087 -277.724 -138.465
1088 -277.724 -138.465
1089 -277.724 -138.465
1090 -277.724 -138.465
1091 -277.724 -138.465
1092 -277.724 -138.465
1093 -277.724 -138.465
1094 -277.724 -138.465
1095 -277.724 -138.465
1096 -277.724 -138.465
1097 -277.724 -138.465
1098 -277.724 -138.465
1099 -277.724 -138.465
1100 -277.724 -138.465
