0 -0.12267 2.46239
1 0.57813 2.49781
2 0.496475 4.04219
3 0.841407 4.06189
4 1.05078 0.794696
5 5.12656 1.10107
6 5.10893 1.29006
7 6.08482 1.41174
8 6.31284 0.173915
9 8.71982 0.924676
10 7.75165 2.456
11 7.30807 1.74723
12 7.51517 1.70702
13 7.50904 1.57745
14 7.68432 1.57584
15 7.68447 1.67198
16 7.65378 1.67198
17 7.65378 1.66778
18 7.6524 1.66778
19 7.6524 1.66667
20 7.65279 1.66667
21 7.65279 1.66676
22 7.65278 1.66676
23 7.65278 1.66676
24 7.65278 1.66676
25 7.65278 1.66676
26 7.65278 1.66676
27 7.65278 1.66676
28 7.65278 1.66676
29 7.65278 1.66676
30 7.65278 1.66676
31 7.65278 1.66676
32 7.65278 1.66676
33 7.65278 1.66676
34 7.65278 1.66676
35 7.65278 1.66676
36 7.65278 1.66676
37 7.65278 1.66676
38 7.65278 1.66676
39 7.65278 1.66676
40 7.65278 1.66676
41 7.65278 1.66676
42 7.65278 1.66676
43 7.65278 1.66676
44 7.65278 1.66676
45 7.65278 1.66676
46 7.65278 1.66676
47 7.65278 1.66676
48 7.65278 1.66676
49 7.65278 1.66676
50 7.65278 1.66676
