0 0.00999268 -1.99861
1 -5.89424 -2.02813
2 -5.90946 1.01592
3 8.17985 1.08646
4 8.17985 1.08646
5 -5.51276 1.01774
6 -5.48897 -3.71498
7 -0.131289 -3.688
8 -0.174917 4.95424
9 4.64544 4.97864
10 4.68453 -2.72297
11 -4.91896 -2.77187
12 -4.91896 -2.77187
13 1.74874 -2.73767
14 1.69415 7.86242
15 0.544076 7.85647
16 0.62644 -7.98854
17 1.41721 -7.98441
18 1.36117 2.68466
19 -5.54956 2.64815
20 -5.54956 2.64815
21 5.82849 2.70901
22 5.85506 -2.22515
23 -0.00831588 -2.25696
24 -0.00784405 -2.34329
25 -5.82562 -2.37534
26 -5.85572 3.04567
27 4.4389 3.10333
28 4.4389 3.10333
29 1.23205 3.08504
30 1.29534 -7.90478
31 -0.941676 -7.91779
32 -1.01119 3.9063
33 -6.11774 3.87595
34 -6.10515 1.78084
35 7.9829 1.86652
36 7.9829 1.86652
37 -0.894271 1.81118
38 -0.828586 -8.58701
39 -1.44164 -8.59093
40 -1.52818 4.73598
41 -6.19569 4.70523
42 -6.18035 2.41078
43 7.47888 2.50357
44 7.47888 2.50357
45 1.59703 2.46229
46 1.6729 -8.16354
47 -1.17833 -8.18426
48 -1.23672 -0.298028
49 -6.93153 -0.341001
50 -6.968 4.39884
51 0.44736 4.45708
52 0.44736 4.45708
53 7.19845 4.51241
54 7.23898 -0.322454
55 1.68075 -0.370143
56 1.76089 -9.4888
57 0.168596 -9.50314
58 0.0792429 0.162223
59 -10.6625 0.0602386
60 -10.6625 0.0602386
61 -0.306978 0.164236
62 -0.407241 9.85663
63 1.82691 9.88046
64 1.89459 3.73477
65 7.05821 3.79355
66 7.15261 -4.21961
67 8.63082 -4.20157
68 8.63082 -4.20157
69 -3.90308 -4.3666
70 -3.80846 -11.2692
71 -3.91437 -11.2707
72 -4.05023 -2.17134
73 -9.09148 -2.25012
74 -9.20865 4.89807
75 -11.0225 4.86681
76 -11.0225 4.86681
77 0.206772 5.08219
78 0.0381169 13.3827
79 2.43434 13.4344
80 2.47059 11.8599
81 5.70561 11.9395
82 5.92764 3.54885
83 16.021 3.83703
84 16.021 3.83703
85 16.1181 3.84031
86 16.2711 -0.291824
87 12.5146 -0.445415
88 13.0161 -11.4658
89 16.6687 -11.2792
90 16.9198 -15.6114
91 18.5835 -15.5008
92 18.5835 -15.5008
93 13.2031 -15.9918
94 13.8229 -21.6402
95 10.4298 -22.0973
96 11.8957 -30.7464
97 14.8259 -30.1036
98 16.1207 -34.5177
99 20.477 -32.7442
100 20.477 -32.7442
101 22.4535 -30.9805
102 21.1736 -30.0793
103 21.4392 -29.4472
104 19.9951 -29.1039
105 19.9363 -29.5652
106 19.2576 -29.5212
107 19.2364 -30.1958
108 19.2364 -30.1958
109 19.2342 -30.5417
110 19.4142 -30.5422
111 19.4141 -30.6065
112 19.5223 -30.6066
113 19.5223 -30.5806
114 19.5518 -30.5806
115 19.5518 -30.5574
116 19.5518 -30.5574
117 19.5518 -30.5495
118 19.5483 -30.5495
119 19.5483 -30.5485
120 19.5468 -30.5485
