0 0.00999268 -1.99861
1 -11.9164 -2.05825
2 -11.9122 -2.8981
3 -4.72331 -2.86211
4 -4.74747 1.95782
5 9.43513 2.02899
6 9.41644 5.74747
7 8.04417 5.74056
8 8.07502 -0.370427
9 -4.46052 -0.433871
10 -4.41456 -9.49
11 -7.43199 -9.50536
12 -7.45771 -4.47244
13 -1.09282 -4.43979
14 -1.16855 10.263
15 0.737981 10.2728
16 0.737981 10.2728
17 2.04888 10.2797
18 2.12662 -4.51875
19 8.7235 -4.48389
20 8.7483 -9.14968
21 5.17329 -9.1688
22 5.14204 -3.36684
23 -10.1059 -3.44955
24 -10.1056 -3.5106
25 -11.5957 -3.5188
26 -11.6194 0.740457
27 -0.95634 0.800178
28 -1.02745 13.3845
29 0.608799 13.3939
30 0.626262 10.3618
31 5.14498 10.3881
32 5.21449 -1.43604
33 15.5296 -1.37473
34 15.5331 -1.95277
35 8.34483 -1.99649
36 8.38858 -9.10251
37 -0.806261 -9.15984
38 -0.754653 -17.3296
39 -0.911674 -17.3306
40 -0.972867 -7.90709
41 -13.1109 -7.98707
42 -13.129 -5.28909
43 -17.4207 -5.31824
44 -17.4457 -1.70724
45 -11.8309 -1.66783
46 -11.9362 13.0706
47 -16.6628 13.0363
48 -16.6628 13.0363
49 -7.22226 13.1075
50 -7.27286 19.6818
51 -0.194268 19.7374
52 -0.239513 25.3786
53 1.88169 25.396
54 1.92935 19.7108
55 16.3838 19.8348
56 16.3271 26.2827
57 16.7349 26.2864
58 16.8051 18.6923
59 27.9313 18.798
60 27.9298 18.9551
61 33.2136 19.0082
62 33.2412 16.3341
63 37.7542 16.3822
64 37.8219 10.2365
65 48.2522 10.3552
66 48.2262 12.5661
67 48.9804 12.5753
68 49.0851 4.31322
69 62.0675 4.48416
70 61.9932 9.90748
71 62.0203 9.90786
72 62.1164 3.47365
73 75.2264 3.67853
74 75.0886 12.0839
75 74.5187 12.0741
76 74.5665 9.44299
77 85.2857 9.64858
78 85.0518 21.1617
79 81.0795 21.0759
80 81.0795 21.0759
81 86.4423 21.208
82 86.1344 32.8462
83 76.4995 32.5711
84 76.5752 30.1249
85 76.5447 30.1239
86 76.3648 34.9827
87 66.5959 34.5833
88 66.9505 26.7907
89 67.8861 26.8385
90 68.0833 23.4348
91 69.8065 23.5493
92 69.9801 21.3038
93 72.7253 21.5544
94 72.8964 19.996
95 79.7505 20.9194
96 78.2845 29.5685
97 72.3656 28.2701
98 72.7229 27.0523
99 70.5001 26.1474
100 72.2976 23.096
101 74.3448 24.9227
102 73.3392 25.6309
103 73.4072 25.7928
104 72.386 26.0355
105 72.2331 24.8358
106 73.0311 24.784
107 73.0378 24.996
108 73.2416 24.993
109 73.2437 25.3232
110 72.994 25.3239
111 72.9939 25.2173
112 72.9939 25.2173
113 72.9939 25.1742
114 73.0348 25.1742
115 73.0348 25.1963
116 73.0291 25.1963
117 73.0291 25.1988
118 73.0251 25.1988
119 73.0251 25.1961
120 73.0262 25.1961
