0 0.00999268 -1.99861
1 11.9364 -1.93897
2 11.9406 -2.77882
3 4.7517 -2.81482
4 4.72755 2.00511
5 -9.45505 1.93393
6 -9.47375 5.65241
7 -8.10148 5.65932
8 -8.07063 -0.451663
9 4.46491 -0.388219
10 4.51088 -9.44435
11 7.52831 -9.42898
12 7.5026 -4.39606
13 1.13771 -4.4287
14 1.06198 10.274
15 -0.844545 10.2642
16 -0.844545 10.2642
17 -2.15545 10.2573
18 -2.07771 -4.54108
19 -8.67459 -4.57594
20 -8.64979 -9.24172
21 -5.07478 -9.22259
22 -5.10603 -3.42063
23 10.1419 -3.33792
24 10.1423 -3.39897
25 11.6324 -3.39076
26 11.6087 0.8685
27 0.945713 0.808779
28 0.874599 13.3931
29 -0.761653 13.3838
30 -0.74419 10.3517
31 -5.26291 10.3254
32 -5.19339 -1.49868
33 -15.5085 -1.55999
34 -15.505 -2.13803
35 -8.31678 -2.09431
36 -8.27304 -9.20033
37 0.921808 -9.143
38 0.973416 -17.3128
39 1.13044 -17.3118
40 1.06924 -7.88824
41 13.2073 -7.80827
42 13.1893 -5.11029
43 17.481 -5.08113
44 17.4561 -1.47014
45 11.8414 -1.50955
46 11.7361 13.2289
47 16.4628 13.2633
48 16.4628 13.2633
49 7.0222 13.192
50 6.97161 19.7664
51 -0.106985 19.7108
52 -0.152231 25.3519
53 -2.27344 25.3346
54 -2.22578 19.6494
55 -16.6802 19.5253
56 -16.7369 25.9732
57 -17.1447 25.9695
58 -17.0745 18.3755
59 -28.2007 18.2699
60 -28.2022 18.427
61 -33.486 18.374
62 -33.4583 15.6999
63 -37.9713 15.6517
64 -37.9036 9.50603
65 -48.334 9.3873
66 -48.36 11.5981
67 -49.1143 11.5889
68 -49.0096 3.32686
69 -61.992 3.15592
70 -62.0664 8.57924
71 -62.0935 8.57885
72 -61.9974 2.14463
73 -75.1074 1.93975
74 -75.2452 10.3451
75 -74.6753 10.3549
76 -74.6275 7.72384
77 -85.3468 7.51825
78 -85.5807 19.0313
79 -81.6084 19.1171
80 -81.6084 19.1171
81 -86.9712 18.985
82 -87.2792 30.6232
83 -77.6443 30.8983
84 -77.5685 28.4521
85 -77.538 28.4531
86 -77.7179 33.312
87 -67.949 33.7114
88 -67.5944 25.9189
89 -68.53 25.8711
90 -68.3327 22.4673
91 -70.056 22.3527
92 -69.8824 20.1072
93 -72.6277 19.8566
94 -72.4566 18.2983
95 -79.3107 17.3749
96 -80.7767 26.024
97 -74.8579 27.3224
98 -74.5006 26.1046
99 -72.2779 27.0094
100 -70.4804 23.958
101 -72.5276 22.1313
102 -73.5332 22.8394
103 -73.6012 22.6775
104 -74.6224 22.9202
105 -74.4694 24.1199
106 -73.6714 24.0681
107 -73.678 23.8561
108 -73.4742 23.8532
109 -73.4763 23.523
110 -73.726 23.5236
111 -73.7259 23.6303
112 -73.7259 23.6303
113 -73.7258 23.6734
114 -73.685 23.6734
115 -73.685 23.6512
116 -73.6906 23.6512
117 -73.6906 23.6488
118 -73.6947 23.6488
119 -73.6947 23.6515
120 -73.6936 23.6515
