0 -0.12267 2.46239
1 -0.823469 2.42696
2 -0.905124 3.97133
3 -1.25006 3.95162
4 -1.04068 0.684425
5 -5.11647 0.378049
6 -5.1341 0.567039
7 -6.10998 0.44536
8 -5.88196 -0.792466
9 -8.28895 -1.54323
10 -9.25712 -0.0119002
11 -8.81354 0.696878
12 -8.60644 0.656669
13 -8.60031 0.786234
14 -8.42503 0.784618
15 -8.42518 0.688476
16 -8.45586 0.688482
17 -8.45586 0.692683
18 -8.45724 0.692683
19 -8.45724 0.693796
20 -8.45685 0.693796
21 -8.45685 0.69371
22 -8.45686 0.69371
23 -8.45686 0.693708
24 -8.45686 0.693708
25 -8.45686 0.693708
