0 0.00999268 -1.99861
1 15.4385 -1.92146
2 15.46 -6.2264
3 30.7102 -6.15005
4 30.7363 -11.3671
5 45.5571 -11.2927
6 45.5908 -17.9858
7 59.591 -17.9153
8 59.6347 -26.5575
9 72.2309 -26.4938
10 72.2862 -37.3855
11 82.6809 -37.3326
12 82.7481 -50.4842
13 89.9652 -50.4472
14 90.0424 -65.438
15 93.0477 -65.4224
16 93.13 -81.2675
17 91.0636 -81.2783
18 91.1429 -96.3666
19 83.6628 -96.4061
20 83.7276 -108.598
21 71.4121 -108.664
22 71.4496 -115.642
23 56.1279 -115.725
24 56.1274 -115.639
25 40.9249 -115.723
26 40.8823 -108.056
27 29.7395 -108.119
28 29.6625 -94.4975
29 26.1914 -94.5173
30 26.1019 -78.9753
31 31.9475 -78.9413
32 31.878 -67.1172
33 45.2221 -67.0379
34 45.2043 -64.075
35 60.4531 -63.9822
36 60.5004 -71.6737
37 70.109 -71.6138
38 70.2019 -86.3191
39 68.5999 -86.3293
40 68.6865 -99.6562
41 56.4896 -99.7366
42 56.5113 -102.981
43 41.7267 -103.082
44 41.6616 -93.6459
45 35.2951 -93.6906
46 35.1878 -78.6634
47 42.6384 -78.6092
48 42.58 -70.723
49 57.4613 -70.6107
50 57.5129 -77.3138
51 65.5392 -77.2508
52 65.6574 -91.9919
53 58.3501 -92.0518
54 58.4074 -98.8893
55 43.883 -99.014
56 43.8029 -89.8953
57 39.642 -89.9328
58 39.5157 -76.2639
59 51.1425 -76.1535
60 51.1442 -76.3236
61 62.353 -76.2111
62 62.4947 -89.9182
63 56.6566 -89.9805
64 56.7243 -96.1261
65 43.2311 -96.2797
66 43.0976 -84.9474
67 44.6976 -84.9279
68 44.5843 -75.9851
69 58.1509 -75.8065
70 58.2847 -85.5682
71 58.008 -85.5721
72 58.1438 -94.6715
73 44.9704 -94.8774
74 44.8047 -84.7683
75 46.768 -84.7345
76 46.6432 -77.8591
77 58.7977 -77.6259
78 59.0362 -89.3646
79 52.7745 -89.4998
80 52.8108 -91.0743
81 44.3572 -91.2825
82 44.0433 -79.4163
83 54.9682 -79.1044
84 55.1661 -85.4967
85 55.061 -85.5002
86 55.2773 -91.3439
87 45.4611 -91.7453
88 44.9596 -80.7249
89 54.5046 -80.2372
90 54.8596 -86.3639
91 53.0588 -86.4836
92 53.2467 -88.9141
93 47.423 -89.4457
94 46.5465 -81.4577
95 55.4132 -80.2631
96 56.8792 -88.9122
97 49.2223 -90.5919
98 47.3912 -84.3495
99 52.1065 -82.4299
100 54.052 -85.7328
101 51.9127 -87.6417
102 50.1027 -86.3672
103 50.7967 -84.7154
104 52.2408 -85.0586
105 52.0871 -86.2641
106 51.1273 -86.2018
107 51.1502 -85.4716
108 51.683 -85.4793
109 51.6806 -85.8538
110 51.426 -85.8531
