0 -0.12267 2.46239
1 -0.823469 2.42696
2 -0.905124 3.97133
3 -1.25006 3.95162
4 -1.04068 0.684425
5 -5.11647 0.378049
6 -5.1341 0.567039
7 -6.10998 0.44536
8 -5.88196 -0.792466
9 -8.28895 -1.54323
10 -9.25712 -0.0119002
11 -8.81354 0.696878
12 -8.60644 0.656669
13 -8.60031 0.786234
14 -8.42503 0.784618
15 -8.42518 0.688476
16 -8.45586 0.688482
17 -8.45586 0.692683
18 -8.45724 0.692683
19 -8.45724 0.693796
20 -8.45685 0.693796
21 -8.45685 0.69371
22 -8.45686 0.69371
23 -8.45686 0.693708
24 -8.45686 0.693708
25 -8.45686 0.693708
26 -8.45686 0.693708
27 -8.45686 0.693708
28 -8.45686 0.693708
29 -8.45686 0.693708
30 -8.45686 0.693708
31 -8.45686 0.693708
32 -8.45686 0.693708
33 -8.45686 0.693708
34 -8.45686 0.693708
35 -8.45686 0.693708
36 -8.45686 0.693708
37 -8.45686 0.693708
38 -8.45686 0.693708
39 -8.45686 0.693708
40 -8.45686 0.693708
41 -8.45686 0.693708
42 -8.45686 0.693708
43 -8.45686 0.693708
44 -8.45686 0.693708
45 -8.45686 0.693708
46 -8.45686 0.693708
47 -8.45686 0.693708
48 -8.45686 0.693708
49 -8.45686 0.693708
50 -8.45686 0.693708
