0 0.00999268 -1.99861
1 5.91422 -1.96909
2 5.89899 1.07497
3 -8.19032 1.00443
4 -8.19032 1.00443
5 5.50229 1.07315
6 5.52608 -3.65958
7 0.168399 -3.68656
8 0.124771 4.95568
9 -4.69558 4.93128
10 -4.65649 -2.77032
11 4.947 -2.72142
12 4.947 -2.72142
13 -1.7207 -2.75562
14 -1.7753 7.84447
15 -0.625229 7.85042
16 -0.542866 -7.9946
17 -1.33364 -7.99873
18 -1.38968 2.67034
19 5.52105 2.70685
20 5.52105 2.70685
21 -5.857 2.64598
22 -5.83042 -2.28819
23 0.032952 -2.25638
24 0.0334238 -2.34272
25 5.8512 -2.31068
26 5.82109 3.11033
27 -4.47353 3.05268
28 -4.47353 3.05268
29 -1.26667 3.07097
30 -1.20338 -7.91885
31 1.03364 -7.90584
32 0.964123 3.91826
33 6.07067 3.94861
34 6.08327 1.8535
35 -8.00478 1.76781
36 -8.00478 1.76781
37 0.872391 1.82316
38 0.938076 -8.57502
39 1.55113 -8.5711
40 1.46459 4.75581
41 6.1321 4.78657
42 6.14745 2.49212
43 -7.51178 2.39933
44 -7.51178 2.39933
45 -1.62992 2.44062
46 -1.55404 -8.18521
47 1.29719 -8.16448
48 1.2388 -0.278246
49 6.93361 -0.235273
50 6.89713 4.50457
51 -0.518234 4.44633
52 -0.518234 4.44633
53 -7.26933 4.39099
54 -7.2288 -0.443875
55 -1.67057 -0.396186
56 -1.59043 -9.51484
57 0.0018687 -9.5005
58 -0.0874839 0.164872
59 10.6543 0.266857
60 10.6543 0.266857
61 0.298737 0.162859
62 0.198473 9.85525
63 -2.03568 9.83142
64 -1.968 3.68573
65 -7.13163 3.62696
66 -7.03723 -4.3862
67 -8.51545 -4.40425
68 -8.51545 -4.40425
69 4.01845 -4.23921
70 4.11307 -11.1418
71 4.21897 -11.1403
72 4.0831 -2.04092
73 9.12436 -1.96213
74 9.00719 5.18605
75 10.821 5.21731
76 10.821 5.21731
77 -0.408237 5.00193
78 -0.576892 13.3024
79 -2.97312 13.2507
80 -2.93687 11.6761
81 -6.1719 11.5964
82 -5.94988 3.20576
83 -16.0432 2.91757
84 -16.0432 2.91757
85 -16.1403 2.91429
86 -15.9873 -1.21784
87 -12.2309 -1.06425
88 -11.7294 -12.0846
89 -15.3821 -12.2713
90 -15.131 -16.6035
91 -16.7947 -16.7141
92 -16.7947 -16.7141
93 -11.4144 -16.223
94 -10.7946 -21.8713
95 -7.40139 -21.4142
96 -5.93541 -30.0633
97 -8.86557 -30.7061
98 -7.57077 -35.1201
99 -11.9271 -36.8936
100 -11.9271 -36.8936
101 -13.9036 -38.6573
102 -15.1834 -37.756
103 -15.449 -38.3881
104 -16.8931 -38.0448
105 -16.8343 -37.5835
106 -17.513 -37.5395
107 -17.4918 -36.8649
108 -17.4918 -36.8649
109 -17.4896 -36.5189
110 -17.3096 -36.5194
111 -17.3095 -36.4551
112 -17.2014 -36.4551
113 -17.2014 -36.4811
114 -17.1719 -36.4811
115 -17.1719 -36.5043
116 -17.1719 -36.5043
117 -17.1719 -36.5122
118 -17.1754 -36.5122
119 -17.1754 -36.5132
120 -17.1769 -36.5132
