0 0.00525968 -0.013309
1 0.00272052 -0.0143115
2 -0.0025194 -0.00100058
3 0.00267079 0.00103259
4 -0.00250977 0.0143487
5 -0.00521689 0.0133049
6 0.00494572 -0.0133415
7 0.00207021 -0.014424
8 -0.00287155 -0.00109434
9 0.00332964 0.00116476
10 -0.00143179 0.0144967
11 -0.00481443 0.0133152
12 0.0042654 -0.0133359
13 0.000543606 -0.0145694
14 -0.00373341 -0.00126433
15 0.0045022 0.00129549
16 0.000529309 0.0145593
17 -0.00404061 0.0132451
18 0.00321599 -0.0131437
19 -0.00186065 -0.0144726
20 -0.0051055 -0.00138426
21 0.00616537 0.00124703
22 0.00334017 0.0141834
23 -0.00290231 0.0129178
24 0.00184451 -0.0125393
25 -0.00504788 -0.0137083
26 -0.00694307 -0.00125356
27 0.00821271 0.00077935
28 0.00681451 0.0128838
29 -0.00147507 0.0120856
30 0.000309504 -0.0112495
31 -0.00870613 -0.0117549
32 -0.00909583 -0.00062019
33 0.0103876 -0.000360812
34 0.0104824 0.0101369
35 3.15831e-05 0.0104718
36 -0.00105593 -0.00902971
37 -0.0121791 -0.0081374
38 -0.0112417 0.000753147
39 0.0122323 -0.00233328
40 0.0134862 0.00558422
41 0.00121824 0.00786846
42 -0.00172127 -0.00580442
43 -0.0144122 -0.00269725
44 -0.0128518 0.00296024
45 0.013108 -0.00503605
46 0.0146098 -0.000639293
47 0.00150007 0.00429778
48 -0.0010428 -0.00185595
49 -0.0141004 0.00404121
50 -0.0132506 0.00576848
51 0.0123588 -0.0079213
52 0.0125814 -0.00753718
53 0.000243473 0.000203075
54 0.00147827 0.00202363
55 -0.0101741 0.0105614
56 -0.0118425 0.00845277
57 0.00966347 -0.00992266
58 0.00674616 -0.013083
59 -0.0029106 -0.00344437
60 0.00576605 0.00458442
61 -0.00262805 0.0144244
62 -0.00851964 0.00980236
63 0.00549943 -0.00968908
64 -0.0020234 -0.0146302
65 -0.00758516 -0.00531178
66 0.0107428 0.00456786
67 0.00662047 0.0131015
68 -0.00411471 0.0084998
69 0.00143178 -0.00626947
70 -0.0107161 -0.0101991
71 -0.0123186 -0.00431306
72 0.0143018 0.00158606
73 0.0136032 0.00566343
74 -0.000529484 0.00395045
75 -0.000241982 -9.86211e-05
76 -0.0147786 -0.000396413
77 -0.0147841 -0.000576785
78 0.0141393 -0.00296347
79 0.013811 -0.00538537
80 -6.43029e-05 -0.00274819
81 0.00218618 0.00638583
82 -0.0105935 0.010283
83 -0.0129646 0.00380925
84 0.00947185 -0.00585826
85 0.00547411 -0.0138612
86 -0.00380402 -0.00854427
87 0.00798277 0.00951917
88 0.000893274 0.0147601
89 -0.00701263 0.00529153
90 0.00262544 -0.00378645
91 -0.00722627 -0.0130542
92 -0.00988494 -0.00985727
93 0.0131752 0.007025
94 0.0123665 0.00828814
95 -0.000375699 0.00122172
96 -0.00146217 0.00351443
97 -0.0147762 -0.00177341
98 -0.0135302 -0.00562436
99 0.01271 0.000994562
100 0.0139182 -0.00562222
101 0.00181177 -0.0070014
102 0.000974271 0.011353
103 -0.0093326 0.0115892
104 -0.0103726 0.000327521
105 0.00533186 -0.00223811
106 0.00234178 -0.0148683
107 -0.00262423 -0.0133122
108 0.00771226 0.0129072
109 0.00576552 0.0138429
110 -0.0014857 0.00121573
111 -0.00321394 0.00238585
112 -0.0121082 -0.00884727
113 -0.00898194 -0.0117303
114 0.0105777 0.00648946
115 0.0151299 0.000783286
116 0.00546009 -0.00577728
117 -0.00445574 0.0116136
118 -0.0129094 0.00763779
119 -0.00860324 -0.00379093
120 0.00376294 -0.000229696
121 0.00649283 -0.013712
122 0.00340968 -0.014079
123 0.00234981 0.0149255
124 0.00281448 0.0149041
125 0.000956616 0.000629481
126 -0.00698631 0.0023508
127 -0.0109126 -0.010429
128 -0.00399532 -0.0132192
129 0.00637151 0.00721882
130 0.0152164 0.00172148
131 0.00996687 -0.00527843
132 -0.00894276 0.0116951
133 -0.0128878 0.00801557
134 -0.0042058 -0.0031432
135 -0.00150509 -0.00140776
136 0.00522836 -0.0143286
137 0.00741009 -0.0134343
138 -0.0007363 0.0131918
139 0.00533484 0.0144487
140 0.00668239 0.00232638
141 -0.012543 0.00200735
142 -0.013284 -0.00744811
143 -0.00116288 -0.00957459
144 0.00201649 0.00192162
145 0.0151066 -0.00310498
146 0.0142575 -0.00480125
147 -0.0104026 0.0107389
148 -0.00893641 0.0126235
149 0.00110706 0.00306438
150 -0.0087815 -0.00543324
151 -0.00196956 -0.0152003
152 0.00687007 -0.0102854
153 -9.29213e-05 0.00594778
154 0.0121411 0.00976277
155 0.013105 0.00497506
156 -0.0154215 0.00227403
157 -0.0154259 0.0018607
158 -0.00106856 0.000185026
159 -0.00290191 -0.00791836
160 0.00952348 -0.0121673
161 0.0130609 -0.00459773
162 -0.00478796 0.00623565
163 0.00235708 0.0155464
164 0.00713051 0.0109706
165 -0.0142058 -0.00686079
166 -0.0130883 -0.00854781
167 -0.000117574 -0.00190471
168 0.00189071 -0.00722567
169 0.0150901 -0.00388639
170 0.0140955 0.0034917
171 -0.00806442 0.00305902
172 -0.00699179 0.0142411
173 6.38008e-05 0.0127265
174 -0.00878092 -0.0132665
175 -0.00658043 -0.0143164
176 0.00120171 -0.00198778
177 0.00538544 -0.00538225
178 0.0151665 0.00410082
179 0.0106017 0.0101056
180 -0.00825059 -0.000924898
181 -0.0128038 0.00960581
182 -0.0063125 0.0115156
183 -0.00177729 -0.0159804
184 -0.000112685 -0.0159136
185 0.0011061 -0.00142036
186 0.00837562 -0.0029592
187 0.0126897 0.00947351
188 0.00495163 0.013308
189 -0.00602403 -0.00319737
190 -0.0153783 0.00491271
191 -0.0114942 0.00837743
192 0.00471952 -0.0153435
193 0.00444112 -0.015485
194 -0.00030746 -0.00205658
195 0.0111146 0.000366355
196 0.0101886 0.0122945
197 -0.000322142 0.0128707
198 -0.00323847 -0.00248438
199 -0.0161605 0.00181652
200 -0.0151073 0.00396588
201 0.00910297 -0.0122648
202 0.00680192 -0.0148555
203 -0.00176534 -0.00485132
204 0.0130605 0.00467532
205 0.00903981 0.0133642
206 -0.00314485 0.00966193
207 -0.0018017 0.0011148
208 -0.0163228 0.00088136
209 -0.0165358 -0.000821202
210 0.0101024 -0.00806703
211 0.00712563 -0.0149643
212 -0.00193715 -0.00940787
213 0.013422 0.00907956
214 0.0097331 0.0131717
215 -0.00221786 0.00518689
216 -0.00279437 0.00639979
217 -0.016255 0.00226973
218 -0.0152348 -0.00443452
219 0.0070065 -0.0043536
220 0.00532966 -0.0158827
221 -0.000407384 -0.0141507
222 0.0118399 0.0116866
223 0.0121347 0.011488
224 0.0025659 0.00108432
225 -0.0057985 0.0115204
226 -0.0154323 0.00596048
227 -0.0111911 -0.00495756
228 0.000144162 -0.00245946
229 0.00104258 -0.0167879
230 0.00181149 -0.0168591
231 0.00868506 0.0102805
232 0.0153396 0.00743221
233 0.00967599 -0.00157147
234 -0.00866967 0.0144949
235 -0.0124613 0.0113459
236 -0.00507857 -0.0011417
237 -0.00865067 -0.00254398
238 -0.00576982 -0.0158293
239 0.00260706 -0.0153908
240 0.00470377 0.0036578
241 0.0172107 0.000165988
242 0.0158092 -0.00284534
243 -0.00827998 0.0136209
244 -0.00567164 0.0163416
245 0.00195176 0.00612526
246 -0.0158586 -0.00303303
247 -0.0134874 -0.0104829
248 0.00024847 -0.00853821
249 0.000300067 -0.00666666
250 0.01436 -0.00946502
251 0.0165903 -0.00364679
252 -0.00267206 0.00780457
253 0.0050453 0.0168313
254 0.00835805 0.0128317
255 -0.0168373 -0.00157236
256 -0.0175865 0.000504248
257 -0.00440761 0.00279987
258 -0.00444459 -0.0153644
259 0.0041075 -0.0168962
260 0.00880387 -0.00415431
261 0.00599863 -0.00251171
262 0.0153686 0.00845544
263 0.0116116 0.0130469
264 -0.00814631 0.00207097
265 -0.0119753 0.0133353
266 -0.00703624 0.0140694
267 -0.00800359 -0.0150152
268 -0.0107166 -0.0144234
269 -0.00566789 -0.00238051
270 0.010729 -0.0131207
271 0.016097 -0.00751243
272 0.00792589 0.00386204
273 0.00766607 0.00374038
274 0.00415288 0.0173749
275 -0.00340208 0.0168774
276 -0.00580297 -0.00280143
277 -0.0182245 0.00116735
278 -0.0169417 0.00352773
279 0.0055248 -0.0149047
280 0.00135683 -0.018371
281 -0.00418308 -0.00830376
282 0.0184254 -0.00101966
283 0.0178539 0.00373639
284 0.00330888 0.00480314
285 0.00515053 0.0115435
286 -0.00612458 0.0171428
287 -0.0126454 0.00866873
288 -0.00414778 -0.00103359
289 -0.0166262 -0.00822732
290 -0.0160252 -0.0100057
291 0.0103782 -0.00660374
292 0.00970193 -0.0162023
293 0.00229116 -0.0141552
294 0.0150699 0.0110379
295 0.0155541 0.0106543
296 0.00502829 0.00179828
297 -0.00333147 0.0171949
298 -0.0115121 0.0147119
299 -0.0102503 0.000917654
300 -0.00972468 0.00085804
301 -0.0141017 -0.0124469
302 -0.00702884 -0.0165287
303 0.00506531 -0.00300715
304 0.0131574 -0.014012
305 0.0124618 -0.0143279
306 0.00635754 0.0132477
307 0.0142346 0.0133161
308 0.0123797 0.004222
309 -0.0125305 0.0151021
310 -0.0130442 0.0143873
311 -0.00356016 0.00390919
312 -0.0172649 -0.00399039
313 -0.0144652 -0.0127476
314 -0.000865909 -0.0114485
315 -0.000719531 -0.010231
316 0.0125416 -0.0148517
317 0.016871 -0.0078161
318 0.00421662 0.00442211
319 0.0157733 0.0120654
320 0.0157592 0.012102
321 -0.0115962 0.0080623
322 -0.0109431 0.0169524
323 -0.00320801 0.0146105
324 -0.0171373 -0.0099809
325 -0.0179339 -0.00925719
326 -0.00693224 -0.00155976
327 0.00048597 -0.0197643
328 0.00738921 -0.0186313
329 0.00828687 -0.00424517
330 0.0130609 -0.0056596
331 0.019343 0.00545418
332 0.0112773 0.0128433
333 0.00220637 0.00662075
334 -0.00310824 0.0202163
335 -0.00731592 0.0196092
336 -0.00935144 -0.00379166
337 -0.0208852 -6.88213e-07
338 -0.0190277 0.00303522
339 0.00162153 -0.0174467
340 -0.00372793 -0.0207744
341 -0.00698058 -0.0110501
342 0.0194953 -0.00870472
343 0.0196652 -0.00755555
344 0.00660198 -0.0022971
345 0.0164995 0.011587
346 0.0111318 0.0177799
347 -0.00148273 0.0112758
348 -0.00226085 0.0144938
349 -0.0152964 0.0145237
350 -0.017879 0.00408642
351 -0.00812982 -0.0010334
352 -0.0178233 -0.0119679
353 -0.0151115 -0.0159061
354 0.00591413 -0.00799628
355 0.00738612 -0.0206415
356 0.00521335 -0.0203602
357 0.0156566 0.00623406
358 0.0221726 0.00157904
359 0.0156548 -0.00395101
360 0.00320082 0.0214415
361 0.00480084 0.0217785
362 0.00426408 0.00883425
363 -0.0168332 0.015159
364 -0.0193895 0.010912
365 -0.00913429 0.000497258
366 -0.0190174 -0.00523581
367 -0.0162065 -0.0152797
368 -0.00284443 -0.0150209
369 -0.00256919 -0.0138707
370 0.00960407 -0.0203618
371 0.0161276 -0.0132973
372 0.00895739 -0.00207922
373 0.0228203 0.00238448
374 0.022595 0.00658663
375 0.000251627 0.0112357
376 0.00597014 0.0226459
377 0.00732561 0.0214456
378 -0.0162216 0.00584598
379 -0.0190391 0.0142513
380 -0.0116539 0.0147024
381 -0.0174697 -0.0136746
382 -0.0207199 -0.0120398
383 -0.0129123 -0.00332778
384 0.000781493 -0.024473
385 0.00270805 -0.0238589
386 0.00211893 -0.00972365
387 0.0194633 -0.0137114
388 0.022906 -0.0073244
389 0.0124137 0.00271847
390 0.0193627 0.00685935
391 0.0163672 0.0178213
392 0.00343969 0.0178811
393 0.00276969 0.0155225
394 -0.00907059 0.0227763
395 -0.0161948 0.0161726
396 -0.0105382 0.0051218
397 -0.0248776 0.00224556
398 -0.0252985 -0.00314325
399 -0.00594794 -0.0103077
400 -0.0140025 -0.0213084
401 -0.0136391 -0.0217761
402 0.0107743 -0.0119766
403 0.0119116 -0.0230836
404 0.00782693 -0.0223471
405 0.0207021 0.00366736
406 0.0263098 -0.00146867
407 0.0191905 -0.00580005
408 0.0117089 0.0219756
409 0.0151122 0.0219038
410 0.0116191 0.0108501
411 -0.00980343 0.0252502
412 -0.0105583 0.0246241
413 -0.00515416 0.0120258
414 -0.0256929 0.00960769
415 -0.026571 0.00454082
416 -0.0134934 -0.00195689
417 -0.0230603 -0.0121966
418 -0.0186479 -0.0197571
419 -0.00472629 -0.0164026
420 -0.00509083 -0.0228876
421 0.00579473 -0.0268553
422 0.0135959 -0.016457
423 0.0128728 -0.0154699
424 0.0256254 -0.0110078
425 0.0251902 -0.000173649
426 0.0168919 0.00200771
427 0.0245287 0.0143244
428 0.0192155 0.0204186
429 0.00538364 0.0142827
430 0.00367908 0.028754
431 -0.00120336 0.0296616
432 -0.0108042 0.0114705
433 -0.0205682 0.0212897
434 -0.022085 0.0205015
435 -0.01778 -0.00383539
436 -0.030132 -0.00222263
437 -0.0295027 -0.000870227
438 -0.00922554 -0.0194588
439 -0.0183768 -0.0247177
440 -0.0193269 -0.020337
441 0.00952808 -0.0230929
442 0.00625958 -0.0307216
443 0.000860486 -0.0260326
444 0.0258876 -0.0108756
445 0.0272341 -0.0165585
446 0.0178386 -0.0158049
447 0.0287607 0.0105036
448 0.031275 0.00835236
449 0.0216543 0.00247986
450 0.0154742 0.028612
451 0.0162864 0.0285433
452 0.0113266 0.0168687
453 -0.00713737 0.0330592
454 -0.00847878 0.0322697
455 -0.00559598 0.0188917
456 -0.0272574 0.0212461
457 -0.028817 0.0178416
458 -0.0183622 0.0080697
459 -0.0348278 -0.000846037
460 -0.0338469 -0.00647192
461 -0.0194052 -0.00868164
462 -0.0265307 -0.0224668
463 -0.0213674 -0.0278161
464 -0.00812975 -0.0215698
465 -0.00673973 -0.0337894
466 0.0019671 -0.035692
467 0.00944989 -0.0233305
468 0.0153326 -0.0303649
469 0.0248129 -0.0267348
470 0.0243319 -0.012641
471 0.0302703 -0.0144666
472 0.0368632 -0.00545119
473 0.0290979 0.00576884
474 0.0324551 0.00670027
475 0.0332327 0.0186616
476 0.0211503 0.0237883
477 0.0218392 0.0245451
478 0.0158465 0.0356624
479 0.00341659 0.0337122
480 0.0032072 0.0325867
481 -0.00815407 0.0391567
482 -0.0173287 0.031345
483 -0.0162596 0.0285334
484 -0.029752 0.0282556
485 -0.0334201 0.0172967
486 -0.0298371 0.0144732
487 -0.0415136 0.00718156
488 -0.0391703 -0.00369364
489 -0.0334157 -0.00447284
490 -0.0398881 -0.0168385
491 -0.0326232 -0.0247921
492 -0.0263847 -0.0222209
493 -0.025809 -0.0362937
494 -0.0157986 -0.0395
495 -0.0112594 -0.033671
496 -0.00377719 -0.045694
497 0.00636124 -0.0436032
498 0.00752229 -0.035959
499 0.0199407 -0.0428348
500 0.0277548 -0.0361266
501 0.0250658 -0.0288244
502 0.0392552 -0.0288888
503 0.042929 -0.019209
504 0.0372716 -0.0142295
505 0.049757 -0.00758249
506 0.0484088 0.00284624
507 0.041603 0.00446069
508 0.0494829 0.016098
509 0.0432859 0.024918
510 0.0373242 0.0234051
511 0.0389373 0.0372196
512 0.0290687 0.0423803
513 0.0253189 0.0390746
514 0.0205554 0.0519124
515 0.00898228 0.0520602
516 0.00766614 0.0487809
517 -0.00211793 0.0579213
518 -0.0129965 0.0526819
519 -0.012861 0.050936
520 -0.0252765 0.0547056
521 -0.0330886 0.0448008
522 -0.0332638 0.0451006
523 -0.0455414 0.0431902
524 -0.0484299 0.0303449
525 -0.0507056 0.0318937
526 -0.0603988 0.0253191
527 -0.0574384 0.01195
528 -0.0628136 0.0128228
529 -0.0683778 0.00355547
530 -0.059818 -0.00771625
531 -0.0679093 -0.00993882
532 -0.0690133 -0.0195655
533 -0.0562704 -0.0264823
534 -0.0651701 -0.0338209
535 -0.0626701 -0.0417685
536 -0.0480428 -0.042954
537 -0.0547112 -0.0561681
538 -0.0503002 -0.0612371
539 -0.0364562 -0.0565272
540 -0.0375605 -0.0745803
541 -0.0331959 -0.0766939
542 -0.0225445 -0.067179
543 -0.0155038 -0.0872405
544 -0.0127763 -0.0873904
545 -0.00688569 -0.0751391
546 0.00920179 -0.0931707
547 0.00957489 -0.0930414
548 0.0103542 -0.0805601
549 0.0342122 -0.0923525
550 0.0326187 -0.0937338
551 0.0292095 -0.0832984
552 0.0575121 -0.0856674
553 0.0553258 -0.08983
554 0.0496287 -0.0828729
555 0.0777677 -0.0746503
556 0.0769078 -0.0818782
557 0.0712249 -0.0786092
558 0.0945289 -0.0611009
559 0.0968271 -0.0705324
560 0.0931646 -0.0699144
561 0.10822 -0.0466425
562 0.11479 -0.056483
563 0.114245 -0.0565821
564 0.119915 -0.0323432
565 0.130725 -0.0403974
566 0.133148 -0.0390131
567 0.130949 -0.0185047
568 0.144754 -0.0228713
569 0.148802 -0.0182595
570 0.142485 -0.0046834
571 0.157145 -0.0043942
572 0.160724 0.00414394
573 0.155145 0.0100573
574 0.168266 0.0146677
575 0.169234 0.0265258
576 0.168849 0.0267369
577 0.178527 0.0340664
578 0.175436 0.0475008
579 0.182886 0.0460164
580 0.188338 0.0536465
581 0.180975 0.066334
582 0.196236 0.0678698
583 0.198073 0.0733021
584 0.187609 0.0831163
585 0.207999 0.0914799
586 0.208057 0.0929255
587 0.196728 0.0986771
588 0.217832 0.115403
589 0.218572 0.112359
590 0.208991 0.114243
591 0.226198 0.137952
592 0.229874 0.131358
593 0.224189 0.130941
594 0.234346 0.157677
595 0.242208 0.149579
596 0.241392 0.149298
597 0.244007 0.173768
598 0.255818 0.166586
599 0.259349 0.168919
600 0.256874 0.186232
601 0.270931 0.181874
602 0.276989 0.188455
603 0.27405 0.195764
604 0.287708 0.194902
605 0.293846 0.205894
606 0.295636 0.203356
607 0.306186 0.205126
608 0.31024 0.219081
609 0.320611 0.20975
610 0.326191 0.212026
611 0.327113 0.226314
612 0.347049 0.214975
613 0.347276 0.215131
614 0.345566 0.2268
615 0.372616 0.218137
616 0.368679 0.214047
617 0.36623 0.220816
618 0.395151 0.21759
619 0.389329 0.208513
620 0.388716 0.209535
621 0.413141 0.211478
622 0.407908 0.198473
623 0.411351 0.194589
624 0.42592 0.198488
625 0.422973 0.184196
626 0.431364 0.177561
627 0.433524 0.178565
628 0.433128 0.166392
629 0.445495 0.159617
630 0.436314 0.153335
631 0.437231 0.146312
632 0.450883 0.141457
633 0.434552 0.126034
634 0.434625 0.125781
635 0.445971 0.12359
636 0.428173 0.100938
637 0.425359 0.107095
638 0.431123 0.106815
639 0.41693 0.0823984
640 0.410356 0.0927627
641 0.408767 0.0926269
642 0.40089 0.073772
643 0.391494 0.0850838
644 0.382991 0.0832689
645 0.381101 0.0765348
646 0.371522 0.0856095
647 0.358693 0.0812633
648 0.360076 0.0898273
649 0.353766 0.0946025
650 0.340523 0.0884604
651 0.341748 0.110553
652 0.341589 0.11065
653 0.331863 0.10491
654 0.330684 0.133999
655 0.33765 0.130608
656 0.334079 0.128042
657 0.330642 0.154832
658 0.343088 0.15002
659 0.346182 0.15265
660 0.34292 0.168274
661 0.35688 0.164052
662 0.364939 0.171971
663 0.365147 0.171235
664 0.375649 0.168806
665 0.385453 0.179744
666 0.39122 0.163205
667 0.39419 0.162696
668 0.402181 0.172651
669 0.412774 0.146655
670 0.406801 0.147385
671 0.410317 0.152198
672 0.421976 0.126729
673 0.409162 0.127785
674 0.407308 0.125044
675 0.414793 0.110034
676 0.400193 0.110793
677 0.394078 0.101199
678 0.393336 0.102602
679 0.383052 0.102919
680 0.375346 0.0903342
681 0.365938 0.107484
682 0.364512 0.10751
683 0.358485 0.0974678
684 0.344326 0.122926
685 0.35254 0.122793
686 0.350841 0.119964
687 0.338543 0.142257
688 0.352724 0.141935
689 0.356277 0.147723
690 0.351734 0.156212
691 0.365146 0.155694
692 0.37255 0.167257
693 0.377601 0.157295
694 0.383566 0.156914
695 0.391373 0.168376
696 0.402644 0.144292
697 0.398022 0.144748
698 0.402065 0.150226
699 0.41299 0.124149
700 0.400171 0.125989
701 0.397645 0.122886
702 0.40262 0.109099
703 0.388615 0.111883
704 0.380024 0.102472
705 0.377951 0.109516
706 0.37065 0.111454
707 0.360311 0.101538
708 0.354852 0.126341
709 0.358315 0.125146
710 0.352531 0.120387
711 0.348618 0.148693
712 0.360353 0.143525
713 0.363631 0.145781
714 0.362941 0.160034
715 0.375316 0.15316
716 0.386769 0.159525
717 0.386304 0.150307
718 0.391612 0.146605
719 0.404401 0.152041
720 0.400125 0.125371
721 0.395951 0.12904
722 0.401205 0.130589
723 0.393836 0.104711
724 0.384539 0.115139
725 0.377848 0.114047
726 0.37459 0.106465
727 0.367425 0.11702
728 0.353015 0.116635
729 0.361541 0.130725
730 0.360489 0.132879
731 0.348852 0.134263
732 0.36766 0.156931
733 0.370596 0.147536
734 0.37032 0.147613
735 0.385735 0.161122
736 0.387809 0.146501
737 0.398208 0.141618
738 0.394499 0.13934
739 0.394241 0.131083
740 0.405985 0.122796
741 0.381748 0.113342
742 0.382789 0.118142
743 0.386762 0.114048
744 0.360459 0.109191
745 0.366067 0.122224
746 0.361845 0.12875
747 0.356687 0.128838
748 0.363334 0.138358
749 0.358021 0.152151
750 0.378542 0.147408
751 0.377789 0.14671
752 0.376443 0.15558
753 0.4026 0.143018
754 0.39145 0.136581
755 0.391072 0.131681
756 0.399538 0.12485
757 0.386959 0.121112
758 0.382486 0.107402
759 0.371902 0.121323
760 0.370768 0.121273
761 0.365177 0.112441
762 0.353748 0.139664
763 0.36552 0.137122
764 0.368181 0.139584
765 0.366446 0.152443
766 0.378454 0.146196
767 0.391113 0.152724
768 0.388791 0.136253
769 0.389847 0.135254
770 0.400184 0.137292
771 0.388006 0.1104
772 0.381886 0.12098
773 0.377785 0.121383
774 0.370077 0.11262
775 0.367151 0.125428
776 0.353786 0.131102
777 0.369892 0.140801
778 0.369884 0.1407
779 0.362926 0.146756
780 0.391126 0.153167
781 0.385829 0.140936
782 0.38904 0.135437
783 0.395709 0.134726
784 0.387867 0.126175
785 0.390685 0.111618
786 0.369629 0.12172
787 0.372762 0.123366
788 0.371807 0.117353
789 0.353527 0.136173
790 0.368013 0.138025
791 0.372942 0.146678
792 0.373863 0.144539
793 0.381725 0.142609
794 0.392593 0.151417
795 0.393467 0.123206
796 0.386588 0.128122
797 0.387196 0.128309
798 0.3806 0.110595
799 0.372947 0.122832
800 0.359404 0.12416
801 0.369483 0.134854
802 0.3692 0.136653
803 0.360231 0.141611
804 0.387129 0.153104
805 0.383725 0.140283
806 0.387785 0.134904
807 0.39255 0.134811
808 0.38585 0.12664
809 0.388985 0.112299
810 0.365303 0.12388
811 0.371336 0.126755
812 0.370811 0.124492
813 0.357875 0.140874
814 0.372507 0.140769
815 0.380964 0.15114
816 0.383939 0.137075
817 0.385394 0.136334
818 0.394382 0.140332
819 0.386846 0.112443
820 0.378783 0.123665
821 0.370573 0.124177
822 0.370171 0.123743
823 0.369011 0.132356
824 0.357123 0.139737
825 0.384349 0.148889
826 0.380856 0.13983
827 0.381682 0.138351
828 0.395217 0.135801
829 0.385113 0.127496
830 0.384965 0.112708
831 0.367557 0.127655
832 0.371794 0.12834
833 0.36957 0.124647
834 0.362259 0.146354
835 0.37598 0.140866
836 0.387688 0.147014
837 0.384416 0.132698
838 0.384958 0.131963
839 0.393785 0.131301
840 0.374052 0.111657
841 0.373052 0.126152
842 0.364656 0.132492
843 0.370926 0.133807
844 0.373424 0.138251
845 0.36951 0.14937
846 0.396978 0.138294
847 0.385116 0.132354
848 0.383138 0.124938
849 0.383391 0.124555
850 0.375432 0.12571
851 0.365141 0.117092
852 0.366143 0.146661
853 0.374634 0.138486
854 0.37995 0.138859
855 0.383238 0.143047
856 0.384885 0.133328
857 0.39683 0.125654
858 0.368861 0.118235
859 0.373799 0.127655
860 0.372509 0.131252
861 0.365069 0.134407
862 0.374877 0.13882
863 0.379513 0.152543
864 0.393037 0.127481
865 0.383242 0.130055
866 0.380447 0.128302
867 0.378748 0.119691
868 0.372431 0.128554
869 0.358081 0.130565
870 0.380461 0.148349
871 0.379524 0.138005
872 0.382033 0.135127
873 0.389429 0.13477
874 0.381964 0.127736
875 0.381781 0.113528
876 0.361088 0.134129
877 0.372462 0.134306
878 0.376153 0.138205
879 0.376011 0.142047
880 0.382451 0.136165
881 0.39584 0.136857
882 0.376002 0.114651
883 0.375242 0.127486
884 0.369382 0.13268
885 0.3714 0.1328
886 0.375404 0.137288
887 0.374791 0.148914
888 0.396408 0.129219
889 0.382099 0.128668
890 0.374653 0.120781
891 0.374482 0.130792
892 0.373134 0.13213
893 0.36477 0.132228
894 0.383704 0.150096
895 0.382988 0.135218
896 0.391947 0.124927
897 0.372897 0.126685
898 0.375674 0.128879
899 0.375219 0.125731
900 0.364599 0.140825
901 0.37773 0.138124
902 0.390446 0.14592
903 0.383245 0.119894
904 0.378875 0.128309
905 0.375428 0.129548
906 0.370232 0.127351
907 0.373861 0.135306
908 0.369855 0.147689
909 0.395685 0.13293
910 0.381992 0.129901
911 0.375811 0.121215
912 0.374575 0.131987
913 0.37402 0.13248
914 0.367277 0.132463
915 0.384518 0.147854
916 0.382827 0.133572
917 0.391226 0.121407
918 0.366531 0.127624
919 0.374205 0.131533
920 0.375375 0.13443
921 0.373545 0.139787
922 0.380708 0.135586
923 0.392962 0.137797
924 0.374395 0.115098
925 0.37412 0.129733
926 0.365919 0.139065
927 0.382508 0.136557
928 0.379811 0.134912
929 0.380613 0.137269
930 0.386141 0.122792
931 0.375796 0.128654
932 0.361642 0.126188
933 0.381099 0.148706
934 0.380706 0.135311
935 0.386872 0.127225
936 0.375913 0.129918
937 0.376303 0.130099
938 0.374162 0.125806
939 0.370278 0.144184
940 0.380122 0.135989
941 0.394782 0.13557
942 0.370969 0.118042
943 0.374561 0.130735
944 0.370791 0.14012
945 0.381008 0.134084
946 0.379877 0.133949
947 0.382563 0.136547
948 0.380037 0.120397
949 0.37453 0.130745
950 0.361824 0.136734
951 0.391138 0.142618
952 0.381471 0.131968
953 0.380176 0.119588
954 0.370778 0.135791
955 0.375765 0.133574
956 0.376843 0.133798
957 0.38132 0.138658
958 0.380388 0.13134
959 0.385444 0.121812
960 0.36179 0.133871
961 0.376329 0.135872
962 0.387328 0.145951
963 0.381005 0.118615
964 0.376612 0.129907
965 0.368912 0.135228
966 0.380887 0.135071
967 0.378992 0.133843
968 0.379618 0.135278
969 0.381386 0.124961
970 0.375596 0.131213
971 0.3647 0.133997
972 0.389906 0.142343
973 0.380713 0.131091
974 0.378877 0.116227
975 0.366533 0.142776
976 0.377878 0.135319
977 0.389754 0.134944
978 0.372904 0.125427
979 0.376398 0.131597
980 0.376305 0.135859
981 0.377706 0.133595
982 0.379102 0.132853
983 0.38346 0.133004
984 0.371689 0.125738
985 0.376122 0.133772
986 0.376076 0.144858
987 0.388341 0.122799
988 0.37672 0.130173
989 0.362235 0.13123
990 0.389551 0.143233
991 0.380183 0.131545
992 0.377248 0.117095
993 0.369675 0.144588
994 0.378739 0.134495
995 0.390535 0.12975
996 0.367094 0.128162
997 0.376433 0.133399
998 0.382054 0.141222
999 0.378768 0.124431
1000 0.377061 0.131736
1001 0.373153 0.136924
1002 0.382811 0.131441
1003 0.378155 0.131975
1004 0.374403 0.130891
1005 0.379436 0.134881
1006 0.378147 0.132617
1007 0.377855 0.130551
1008 0.377099 0.133757
1009 0.377822 0.132698
1010 0.37863 0.132134
1011 0.377184 0.132503
1012 0.377738 0.132562
1013 0.378107 0.132745
1014 0.377695 0.13231
1015 0.37778 0.132508
1016 0.377789 0.13266
1017 0.377851 0.132455
1018 0.377806 0.132515
1019 0.377764 0.132543
1020 0.377831 0.132527
1021 0.377808 0.132524
1022 0.377794 0.132517
1023 0.377808 0.132532
1024 0.377805 0.132526
1025 0.377805 0.132522
1026 0.377804 0.132527
1027 0.377805 0.132526
1028 0.377806 0.132525
1029 0.377804 0.132525
1030 0.377805 0.132525
1031 0.377805 0.132525
1032 0.377805 0.132525
1033 0.377805 0.132525
1034 0.377805 0.132525
1035 0.377805 0.132525
1036 0.377805 0.132525
1037 0.377805 0.132525
1038 0.377805 0.132525
1039 0.377805 0.132525
1040 0.377805 0.132525
1041 0.377805 0.132525
1042 0.377805 0.132525
1043 0.377805 0.132525
1044 0.377805 0.132525
1045 0.377805 0.132525
1046 0.377805 0.132525
1047 0.377805 0.132525
1048 0.377805 0.132525
1049 0.377805 0.132525
1050 0.377805 0.132525
1051 0.377805 0.132525
1052 0.377805 0.132525
1053 0.377805 0.132525
1054 0.377805 0.132525
1055 0.377805 0.132525
1056 0.377805 0.132525
1057 0.377805 0.132525
1058 0.377805 0.132525
1059 0.377805 0.132525
1060 0.377805 0.132525
1061 0.377805 0.132525
1062 0.377805 0.132525
1063 0.377805 0.132525
1064 0.377805 0.132525
1065 0.377805 0.132525
1066 0.377805 0.132525
1067 0.377805 0.132525
1068 0.377805 0.132525
1069 0.377805 0.132525
1070 0.377805 0.132525
1071 0.377805 0.132525
1072 0.377805 0.132525
1073 0.377805 0.132525
1074 0.377805 0.132525
1075 0.377805 0.132525
1076 0.377805 0.132525
1077 0.377805 0.132525
1078 0.377805 0.132525
1079 0.377805 0.132525
1080 0.377805 0.132525
1081 0.377805 0.132525
1082 0.377805 0.132525
1083 0.377805 0.132525
1084 0.377805 0.132525
1085 0.377805 0.132525
1086 0.377805 0.132525
1087 0.377805 0.132525
1088 0.377805 0.132525
1089 0.377805 0.132525
1090 0.377805 0.132525
1091 0.377805 0.132525
1092 0.377805 0.132525
1093 0.377805 0.132525
1094 0.377805 0.132525
1095 0.377805 0.132525
1096 0.377805 0.132525
1097 0.377805 0.132525
1098 0.377805 0.132525
1099 0.377805 0.132525
1100 0.377805 0.132525
