0 0.245936 6.93889e-18
1 0.245936 0.0869455
2 0.755196 0.0869455
3 0.755196 -0.0298133
4 1.1944 -0.0298133
5 1.1944 -0.497936
6 1.16548 -0.497936
7 1.16548 -0.931358
8 0.529776 -0.931358
9 0.529776 -0.347647
10 0.944748 -0.347647
11 0.944748 -0.59388
12 0.818008 -0.59388
13 0.818008 -0.535936
14 0.841922 -0.535936
15 0.841922 -0.544952
16 0.838788 -0.544952
17 0.838788 -0.54394
18 0.839093 -0.54394
19 0.839093 -0.544027
20 0.83907 -0.544027
21 0.83907 -0.544021
22 0.839072 -0.544021
23 0.839072 -0.544021
24 0.839072 -0.544021
25 0.839072 -0.544021
