0 -0.00563 0.0100722
1 0.0078972 0.0175744
2 0.0190211 -0.00296487
3 -0.020043 -0.0232872
4 -0.0302157 -0.00256564
5 0.0295063 0.0245606
6 0.0368532 0.00666988
7 -0.0346912 -0.0191449
8 -0.0372248 -0.0108432
9 0.0335835 0.00644408
10 0.0316663 0.017225
11 -0.0246025 0.0112489
12 -0.023501 -0.0268537
13 0.00852149 -0.0286083
14 0.0181628 0.0373562
15 0.00968745 0.0394508
16 -0.0196941 -0.0419959
17 -0.0215684 -0.0410745
18 0.0262015 0.0327255
19 0.0204013 0.0375993
20 -0.028967 -0.00754829
21 -0.00856018 -0.0372043
22 0.0195074 -0.0233766
23 -0.00120906 0.042222
24 -0.000958437 0.0422591
25 -0.0025239 -0.041692
26 -0.0102173 -0.0402014
27 0.0136073 0.0210212
28 0.0017572 0.0284158
29 -0.0114194 0.0143209
30 0.0152672 -0.0232096
31 -0.00911503 -0.0338079
32 -0.0195443 0.0190531
33 0.0202083 0.0179536
34 0.015976 0.00187156
35 0.00202367 0.00939069
36 -0.02904 -0.0247276
37 -0.034543 -0.016339
38 0.0444756 0.00998272
39 0.0442093 0.0148151
40 -0.0161579 0.0282466
41 -0.043388 -0.021543
42 -0.0364303 -0.0285594
43 0.0386618 0.0109573
44 0.0404581 0.00108217
45 0.00168295 0.00624301
46 -0.00534736 -0.00822229
47 -0.0361133 0.0222351
48 -0.0141337 0.0329753
49 -0.00630131 -0.0375599
50 0.0248495 -0.0452304
51 0.0390927 -0.0244837
52 -0.0101937 0.0474432
53 -0.00237541 0.0492243
54 -0.00933668 0.00640256
55 0.00432294 -0.00206257
56 -0.0405017 -0.0336446
57 -0.0431964 -0.0205461
58 0.0228395 -0.0350889
59 0.0575978 0.0110824
60 0.0578578 0.0105925
61 -0.0111179 0.00773665
62 -0.00480261 0.0220924
63 -0.0294598 0.0518937
64 -0.0225153 0.053422
65 -0.0449848 -0.0285372
66 -0.0173287 -0.0549027
67 -0.0252616 -0.0574043
68 -0.0155802 -0.0116185
69 0.0191113 -0.0428171
70 0.0797432 -0.0238
71 0.0796631 -0.0241257
72 0.0349304 0.0216382
73 0.0190596 0.0183
74 0.043654 0.0816074
75 0.0395922 0.0874067
76 0.00125481 0.0870199
77 -0.0375389 0.0306444
78 -0.0521986 0.0716821
79 -0.0944536 0.0844926
80 -0.0961348 0.0832766
81 -0.0985501 0.0184056
82 -0.086442 0.00791153
83 -0.166229 -0.00544663
84 -0.179346 -0.0273664
85 -0.179547 -0.0267444
86 -0.145895 -0.0419204
87 -0.183892 -0.057806
88 -0.216048 -0.140306
89 -0.221871 -0.127066
90 -0.272467 -0.106359
91 -0.275142 -0.107369
92 -0.28506 -0.126397
93 -0.278678 -0.153864
94 -0.327278 -0.116485
95 -0.398025 -0.117056
96 -0.360445 -0.088656
97 -0.335207 -0.0100426
98 -0.331617 -0.0227756
99 -0.285852 -0.0645279
100 -0.277801 -0.0662707
101 -0.308714 -0.0752556
102 -0.31725 -0.0831951
103 -0.31298 -0.0725864
104 -0.313206 -0.0657129
105 -0.31215 -0.068016
106 -0.310315 -0.0697487
107 -0.310531 -0.0696624
108 -0.311163 -0.0696589
109 -0.311209 -0.0696765
110 -0.311125 -0.0696
111 -0.311115 -0.069578
112 -0.311116 -0.0695926
113 -0.311114 -0.0695977
114 -0.311115 -0.0695968
115 -0.311116 -0.0695964
116 -0.311116 -0.0695964
117 -0.311116 -0.0695964
118 -0.311116 -0.0695963
119 -0.311116 -0.0695964
120 -0.311116 -0.0695964
