0 0.0569007 0.130176
1 0.014398 0.150456
2 0.130191 0.341455
3 0.155182 0.319849
4 0.189709 0.344477
5 0.176376 0.386511
6 0.183928 0.385871
7 0.272432 0.526212
8 0.389772 0.273264
9 0.150929 0.333453
10 0.272884 0.403881
11 0.252186 0.354797
12 0.250407 0.36691
13 0.251078 0.365998
14 0.251288 0.365896
15 0.251177 0.36589
16 0.251196 0.365904
17 0.251195 0.3659
18 0.251195 0.365901
19 0.251195 0.365901
20 0.251195 0.365901
21 0.251195 0.365901
22 0.251195 0.365901
23 0.251195 0.365901
24 0.251195 0.365901
25 0.251195 0.365901
