0 -0.0199859 -8.67362e-19
1 -0.0199859 -0.0590445
2 0.0104604 -0.0590445
3 0.0104604 0.0819103
4 0.0104604 0.0819103
5 0.0104604 -0.0551855
6 -0.0369516 -0.0551855
7 -0.0369516 -0.00147766
8 0.0497475 -0.00147766
9 0.0497475 0.0469217
10 -0.0276555 0.0469217
11 -0.0276555 -0.0496983
12 -0.0276555 -0.0496983
13 -0.0276555 0.0175485
14 0.0793982 0.0175485
15 0.0793982 0.00591634
16 -0.0811175 0.00591634
17 -0.0811175 0.0139407
18 0.027343 0.0139407
19 0.027343 -0.0564476
20 0.027343 -0.0564476
21 0.027343 0.0599259
22 -0.023237 0.0599259
23 -0.023237 -0.000322042
24 -0.0241264 -0.000322042
25 -0.0241264 -0.0604066
26 0.0320134 -0.0604066
27 0.0320134 0.0465083
28 0.0320134 0.0465083
29 0.0320134 0.0130005
30 -0.0831886 0.0130005
31 -0.0831886 -0.0105282
32 0.0416118 -0.0105282
33 0.0416118 -0.0646228
34 0.019334 -0.0646228
35 0.019334 0.085766
36 0.019334 0.085766
37 0.019334 -0.0097841
38 -0.0930769 -0.0097841
39 -0.0930769 -0.0164416
40 0.0523266 -0.0164416
41 0.0523266 -0.0676138
42 0.0270451 -0.0676138
43 0.0270451 0.0836737
44 0.0270451 0.0836737
45 0.0270451 0.0178125
46 -0.0926203 0.0178125
47 -0.0926203 -0.0144884
48 -0.00272973 -0.0144884
49 -0.00272973 -0.0798129
50 0.051998 -0.0798129
51 0.051998 0.00638932
52 0.051998 0.00638932
53 0.051998 0.0859958
54 -0.00544173 0.0859958
55 -0.00544173 0.0194487
56 -0.115495 0.0194487
57 -0.115495 7.11497e-05
58 0.00314206 7.11497e-05
59 0.00314206 -0.132956
60 0.00314206 -0.132956
61 0.00314206 -0.0022862
62 0.126658 -0.0022862
63 0.126658 0.0264781
64 0.0466878 0.0264781
65 0.0466878 0.0944146
66 -0.0599541 0.0944146
67 -0.0599541 0.114323
68 -0.0599541 0.114323
69 -0.0599541 -0.0587994
70 -0.156583 -0.0587994
71 -0.156583 -0.0603029
72 -0.0255079 -0.0603029
73 -0.0255079 -0.134037
74 0.0807226 -0.134037
75 0.0807226 -0.161447
76 0.0807226 -0.161447
77 0.0807226 0.0144403
78 0.213271 0.0144403
79 0.213271 0.0534921
80 0.187054 0.0534921
81 0.187054 0.108597
82 0.0406433 0.108597
83 0.0406433 0.289285
84 0.0406433 0.289285
85 0.0406433 0.291124
86 -0.0401179 0.291124
87 -0.0401179 0.215185
88 -0.271188 0.215185
89 -0.271188 0.294877
90 -0.369903 0.294877
91 -0.369903 0.334645
92 -0.369903 0.334645
93 -0.369903 0.190732
94 -0.531455 0.190732
95 -0.531455 0.0859721
96 -0.823112 0.0859721
97 -0.823112 0.195508
98 -1.00953 0.195508
99 -1.00953 0.408451
100 -1.00953 0.408451
101 -1.00953 0.551633
102 -0.924447 0.551633
103 -0.924447 0.586259
104 -0.858378 0.586259
105 -0.858378 0.568295
106 -0.835391 0.568295
107 -0.835391 0.547993
108 -0.835391 0.547993
109 -0.835391 0.53932
110 -0.839594 0.53932
111 -0.839594 0.537909
112 -0.841841 0.537909
113 -0.841841 0.538423
114 -0.842399 0.538423
115 -0.842399 0.538843
116 -0.842399 0.538843
117 -0.842399 0.538977
118 -0.842342 0.538977
119 -0.842342 0.538993
120 -0.84232 0.538993
