0 0.245936 6.93889e-18
1 0.245936 0.0268676
2 -0.166065 0.0268676
3 -0.166065 0.121327
4 -0.0303428 0.121327
5 -0.0303428 -0.346796
6 -0.0392789 -0.346796
7 -0.0392789 0.00385003
8 0.47502 0.00385003
9 0.47502 0.184227
10 0.889992 0.184227
11 0.889992 0.108137
12 0.992527 0.108137
13 0.992527 0.0612587
14 0.999917 0.0612587
15 0.999917 0.0522428
16 0.998949 0.0522428
17 0.998949 0.0514246
18 0.998702 0.0514246
19 0.998702 0.051398
20 0.998679 0.051398
21 0.998679 0.0513998
22 0.998678 0.0513998
23 0.998678 0.0514
24 0.998678 0.0514
25 0.998678 0.0514
