0 0.245936 6.93889e-18
1 0.245936 0.0703404
2 0.403306 0.0703404
3 0.403306 0.106421
4 0.0479813 0.106421
5 0.0479813 0.574544
6 0.0713762 0.574544
7 0.0713762 0.708479
8 -0.125068 0.708479
9 -0.125068 1.18071
10 0.289904 1.18071
11 0.289904 0.981504
12 0.250739 0.981504
13 0.250739 0.963599
14 0.231392 0.963599
15 0.231392 0.972614
16 0.233927 0.972614
17 0.233927 0.972302
18 0.234021 0.972302
19 0.234021 0.972232
20 0.233998 0.972232
21 0.233998 0.972237
22 0.233998 0.972237
23 0.233998 0.972237
24 0.233998 0.972237
25 0.233998 0.972237
