0 0.0569007 0.130176
1 0.102131 0.108595
2 0.253288 0.357926
3 0.203305 0.401138
4 0.402134 0.542962
5 0.325356 0.785027
6 0.310252 0.786307
7 0.425785 0.96951
8 0.300914 1.23869
9 0.0620711 1.29888
10 -0.0677102 1.22393
11 -0.0947295 1.15986
12 -0.0911723 1.13563
13 -0.0873084 1.13038
14 -0.0861021 1.12979
15 -0.0858807 1.12981
16 -0.0858556 1.12982
17 -0.0858543 1.12983
18 -0.0858543 1.12983
19 -0.0858544 1.12983
20 -0.0858544 1.12983
21 -0.0858544 1.12983
22 -0.0858544 1.12983
23 -0.0858544 1.12983
24 -0.0858544 1.12983
25 -0.0858544 1.12983
26 -0.0858544 1.12983
27 -0.0858544 1.12983
28 -0.0858544 1.12983
29 -0.0858544 1.12983
30 -0.0858544 1.12983
31 -0.0858544 1.12983
32 -0.0858544 1.12983
33 -0.0858544 1.12983
34 -0.0858544 1.12983
35 -0.0858544 1.12983
36 -0.0858544 1.12983
37 -0.0858544 1.12983
38 -0.0858544 1.12983
39 -0.0858544 1.12983
40 -0.0858544 1.12983
41 -0.0858544 1.12983
42 -0.0858544 1.12983
43 -0.0858544 1.12983
44 -0.0858544 1.12983
45 -0.0858544 1.12983
46 -0.0858544 1.12983
47 -0.0858544 1.12983
48 -0.0858544 1.12983
49 -0.0858544 1.12983
50 -0.0858544 1.12983
