0 0.00525968 -0.013309
1 0.00614152 -0.0129608
2 -0.00370631 0.0120555
3 -0.00630141 0.0110389
4 0.00163567 -0.0093626
5 0.00578322 -0.00776333
6 0.000701913 0.00555987
7 -0.00470229 0.00352555
8 -0.00298603 -0.00110378
9 0.00321516 0.00115533
10 0.00486878 -0.0034748
11 -0.00148852 -0.00569522
12 -0.00602844 0.00763036
13 -0.000326319 0.00952014
14 0.00622644 -0.0108644
15 0.00210864 -0.0121443
16 -0.00535794 0.0127835
17 -0.00377083 0.01324
18 0.00348578 -0.0131488
19 0.00524888 -0.0126873
20 -0.000849438 0.0119107
21 -0.00648487 0.010595
22 -0.00215642 -0.00922458
23 0.00740762 -0.00728571
24 0.00503421 0.00544287
25 -0.00791925 0.00324584
26 -0.00726105 -0.00107965
27 0.00789473 0.000953254
28 0.00838032 -0.00325059
29 -0.00719898 -0.00475078
30 -0.00809127 0.00691679
31 0.00572149 0.00769097
32 0.00631854 -0.00936833
33 -0.00342317 -0.00949802
34 -0.00324506 0.0102313
35 0.000384454 0.0101149
36 -0.000703058 -0.00938657
37 0.00315999 -0.00969647
38 0.00492186 0.0070123
39 -0.0068151 0.00855552
40 -0.00873631 -0.00357479
41 0.0100593 -0.00707445
42 0.0115291 -0.00023801
43 -0.012322 0.00560156
44 -0.0128639 0.00363673
45 0.0130958 -0.00435957
46 0.0125742 -0.00588655
47 -0.012064 0.00339212
48 -0.0107926 0.00646899
49 0.00921287 -0.002566
50 0.00791089 -0.00521232
51 -0.00489383 0.00163256
52 -0.00447543 0.00235446
53 -0.000190507 -0.000333702
54 0.00104429 0.00148685
55 0.0050911 -0.00147828
56 0.00195558 -0.00544114
57 -0.00879738 0.00374657
58 -0.00432781 0.00858853
59 0.0104672 -0.00617875
60 0.00612888 -0.0101931
61 -0.00964687 0.00830001
62 -0.00760074 0.00990524
63 0.00641833 -0.00958621
64 0.00903098 -0.00787019
65 -0.00142171 0.00964267
66 -0.0105857 0.00470285
67 -0.00426987 -0.00837146
68 0.0121774 -0.00132123
69 0.00940413 0.0060634
70 -0.0134265 -0.00132191
71 -0.01287 -0.00336612
72 0.0137504 0.002533
73 0.013993 0.00111694
74 -0.0125678 -0.00210242
75 -0.0127116 -7.78832e-05
76 0.0095598 0.000378361
77 0.00956826 0.000654707
78 -0.00489344 0.00184805
79 -0.00551049 -0.00270365
80 -0.000691649 -0.00361953
81 0.00155884 0.00551449
82 0.00599717 0.00416101
83 0.00154103 -0.00800569
84 -0.00967719 -0.00317194
85 -0.00355229 0.00908928
86 0.0106626 0.000943266
87 0.00476924 -0.00808845
88 -0.00855466 0.00176128
89 -0.00580897 0.00504969
90 0.00382911 -0.0040283
91 0.00725057 -0.000809658
92 0.00225392 0.00519853
93 -0.00927615 -0.00324261
94 -0.00803715 -0.00517784
95 0.011485 0.00564854
96 0.0120283 0.00450218
97 -0.0129939 -0.00543569
98 -0.0134266 -0.00409827
99 0.0128137 0.00252066
100 0.0123941 0.00481864
101 -0.0103585 0.00222662
102 -0.00993972 -0.00695059
103 0.00585133 -0.00731242
104 0.00744471 0.00994146
105 -0.000407525 0.0112243
106 -0.00602704 -0.0125127
107 -0.00430236 -0.0130531
108 0.00603413 0.0131663
109 0.00671022 0.0128413
110 -0.00691762 -0.01089
111 -0.0060535 -0.0114751
112 0.00757334 0.00573505
113 0.00278357 0.0101522
114 -0.00699626 0.00104228
115 0.00155897 -0.00968182
116 0.00491725 -0.00740336
117 -0.00499859 0.00998748
118 -0.00206265 0.0113682
119 0.00603036 -0.0101107
120 -0.000152724 -0.0118913
121 -0.00433516 0.00876476
122 0.0003885 0.0093271
123 0.000918434 -0.00517518
124 0.00179173 -0.00521548
125 0.00243696 -0.000257967
126 -0.00550597 0.00146335
127 -0.00414239 0.00590174
128 0.00885781 0.000657874
129 0.00367439 -0.00956115
130 -0.0098767 -0.00113873
131 -0.00183402 0.00958576
132 0.00762079 0.00109899
133 0.000206582 -0.00581626
134 -0.00280864 -0.00194086
135 -0.000107929 -0.000205419
136 -0.00244643 0.00428192
137 0.00165388 0.00596258
138 0.00572707 -0.00735046
139 -0.00357445 -0.00927617
140 -0.00563901 0.00929631
141 0.0039737 0.00945582
142 0.00258121 -0.00831464
143 -0.0016284 -0.00757612
144 0.00155097 0.00392008
145 -0.00299519 0.0056658
146 -0.00459111 0.00247785
147 0.00773892 -0.00529223
148 0.00549258 -0.00817965
149 -0.0098949 0.00646583
150 -0.00495063 0.0107146
151 0.00785161 -0.00764144
152 0.00478164 -0.00934836
153 -0.00218135 0.00688486
154 -0.00643018 0.00555993
155 -0.00461857 -0.00343801
156 0.00964472 -0.0020875
157 0.0096514 -0.00145424
158 -0.0123453 0.00111305
159 -0.0114287 0.00516474
160 0.0119234 -0.00282069
161 0.0106949 -0.00544958
162 -0.00715395 0.00538381
163 -0.0096354 0.00215023
164 -0.00066429 -0.00644933
165 0.0100039 0.00246638
166 0.00829165 0.00505104
167 -0.0115806 -0.00512677
168 -0.0125847 -0.00246629
169 0.012222 0.0038095
170 0.0125675 0.00124711
171 -0.00959249 0.000814435
172 -0.00996501 -0.00306907
173 0.00329516 -0.00591571
174 0.00771752 0.00708078
175 0.00434619 0.00868934
176 -0.00757674 -0.0101993
177 -0.00966861 -0.00850204
178 0.00871386 0.0093203
179 0.0102992 0.00723486
180 -0.00855304 -0.00379563
181 -0.00697172 -0.00745291
182 0.00522796 -0.00386377
183 0.00296035 0.00988422
184 0.00041003 0.00978183
185 -0.00145725 -0.0124231
186 -0.00509202 -0.0116537
187 0.00301581 0.0117122
188 0.00570322 0.0103804
189 -0.00527244 -0.00612493
190 -0.00202373 -0.00894153
191 0.00527598 -0.00242998
192 -0.0028309 0.00943049
193 -0.00240437 0.0096472
194 0.00487088 -0.0109263
195 -0.000840145 -0.0121378
196 -0.00258044 0.0102798
197 0.0010699 0.0100797
198 -0.00184643 -0.00527536
199 0.00264133 -0.00676905
200 0.0046206 -0.00272958
201 -0.00748455 0.00538577
202 -0.00395914 0.00935493
203 0.00916667 -0.00597236
204 0.00175375 -0.0107357
205 -0.00580271 0.005594
206 -0.00157102 0.00687978
207 -0.000227876 -0.00166734
208 0.00481527 -0.00158627
209 0.00441512 -0.00478604
210 -0.00890399 -0.00116312
211 -0.00434324 0.00940403
212 0.00954174 0.000891152
213 0.00186215 -0.00835256
214 -0.00507077 -0.000661951
215 -0.000920242 0.00211113
216 -0.00149675 0.00332402
217 0.00317809 0.00475837
218 0.00509548 -0.00784149
219 -0.00602517 -0.00788195
220 -0.0034561 0.00978167
221 0.00533356 0.00712814
222 -0.000790069 -0.00579052
223 -0.000235991 -0.00616375
224 0.00308722 -0.00255059
225 -0.00527718 0.00788548
226 -0.00193139 0.00981642
227 0.00603951 -0.0107028
228 0.000371879 -0.0119518
229 -0.00100457 0.0100005
230 -0.00218261 0.0101097
231 -0.0056194 -0.00346013
232 0.0068871 -0.00881318
233 0.00885406 -0.00568623
234 -0.0094916 0.0103802
235 -0.00817479 0.0114738
236 0.00570017 -0.0119952
237 0.00748622 -0.0112941
238 0.00307251 0.00906021
239 -0.00976161 0.00838835
240 -0.01081 -0.00113593
241 0.0126953 -0.00769839
242 0.013182 -0.00665257
243 -0.0109072 0.00981368
244 -0.011813 0.0088688
245 0.00251428 -0.0103316
246 0.0114194 -0.00575247
247 0.00778661 0.00566134
248 -0.013258 0.00268196
249 -0.0132838 0.00174619
250 0.0131402 -0.003513
251 0.0123656 -0.00553365
252 -0.00689677 0.00591771
253 -0.00957698 0.00278276
254 -0.00335105 -0.00473402
255 0.0092466 0.00246802
256 0.0103945 -0.000713524
257 -0.00979674 -0.00423062
258 -0.00977825 0.00485154
259 0.00629442 0.00197275
260 0.00466339 -0.00245246
261 0.00185815 -0.000809863
262 -0.00139599 -0.00461871
263 -0.00845681 0.0040104
264 0.00142214 0.00949836
265 0.00728846 -0.00775954
266 -0.000278586 -0.00888432
267 0.000205087 0.00565797
268 -0.0048938 0.00677015
269 -0.00664722 0.00258771
270 0.00974962 -0.0081525
271 0.00788531 -0.0101002
272 -0.00747141 0.0112768
273 -0.0073415 0.0113376
274 -0.00195897 -0.00955163
275 0.00961589 -0.00878956
276 0.0108163 0.00104988
277 -0.0125286 0.00850875
278 -0.0129741 0.007689
279 0.00949246 -0.0107434
280 0.01094 -0.00953955
281 0.000528353 0.00938059
282 -0.0107759 0.00573854
283 -0.00990031 -0.00154814
284 0.012384 -0.00318251
285 0.0114632 -0.00655266
286 -0.00972709 0.00397074
287 -0.00746245 0.00691377
288 0.00103514 -0.00278856
289 0.00536885 -0.000290201
290 0.00649835 -0.00363238
291 -0.00670334 -0.00533334
292 -0.00566728 0.00937258
293 0.00568668 0.00623613
294 -0.000702693 -0.00636041
295 0.000207378 -0.00708146
296 0.00386297 -0.00400581
297 -0.00449679 0.0113908
298 -0.00165568 0.0122531
299 0.00071588 -0.0136716
300 0.000453095 -0.0136418
301 0.00715909 0.00674255
302 -0.00367719 0.0129963
303 -0.00972426 0.00623551
304 0.00548393 -0.0144468
305 0.00572552 -0.014337
306 -0.000378736 0.0132385
307 -0.0031144 0.0132148
308 -0.00660035 -0.00387653
309 0.00585476 -0.00931661
310 0.00664184 -0.00822135
311 -0.00788861 0.00783199
312 -0.00103625 0.0117818
313 0.0042254 -0.00467646
314 -0.000497589 -0.00512766
315 -0.000351211 -0.00391022
316 -0.00495677 -0.00230547
317 0.00317969 0.0109172
318 0.00950685 0.0047981
319 -0.00819893 -0.00691216
320 -0.00817746 -0.00696819
321 0.00550024 -0.00494833
322 0.00672755 0.0117596
323 0.00404116 0.0125729
324 -0.0098881 -0.0120185
325 -0.00961143 -0.0122699
326 0.0110649 0.00219657
327 0.00735584 0.0112988
328 -0.00322054 0.00956294
329 -0.00459584 -0.0124778
330 -0.00698287 -0.0117706
331 0.00482361 0.00911649
332 0.00762481 0.00655028
333 -0.0014461 0.000327733
334 0.000399642 -0.00439396
335 -0.0075082 -0.00553499
336 -0.00649044 0.00616544
337 0.0111804 0.000357331
338 0.0083345 -0.00429395
339 -0.00199013 0.00594701
340 -0.0120438 -0.00030712
341 -0.0109142 -0.00368433
342 0.0155617 -0.00133891
343 0.0155027 -0.00173801
344 -0.00904819 0.00814465
345 -0.013997 0.00120262
346 -0.00577311 -0.00828555
347 0.0135534 0.00167941
348 0.0139425 7.04063e-05
349 -0.0105564 0.000126567
350 -0.00965945 0.00375138
351 8.97071e-05 -0.00136843
352 0.0034562 0.00242909
353 0.00855262 -0.00497222
354 -0.0019602 -0.00892712
355 -0.00421542 0.0104465
356 -0.000886536 0.0100154
357 -0.00610817 -0.00328168
358 0.00613782 -0.0120303
359 0.00840143 -0.0101097
360 -0.00405252 0.0152828
361 -0.0046082 0.0151657
362 -0.00561697 -0.00916159
363 0.00493169 -0.012324
364 0.00884815 -0.00581718
365 -0.00686379 0.0101391
366 -0.00192225 0.0130056
367 0.00336046 -0.00587066
368 -0.00128014 -0.00596054
369 -0.0010049 -0.00481036
370 -0.00523264 -0.00255603
371 0.00702753 0.0107209
372 0.0106126 0.00511187
373 -0.0106265 -0.00172692
374 -0.0102814 -0.00816498
375 0.000890267 -0.0104895
376 0.0116376 0.0109548
377 0.0111668 0.0113716
378 -0.0123804 -0.00422799
379 -0.0114019 -0.00714713
380 0.00247765 -0.00629923
381 0.00538554 0.00788931
382 0.0103651 0.00538453
383 -0.00159679 -0.00796298
384 -0.00844368 0.0026096
385 -0.00482294 0.00376362
386 -0.00461834 -0.0011455
387 0.012726 -0.00513322
388 0.0115304 -0.00735139
389 -0.00818874 0.011523
390 -0.0116633 0.00945259
391 -0.0070738 -0.00734206
392 0.0127322 -0.00743378
393 0.0130672 -0.00625447
394 -0.00918521 0.00737819
395 -0.00671099 0.00967162
396 -0.00105435 -0.0013792
397 0.00392567 -0.000380292
398 0.00313468 -0.0105079
399 -0.00654059 -0.0069257
400 0.00579976 0.00992833
401 0.00524292 0.0106449
402 -0.00696379 0.00574513
403 -0.00482639 -0.0151292
404 -0.00340779 -0.015385
405 0.00946737 0.0106295
406 0.00751983 0.0124132
407 -0.0058601 0.00427285
408 -0.0021193 -0.00961499
409 -0.00733349 -0.00950493
410 -0.00198169 0.00743033
411 0.00872957 0.000230247
412 0.00731094 -0.000946514
413 0.00543412 0.00342882
414 -0.0151047 0.00101068
415 -0.0147997 0.00277039
416 0.00977804 -0.00944132
417 0.0145615 -0.00432145
418 0.0078013 0.00726188
419 -0.0135279 0.00212253
420 -0.0133456 0.00536503
421 0.00711254 -0.00209166
422 0.00440322 -0.00570295
423 0.00368011 -0.00471584
424 -0.000748839 -0.0062655
425 -0.00156674 0.014096
426 0.0025824 0.0130053
427 -0.00911782 -0.00586484
428 -0.000977485 -0.0152018
429 0.00593844 -0.0121339
430 0.00273492 0.0150633
431 0.00443057 0.014748
432 -0.00517026 -0.00344305
433 -0.00177925 -0.0068532
434 -0.00462991 -0.00833445
435 -0.0067824 0.003834
436 0.0121419 0.00136312
437 0.0111778 -0.000708891
438 0.00103919 0.0085854
439 -0.0161595 -0.00129807
440 -0.0158296 -0.00281948
441 0.0130254 -0.0055754
442 0.0141605 -0.00292598
443 0.00401353 0.00588656
444 -0.00850002 -0.00169192
445 -0.0105629 0.00701486
446 0.00383168 0.00586026
447 -0.00162936 -0.00729402
448 0.003096 -0.0113371
449 0.00643725 -0.00929759
450 0.000257215 0.0168346
451 -2.48577e-05 0.0168584
452 -0.00934633 -0.00508277
453 -0.000114358 -0.013178
454 0.00194081 -0.0119684
455 -0.0024759 0.00852787
456 0.0083548 0.00735065
457 0.00542371 0.000952209
458 0.0017928 0.00434595
459 -0.0146728 -0.00456978
460 -0.0150134 -0.00261593
461 0.012128 -0.00676885
462 0.0156908 0.000123711
463 0.00778025 0.00831934
464 -0.0125011 -0.00125048
465 -0.0131961 0.00485929
466 0.00316739 0.00128358
467 0.000568646 -0.0030095
468 0.0064514 -0.0100439
469 0.00315894 -0.0113047
470 0.00225497 0.0151831
471 -0.000714204 0.0160959
472 -0.0108153 0.00228351
473 0.00108194 -0.0149066
474 -0.000596637 -0.0153723
475 0.000864895 0.00710766
476 0.00506108 0.00532719
477 0.00574997 0.00608402
478 0.00783123 0.00222301
479 -0.0155293 -0.00144226
480 -0.0154246 -0.000879503
481 0.00198185 -0.0109453
482 0.0160382 0.00102287
483 0.0155036 0.00242869
484 -0.00985382 0.00190662
485 -0.00857989 0.00571261
486 -0.00499683 0.00288916
487 -0.00094164 0.00542153
488 0.00346222 -0.0150172
489 0.000584932 -0.0146276
490 0.0105011 0.00431769
491 -0.000629235 0.0165033
492 -0.00374849 0.0152177
493 -0.0026665 -0.0112304
494 -0.00614309 -0.0101168
495 -0.00160389 -0.0042879
496 -0.00420242 -0.000112367
497 0.0148516 0.0038171
498 0.0142711 -4.98281e-06
499 -0.004755 0.0105293
500 -0.0167269 0.000251732
501 -0.0153824 -0.00339935
502 0.011285 -0.00352044
503 0.0100091 -0.00688222
504 0.00435171 -0.00190275
505 1.55809e-05 -0.00421122
506 -0.00251817 0.0153884
507 0.00088473 0.0145812
508 -0.011188 -0.00324818
509 -0.00169367 -0.0167612
510 0.00128719 -0.0160048
511 0.00431879 0.00995816
512 0.00774612 0.00816587
513 0.00399633 0.00486012
514 0.00565066 0.000401602
515 -0.0160997 0.000679355
516 -0.0154417 0.002319
517 -0.000451599 -0.0116849
518 0.0162153 -0.00365774
519 0.0161475 -0.00278479
520 -0.00718605 0.00429968
521 -0.00447295 0.00773956
522 -0.00464819 0.00803928
523 -0.000384246 0.00870276
524 -0.00581289 -0.0154385
525 -0.00467504 -0.0162129
526 0.0101759 -0.00614002
527 0.00564022 0.0143427
528 0.00832783 0.0139062
529 -0.00212946 -0.00351072
530 -0.00510226 0.000403903
531 -0.0131936 -0.00181866
532 -0.0128101 0.00152466
533 0.0111387 -0.0114746
534 0.0155886 -0.00780537
535 0.0117583 0.00437107
536 -0.010652 0.00618748
537 -0.00731775 0.0127945
538 0.000972352 0.00326789
539 -0.0038356 0.00163215
540 -0.00493993 -0.016421
541 -0.00645576 -0.015687
542 0.0135624 0.00219523
543 0.010042 0.012226
544 0.00586332 0.0124557
545 -0.00316164 -0.00631447
546 -0.0112054 0.00270132
547 -0.0105042 0.00294424
548 -0.0107748 -0.00139048
549 0.0130833 -0.0131829
550 0.0136367 -0.0127031
551 0.00722946 0.00690894
552 -0.00692184 0.00809345
553 -0.00357211 0.0144708
554 0.00515634 0.00381197
555 -0.00891321 -0.0002993
556 -0.0105295 -0.0138832
557 -0.00855582 -0.0150185
558 0.0147482 0.00248982
559 0.01395 0.00576535
560 0.00706673 0.00692684
561 -0.000460973 -0.00470911
562 -0.0105263 0.0103674
563 -0.00969124 0.0105193
564 -0.0125262 -0.00160014
565 0.00779054 -0.016737
566 0.00694909 -0.0172178
567 0.00475056 0.00329062
568 -4.36851e-05 0.00480712
569 0.00756412 0.0134745
570 0.0107226 0.00668643
571 -0.0117386 0.00624336
572 -0.0172221 -0.00683784
573 -0.0144325 -0.00979454
574 0.0102266 -0.00112994
575 0.00989063 -0.00524821
576 0.00950559 -0.00503707
577 0.00614419 -0.00758258
578 0.000333883 0.0176659
579 -0.00339148 0.0184081
580 -0.0117437 0.0067181
581 -0.000463672 -0.0127203
582 -0.0080937 -0.0134882
583 -0.00464129 -0.0032788
584 -0.00100725 -0.00668722
585 0.0193831 0.00167642
586 0.019363 0.00117437
587 -0.00192829 0.0119838
588 -0.0124806 0.00362103
589 -0.013614 0.00828478
590 0.00106449 0.00539708
591 -0.00753871 -0.00645713
592 -0.000630287 -0.01885
593 0.00134399 -0.0187052
594 0.0115011 0.0080312
595 0.00877075 0.0108436
596 0.00723769 0.0103142
597 0.0059304 -0.00192125
598 -0.0121661 0.00908216
599 -0.0175757 0.00550921
600 -0.016338 -0.00314734
601 0.0100805 -0.0113363
602 0.00797643 -0.0136218
603 0.00503759 -0.00631249
604 0.000294147 -0.00601305
605 0.0118297 0.0146441
606 0.0109347 0.015913
607 -0.00522779 0.0132008
608 -0.011439 -0.00817885
609 -0.0166244 -0.00351351
610 -0.00613717 0.000764291
611 -0.00645747 -0.00419796
612 0.0134786 -0.015537
613 0.0133997 -0.0155909
614 0.0101855 0.00634064
615 -0.00333961 0.0106722
616 0.00269197 0.0169384
617 0.00644406 0.00656814
618 -0.00801621 0.00818109
619 -0.0189574 -0.00887903
620 -0.0187444 -0.00923405
621 0.00568115 -0.00729088
622 0.00749865 -0.00277444
623 0.0139695 -0.010074
624 0.00668515 -0.012023
625 0.0111999 0.00987214
626 -0.00165596 0.0200379
627 -0.00273595 0.019536
628 -0.0034813 -0.0033426
629 -0.00777632 -0.000989941
630 -0.0169565 -0.00727267
631 -0.0172746 -0.00483368
632 0.00838374 -0.0139586
633 0.0165495 -0.0062475
634 0.0164363 -0.00585888
635 -0.000945775 -0.00250184
636 0.0079533 0.00882384
637 0.00266585 0.0203941
638 0.000664247 0.0204912
639 -0.0135286 -0.00392557
640 -0.0112456 -0.00752506
641 -0.0142323 -0.00778026
642 -0.010294 0.0016472
643 0.00410202 -0.0156835
644 0.0171298 -0.0129029
645 0.0180746 -0.00953581
646 7.23722e-05 0.00751902
647 0.00452791 0.00902842
648 0.00591101 0.0175924
649 0.00810231 0.015934
650 -0.0167873 0.00439069
651 -0.0174 -0.00665579
652 -0.0171564 -0.00680382
653 -0.0022539 0.00199018
654 -0.00166445 -0.0125545
655 0.0114272 -0.0189282
656 0.0126673 -0.018037
657 0.00923006 0.0087536
658 0.00490762 0.0104248
659 0.0107229 0.0153663
660 0.012354 0.00755418
661 -0.00903435 0.0140221
662 -0.0213812 0.00188955
663 -0.0214851 0.00225752
664 -0.00174784 -0.00230787
665 -0.00515276 -0.00610663
666 0.000614998 -0.0226457
667 -0.000416442 -0.0224687
668 0.0146017 -0.00375917
669 0.00930539 0.00923848
670 0.0184566 0.00812083
671 0.013069 0.000747206
672 0.00723956 0.0134814
673 -0.0168446 0.0154653
674 -0.0162009 0.016417
675 -0.0087156 0.00140696
676 -0.00364512 0.0011434
677 -0.0151383 -0.0168877
678 -0.0147671 -0.0175891
679 0.000988505 -0.0180747
680 0.012794 0.00120616
681 0.0174981 -0.00736851
682 0.0148185 -0.00731793
683 0.0169118 -0.00383015
684 0.00275276 0.0216281
685 -9.98963e-05 0.0216742
686 -0.00329343 0.0163575
687 0.00285542 0.0052111
688 -0.0188704 0.00570463
689 -0.0243138 -0.00316248
690 -0.0220423 -0.00740727
691 0.00316474 -0.00838046
692 0.000593365 -0.0123961
693 0.00564402 -0.0223581
694 0.00357235 -0.0222256
695 0.0182452 -0.000683037
696 0.0126096 0.0113592
697 0.0196912 0.0106595
698 0.0134975 0.00226648
699 0.00803474 0.0153054
700 -0.0160585 0.018765
701 -0.0151815 0.0198429
702 -0.010207 0.00605618
703 -0.00534338 0.00508918
704 -0.0214901 -0.0125992
705 -0.0204535 -0.0161211
706 -0.00926826 -0.0190903
707 0.00657131 -0.00389889
708 0.00930083 -0.0163006
709 0.0158089 -0.0185465
710 0.0178177 -0.0168937
711 0.0139049 0.0114123
712 0.00982929 0.0132071
713 0.0159899 0.0174464
714 0.0163349 0.0103198
715 -0.00262371 0.0208513
716 -0.0201713 0.0110998
717 -0.0199389 0.0157087
718 -0.00996301 0.00875003
719 -0.0144043 0.00686219
720 -0.0186796 -0.019807
721 -0.0172298 -0.021081
722 -0.00735545 -0.0181691
723 -0.00367094 -0.00522977
724 0.010572 -0.0212063
725 0.0208239 -0.0195339
726 0.0224527 -0.0157427
727 0.00898688 0.00409394
728 0.0139914 0.00422737
729 0.0225176 0.0183172
730 0.0228832 0.0175693
731 0.00101269 0.0201716
732 -0.00839158 0.00883788
733 -0.0128891 0.0232319
734 -0.0124668 0.0231134
735 -0.020174 0.0163589
736 -0.0162764 -0.0111198
737 -0.0198881 -0.00942413
738 -0.0235968 -0.0117024
739 -0.0235072 -0.00883475
740 -0.00143536 -0.0244094
741 0.0106834 -0.0196825
742 0.00908796 -0.0270364
743 0.00300086 -0.0207646
744 0.0161528 -0.0183358
745 0.0266941 0.00615999
746 0.0281605 0.00389361
747 0.0230021 0.00398153
748 0.0206937 0.000675225
749 0.0107094 0.0265971
750 0.000448751 0.0289686
751 0.00160282 0.0300388
752 0.00366468 0.0164481
753 -0.00941383 0.0227294
754 -0.0303688 0.0106317
755 -0.0302373 0.0123333
756 -0.0217715 0.00550237
757 -0.0174028 0.00680058
758 -0.0258091 -0.018966
759 -0.0205173 -0.0259264
760 -0.0187794 -0.0258508
761 -0.0102139 -0.0123191
762 -0.00449935 -0.0259304
763 0.0176246 -0.0307083
764 0.0167005 -0.0315635
765 0.0149653 -0.018705
766 0.0107947 -0.0165356
767 0.0345856 -0.0042664
768 0.0357469 0.00396937
769 0.0341286 0.0054999
770 0.0182906 0.00237794
771 0.0243799 0.0158235
772 0.0128781 0.0357066
773 0.0143023 0.0355667
774 0.00659402 0.0268038
775 0.00760999 0.0223556
776 -0.017509 0.0330197
777 -0.0255623 0.0281699
778 -0.0255488 0.0283259
779 -0.0148889 0.0190472
780 -0.028989 0.0158417
781 -0.0389451 -0.00714553
782 -0.0400604 -0.00523577
783 -0.0333906 -0.00594697
784 -0.0306668 -0.00297747
785 -0.0253706 -0.0303368
786 -0.0148427 -0.0353881
787 -0.0196436 -0.0379095
788 -0.0181802 -0.028697
789 -0.00904006 -0.0381069
790 0.0181841 -0.0346261
791 0.0164722 -0.0376313
792 0.0173934 -0.0397699
793 0.0146628 -0.0390993
794 0.035087 -0.0225449
795 0.0346499 -0.0084394
796 0.0451894 -0.0159711
797 0.0442573 -0.016257
798 0.0475556 -0.00740036
799 0.0331722 0.0155964
800 0.0378756 0.0151351
801 0.0479546 0.0258293
802 0.0480527 0.0252046
803 0.0311954 0.0345237
804 0.0177463 0.0287773
805 0.0229621 0.04842
806 0.0167409 0.0566621
807 0.0143585 0.0567085
808 0.00176627 0.041352
809 0.000677307 0.0463325
810 -0.0230055 0.0579135
811 -0.025101 0.0569152
812 -0.026089 0.052662
813 -0.019621 0.0444709
814 -0.0420393 0.0446311
815 -0.0549954 0.0287415
816 -0.056483 0.035774
817 -0.053748 0.0343805
818 -0.0568694 0.0329921
819 -0.0644058 0.00510354
820 -0.0616055 0.00120612
821 -0.0770337 0.00216737
822 -0.0768323 0.00238405
823 -0.0750552 -0.0108119
824 -0.0568424 -0.0221195
825 -0.0704554 -0.0266955
826 -0.0770205 -0.0437212
827 -0.0773072 -0.0432075
828 -0.0637722 -0.0457566
829 -0.0602632 -0.0428721
830 -0.0605417 -0.0706645
831 -0.0518381 -0.0781382
832 -0.0583284 -0.0791878
833 -0.0549209 -0.0735299
834 -0.0512655 -0.0843835
835 -0.0254779 -0.0946976
836 -0.0295442 -0.0968328
837 -0.0328171 -0.111149
838 -0.0330057 -0.110894
839 -0.0164163 -0.11214
840 -0.00654944 -0.102318
841 -0.00501731 -0.124525
842 0.00784518 -0.134239
843 0.00471006 -0.134897
844 0.00940429 -0.126544
845 0.0107637 -0.130406
846 0.0382324 -0.141482
847 0.0423523 -0.139419
848 0.038635 -0.153357
849 0.0385083 -0.153165
850 0.0507023 -0.154935
851 0.0664689 -0.141732
852 0.0659678 -0.156516
853 0.0819247 -0.17188
854 0.0800784 -0.17201
855 0.0833666 -0.167822
856 0.0827945 -0.164446
857 0.105243 -0.178868
858 0.119228 -0.175159
859 0.111663 -0.189591
860 0.113638 -0.195101
861 0.117358 -0.196678
862 0.135792 -0.188384
863 0.134182 -0.19315
864 0.147706 -0.218211
865 0.151108 -0.219105
866 0.145855 -0.222401
867 0.146704 -0.218095
868 0.156384 -0.231675
869 0.178369 -0.234756
870 0.167179 -0.243648
871 0.165418 -0.263089
872 0.164547 -0.262089
873 0.171942 -0.262446
874 0.174535 -0.260002
875 0.174191 -0.286704
876 0.184538 -0.297004
877 0.167113 -0.297276
878 0.161457 -0.303248
879 0.161528 -0.30517
880 0.173632 -0.316225
881 0.168982 -0.316465
882 0.149145 -0.338671
883 0.149409 -0.343129
884 0.138395 -0.333367
885 0.137386 -0.333427
886 0.131252 -0.340303
887 0.132191 -0.358115
888 0.121383 -0.348268
889 0.0944902 -0.349305
890 0.0970762 -0.346566
891 0.096905 -0.336555
892 0.0973729 -0.33702
893 0.0816531 -0.336835
894 0.0721857 -0.345769
895 0.0732828 -0.322975
896 0.059558 -0.307209
897 0.0690829 -0.308088
898 0.0743024 -0.303964
899 0.0744604 -0.302871
900 0.06384 -0.287778
901 0.0592796 -0.28684
902 0.083179 -0.272188
903 0.08678 -0.259175
904 0.0934739 -0.272066
905 0.098756 -0.273965
906 0.101354 -0.272866
907 0.108174 -0.257917
908 0.109565 -0.262217
909 0.135395 -0.276976
910 0.140151 -0.275924
911 0.128535 -0.292249
912 0.129153 -0.297635
913 0.130003 -0.29839
914 0.140335 -0.298365
915 0.131715 -0.30606
916 0.128538 -0.332902
917 0.125621 -0.328677
918 0.100926 -0.32246
919 0.0982604 -0.323818
920 0.100461 -0.318374
921 0.101376 -0.321053
922 0.0904016 -0.314617
923 0.0716268 -0.318005
924 0.0809106 -0.306655
925 0.0803932 -0.27915
926 0.0832411 -0.282391
927 0.0998302 -0.284899
928 0.100767 -0.284327
929 0.102275 -0.279898
930 0.0995109 -0.27266
931 0.115359 -0.281642
932 0.137045 -0.277863
933 0.127317 -0.289122
934 0.126577 -0.314297
935 0.124436 -0.311488
936 0.113477 -0.308795
937 0.113342 -0.308858
938 0.109318 -0.316927
939 0.11126 -0.326117
940 0.0961779 -0.313561
941 0.0737164 -0.312919
942 0.085623 -0.304155
943 0.0923739 -0.280298
944 0.0936835 -0.283558
945 0.103901 -0.289594
946 0.104294 -0.289547
947 0.109342 -0.284665
948 0.110605 -0.27659
949 0.119041 -0.292445
950 0.138508 -0.30162
951 0.123851 -0.304562
952 0.105684 -0.324579
953 0.106134 -0.320279
954 0.0967358 -0.304076
955 0.095004 -0.303306
956 0.0970299 -0.302884
957 0.094791 -0.305314
958 0.0962199 -0.294102
959 0.0884736 -0.279503
960 0.1003 -0.285533
961 0.127624 -0.281773
962 0.123804 -0.285273
963 0.117481 -0.312609
964 0.119007 -0.316531
965 0.104536 -0.306531
966 0.0985482 -0.306452
967 0.101452 -0.304571
968 0.100492 -0.30677
969 0.0996082 -0.301612
970 0.0887265 -0.289862
971 0.0925108 -0.290829
972 0.117717 -0.282483
973 0.12091 -0.278575
974 0.117458 -0.306511
975 0.123629 -0.319786
976 0.106249 -0.30836
977 0.0880529 -0.307785
978 0.0964783 -0.303027
979 0.103045 -0.291431
980 0.103077 -0.292911
981 0.104478 -0.295175
982 0.103994 -0.294918
983 0.112184 -0.294634
984 0.11807 -0.291001
985 0.111278 -0.303309
986 0.111349 -0.320294
987 0.105217 -0.309265
988 0.0833748 -0.295407
989 0.0884053 -0.295774
990 0.115721 -0.283771
991 0.118975 -0.279712
992 0.113459 -0.306869
993 0.117245 -0.320615
994 0.103358 -0.305152
995 0.0852859 -0.297882
996 0.0970064 -0.297088
997 0.114559 -0.287245
998 0.112607 -0.289962
999 0.109321 -0.306753
1000 0.109913 -0.309289
1001 0.10257 -0.299539
1002 0.097741 -0.296797
1003 0.104875 -0.297615
1004 0.110623 -0.295955
1005 0.108107 -0.29795
1006 0.105684 -0.302205
1007 0.105785 -0.301488
1008 0.105029 -0.298282
1009 0.104778 -0.297914
1010 0.106297 -0.298973
1011 0.10702 -0.299157
1012 0.10617 -0.299249
1013 0.105606 -0.299529
1014 0.105812 -0.299312
1015 0.105972 -0.29894
1016 0.105969 -0.298993
1017 0.10603 -0.299198
1018 0.106045 -0.299219
1019 0.105966 -0.299166
1020 0.105932 -0.299158
1021 0.105967 -0.299154
1022 0.105988 -0.299144
1023 0.105982 -0.299151
1024 0.105977 -0.299163
1025 0.105977 -0.299161
1026 0.105975 -0.299156
1027 0.105975 -0.299155
1028 0.105976 -0.299157
1029 0.105977 -0.299157
1030 0.105976 -0.299157
1031 0.105976 -0.299157
1032 0.105976 -0.299157
1033 0.105976 -0.299157
1034 0.105976 -0.299157
1035 0.105976 -0.299157
1036 0.105976 -0.299157
1037 0.105976 -0.299157
1038 0.105976 -0.299157
1039 0.105976 -0.299157
1040 0.105976 -0.299157
1041 0.105976 -0.299157
1042 0.105976 -0.299157
1043 0.105976 -0.299157
1044 0.105976 -0.299157
1045 0.105976 -0.299157
1046 0.105976 -0.299157
1047 0.105976 -0.299157
1048 0.105976 -0.299157
1049 0.105976 -0.299157
1050 0.105976 -0.299157
1051 0.105976 -0.299157
1052 0.105976 -0.299157
1053 0.105976 -0.299157
1054 0.105976 -0.299157
1055 0.105976 -0.299157
1056 0.105976 -0.299157
1057 0.105976 -0.299157
1058 0.105976 -0.299157
1059 0.105976 -0.299157
1060 0.105976 -0.299157
1061 0.105976 -0.299157
1062 0.105976 -0.299157
1063 0.105976 -0.299157
1064 0.105976 -0.299157
1065 0.105976 -0.299157
1066 0.105976 -0.299157
1067 0.105976 -0.299157
1068 0.105976 -0.299157
1069 0.105976 -0.299157
1070 0.105976 -0.299157
1071 0.105976 -0.299157
1072 0.105976 -0.299157
1073 0.105976 -0.299157
1074 0.105976 -0.299157
1075 0.105976 -0.299157
1076 0.105976 -0.299157
1077 0.105976 -0.299157
1078 0.105976 -0.299157
1079 0.105976 -0.299157
1080 0.105976 -0.299157
1081 0.105976 -0.299157
1082 0.105976 -0.299157
1083 0.105976 -0.299157
1084 0.105976 -0.299157
1085 0.105976 -0.299157
1086 0.105976 -0.299157
1087 0.105976 -0.299157
1088 0.105976 -0.299157
1089 0.105976 -0.299157
1090 0.105976 -0.299157
1091 0.105976 -0.299157
1092 0.105976 -0.299157
1093 0.105976 -0.299157
1094 0.105976 -0.299157
1095 0.105976 -0.299157
1096 0.105976 -0.299157
1097 0.105976 -0.299157
1098 0.105976 -0.299157
1099 0.105976 -0.299157
1100 0.105976 -0.299157
