0 0.0569007 0.130176
1 0.0490465 0.133924
2 -0.0929941 -0.100372
3 -0.117986 -0.0787658
4 0.0343267 0.0298779
5 0.0931422 -0.155555
6 0.100694 -0.156195
7 0.20926 0.015959
8 0.187576 0.0627018
9 0.426419 0.00251355
10 0.403883 -0.0105011
11 0.378493 -0.0707113
12 0.376715 -0.0585984
13 0.373755 -0.0545769
14 0.374679 -0.0550269
15 0.37479 -0.0550208
16 0.374766 -0.0550369
17 0.374766 -0.0550374
18 0.374766 -0.0550371
19 0.374766 -0.0550371
20 0.374766 -0.0550371
21 0.374766 -0.0550371
22 0.374766 -0.0550371
23 0.374766 -0.0550371
24 0.374766 -0.0550371
25 0.374766 -0.0550371
