0 0.0569007 0.130176
1 0.0994034 0.109896
2 0.215196 0.300895
3 0.190204 0.322501
4 0.224731 0.347128
5 0.238063 0.305094
6 0.245615 0.304454
7 0.157112 0.164113
8 0.274452 -0.0888346
9 0.513295 -0.149023
10 0.63525 -0.0785945
11 0.655948 -0.0295107
12 0.654169 -0.0173977
13 0.653498 -0.0164862
14 0.653708 -0.0165881
15 0.653818 -0.0165821
16 0.653837 -0.016569
17 0.653839 -0.0165659
18 0.653839 -0.0165656
19 0.653839 -0.0165656
20 0.653839 -0.0165656
21 0.653839 -0.0165656
22 0.653839 -0.0165656
23 0.653839 -0.0165656
24 0.653839 -0.0165656
25 0.653839 -0.0165656
26 0.653839 -0.0165656
27 0.653839 -0.0165656
28 0.653839 -0.0165656
29 0.653839 -0.0165656
30 0.653839 -0.0165656
31 0.653839 -0.0165656
32 0.653839 -0.0165656
33 0.653839 -0.0165656
34 0.653839 -0.0165656
35 0.653839 -0.0165656
36 0.653839 -0.0165656
37 0.653839 -0.0165656
38 0.653839 -0.0165656
39 0.653839 -0.0165656
40 0.653839 -0.0165656
41 0.653839 -0.0165656
42 0.653839 -0.0165656
43 0.653839 -0.0165656
44 0.653839 -0.0165656
45 0.653839 -0.0165656
46 0.653839 -0.0165656
47 0.653839 -0.0165656
48 0.653839 -0.0165656
49 0.653839 -0.0165656
50 0.653839 -0.0165656
