0 -0.0199859 -8.67362e-19
1 -0.0199859 0.154291
2 -0.0630434 0.154291
3 -0.0630434 0.306859
4 -0.115255 0.306859
5 -0.115255 0.455251
6 -0.182306 0.455251
7 -0.182306 0.595596
8 -0.269005 0.595596
9 -0.269005 0.722069
10 -0.378469 0.722069
11 -0.378469 0.82665
12 -0.510941 0.82665
13 -0.510941 0.899437
14 -0.662338 0.899437
15 -0.662338 0.929834
16 -0.822854 0.929834
17 -0.822854 0.908865
18 -0.97624 0.908865
19 -0.97624 0.832677
20 -1.10068 0.832677
21 -1.10068 0.706715
22 -1.17221 0.706715
23 -1.17221 0.54928
24 -1.17132 0.54928
25 -1.17132 0.392271
26 -1.09192 0.392271
27 -1.09192 0.276547
28 -0.950039 0.276547
29 -0.950039 0.240279
30 -0.787118 0.240279
31 -0.787118 0.301763
32 -0.662318 0.301763
33 -0.662318 0.443118
34 -0.630812 0.443118
35 -0.630812 0.605898
36 -0.713253 0.605898
37 -0.713253 0.709321
38 -0.872226 0.709321
39 -0.872226 0.691924
40 -1.01763 0.691924
41 -1.01763 0.558204
42 -1.05338 0.558204
43 -1.05338 0.394452
44 -0.948309 0.394452
45 -0.948309 0.323164
46 -0.779076 0.323164
47 -0.779076 0.407571
48 -0.689186 0.407571
49 -0.689186 0.578272
50 -0.766582 0.578272
51 -0.766582 0.671577
52 -0.93915 0.671577
53 -0.93915 0.585411
54 -1.02038 0.585411
55 -1.02038 0.411515
56 -0.910328 0.411515
57 -0.910328 0.360879
58 -0.742549 0.360879
59 -0.742549 0.504866
60 -0.744676 0.504866
61 -0.744676 0.646302
62 -0.919354 0.646302
63 -0.919354 0.571137
64 -0.999324 0.571137
65 -0.999324 0.393611
66 -0.848509 0.393611
67 -0.848509 0.415159
68 -0.72657 0.415159
69 -0.72657 0.602545
70 -0.863223 0.602545
71 -0.863223 0.598617
72 -0.994298 0.598617
73 -0.994298 0.40594
74 -0.844065 0.40594
75 -0.844065 0.435608
76 -0.738335 0.435608
77 -0.738335 0.625987
78 -0.925787 0.625987
79 -0.925787 0.52394
80 -0.952005 0.52394
81 -0.952005 0.379944
82 -0.74495 0.379944
83 -0.74495 0.575519
84 -0.862549 0.575519
85 -0.862549 0.573527
86 -0.976762 0.573527
87 -0.976762 0.375089
88 -0.745692 0.375089
89 -0.745692 0.583333
90 -0.885297 0.583333
91 -0.885297 0.540288
92 -0.946561 0.540288
93 -0.946561 0.384518
94 -0.718093 0.384518
95 -0.718093 0.658269
96 -1.00975 0.658269
97 -1.00975 0.372037
98 -0.746118 0.372037
99 -0.746118 0.602525
100 -0.938851 0.602525
101 -0.938851 0.447546
102 -0.818527 0.447546
103 -0.818527 0.538028
104 -0.884596 0.538028
105 -0.884596 0.491086
106 -0.852088 0.491086
107 -0.852088 0.513062
108 -0.866608 0.513062
109 -0.866608 0.503675
110 -0.860664 0.503675
