0 -0.00563 0.0100722
1 -0.0653049 -0.0230234
2 -0.0673605 -0.0192279
3 -0.0282964 0.00109438
4 -0.0158177 -0.0243243
5 0.0574422 0.00895093
6 0.0647891 -0.00893978
7 0.0515682 -0.0137102
8 0.040391 0.0229127
9 -0.0304173 0.00562541
10 -0.0388748 0.0531849
11 -0.0492729 0.0520806
12 -0.0481713 0.013978
13 -0.00888997 0.0118256
14 -0.0207168 -0.0690918
15 -0.0122414 -0.0711865
16 -0.00681196 -0.0561357
17 0.0014565 -0.0602008
18 0.0492264 0.0135991
19 0.0748139 -0.00790152
20 0.0839368 0.000441417
21 0.06353 0.0300974
22 0.0291 0.0131353
23 0.00368748 0.0936039
24 0.00393811 0.093641
25 0.00364882 0.0781275
26 -0.0302903 0.0847031
27 -0.0541148 0.0234805
28 -0.106391 0.0561018
29 -0.108826 0.0534972
30 -0.0821394 0.0159668
31 -0.112049 0.00296597
32 -0.0992552 -0.0618776
33 -0.139008 -0.0607782
34 -0.138226 -0.0578064
35 -0.0766752 -0.0909768
36 -0.107739 -0.125095
37 -0.0834625 -0.162101
38 -0.0980645 -0.166965
39 -0.0977982 -0.171798
40 -0.023747 -0.188274
41 -0.0571497 -0.24935
42 -0.050192 -0.256366
43 -0.0363155 -0.249064
44 -0.0283912 -0.292628
45 0.0103839 -0.297789
46 -0.0206301 -0.361602
47 -0.0263154 -0.355974
48 -0.0043358 -0.345233
49 0.00527199 -0.431757
50 -0.0329401 -0.422348
51 -0.0471833 -0.443095
52 -0.0380755 -0.456386
53 -0.0725656 -0.464244
54 -0.0795269 -0.507066
55 -0.139786 -0.469722
56 -0.131503 -0.463886
57 -0.128808 -0.476984
58 -0.209813 -0.459145
59 -0.167176 -0.402508
60 -0.166916 -0.402998
61 -0.179662 -0.403525
62 -0.151802 -0.340195
63 -0.127145 -0.369997
64 -0.0965091 -0.363255
65 -0.100661 -0.3784
66 -0.0730053 -0.404766
67 -0.0827364 -0.407834
68 -0.0946125 -0.463999
69 -0.129304 -0.4328
70 -0.140508 -0.436314
71 -0.140155 -0.434878
72 -0.184888 -0.389114
73 -0.114874 -0.374388
74 -0.119419 -0.386086
75 -0.115357 -0.391886
76 -0.0683294 -0.391411
77 -0.115917 -0.460566
78 -0.130577 -0.419528
79 -0.138385 -0.417161
80 -0.145802 -0.422525
81 -0.143386 -0.357654
82 -0.0899721 -0.403949
83 -0.104716 -0.406417
84 -0.117833 -0.428337
85 -0.118079 -0.427574
86 -0.159359 -0.408958
87 -0.121362 -0.393072
88 -0.11542 -0.377827
89 -0.0897334 -0.436235
90 -0.140329 -0.415529
91 -0.128527 -0.411076
92 -0.126694 -0.40756
93 -0.133077 -0.380093
94 -0.0734597 -0.425945
95 -0.160244 -0.426644
96 -0.122664 -0.398245
97 -0.118 -0.383717
98 -0.102166 -0.439889
99 -0.14793 -0.398137
100 -0.112411 -0.405825
101 -0.118124 -0.407485
102 -0.12666 -0.415425
103 -0.121422 -0.402411
104 -0.121146 -0.410843
105 -0.122202 -0.40854
106 -0.122541 -0.408219
107 -0.121587 -0.4086
108 -0.122219 -0.408596
109 -0.122017 -0.408518
110 -0.122032 -0.408533
111 -0.122043 -0.408555
112 -0.122042 -0.408537
113 -0.12204 -0.408543
114 -0.122041 -0.408542
115 -0.122041 -0.408542
116 -0.122041 -0.408542
117 -0.122041 -0.408542
118 -0.122041 -0.408542
119 -0.122041 -0.408542
120 -0.122041 -0.408542
