0 0.245936 6.93889e-18
1 0.245936 -0.0434727
2 -0.00869455 -0.0434727
3 -0.00869455 -0.160232
4 -0.228297 -0.160232
5 -0.228297 0.07383
6 -0.257215 0.07383
7 -0.257215 0.290541
8 0.0606392 0.290541
9 0.0606392 0.874252
10 -0.146847 0.874252
11 -0.146847 0.997369
12 -0.273587 0.997369
13 -0.273587 0.968397
14 -0.285545 0.968397
15 -0.285545 0.959381
16 -0.283978 0.959381
17 -0.283978 0.958875
18 -0.283673 0.958875
19 -0.283673 0.958918
20 -0.283661 0.958918
21 -0.283661 0.958924
22 -0.283662 0.958924
23 -0.283662 0.958924
24 -0.283662 0.958924
25 -0.283662 0.958924
26 -0.283662 0.958924
27 -0.283662 0.958924
28 -0.283662 0.958924
29 -0.283662 0.958924
30 -0.283662 0.958924
31 -0.283662 0.958924
32 -0.283662 0.958924
33 -0.283662 0.958924
34 -0.283662 0.958924
35 -0.283662 0.958924
36 -0.283662 0.958924
37 -0.283662 0.958924
38 -0.283662 0.958924
39 -0.283662 0.958924
40 -0.283662 0.958924
41 -0.283662 0.958924
42 -0.283662 0.958924
43 -0.283662 0.958924
44 -0.283662 0.958924
45 -0.283662 0.958924
46 -0.283662 0.958924
47 -0.283662 0.958924
48 -0.283662 0.958924
49 -0.283662 0.958924
50 -0.283662 0.958924
