0 -0.0247867 -8.67362e-19
1 -0.0247867 0.00765057
2 -0.0400999 0.00765057
3 -0.0400999 0.00466706
4 -5.63222e-05 0.00466706
5 -5.63222e-05 -0.00538375
6 0.0399059 -0.00538375
7 0.0399059 -0.0086728
8 0.0246877 -0.0086728
9 0.0246877 0.000575495
10 -0.0243535 0.000575495
11 -0.0243535 0.0106173
12 -0.0394237 0.0106173
13 -0.0394237 0.00641998
14 -0.000255129 0.00641998
15 -0.000255129 -0.00851842
16 0.0385509 -0.00851842
17 0.0385509 -0.013609
18 0.0239014 -0.013609
19 0.0239014 0.00109896
20 -0.0228146 0.00109896
21 -0.0228146 0.0173186
22 -0.0369904 0.0173186
23 -0.0369904 0.0104995
24 -0.000698826 0.0104995
25 -0.000698826 -0.0137208
26 0.034613 -0.0137208
27 0.034613 -0.0219066
28 0.0215671 -0.0219066
29 0.0215671 0.00143688
30 -0.0189767 0.00143688
31 -0.0189767 0.0267484
32 -0.030906 0.0267484
33 -0.030906 0.0163168
34 -0.00147716 0.0163168
35 -0.00147716 -0.0199142
36 0.0258999 -0.0199142
37 0.0258999 -0.0318631
38 0.016327 -0.0318631
39 0.016327 0.00132425
40 -0.0114518 0.00132425
41 -0.0114518 0.0363095
42 -0.0189401 0.0363095
43 -0.0189401 0.0223173
44 -0.00248576 0.0223173
45 -0.00248576 -0.0247522
46 0.0105414 -0.0247522
47 0.0105414 -0.0397553
48 0.00697574 -0.0397553
49 0.00697574 0.000419417
50 0.000303644 0.000419417
51 0.000303644 0.0411339
52 -0.000171891 0.0411339
53 -0.000171891 0.0255329
54 -0.00325638 0.0255329
55 -0.00325638 -0.0245412
56 -0.0107971 -0.0245412
57 -0.0107971 -0.0396924
58 -0.00618955 -0.0396924
59 -0.00618955 -0.00142541
60 0.0143022 -0.00142541
61 0.0143022 0.0348522
62 0.022325 0.0348522
63 0.022325 0.0219902
64 -0.00292184 0.0219902
65 -0.00292184 -0.0156376
66 -0.0321261 -0.0156376
67 -0.0321261 -0.0257927
68 -0.0196102 -0.0257927
69 -0.0196102 -0.00366246
70 0.0246667 -0.00366246
71 0.0246667 0.0134529
72 0.0392773 0.0134529
73 0.0392773 0.00901936
74 -0.000668491 0.00901936
75 -0.000668491 0.00197968
76 -0.0414686 0.00197968
77 -0.0414686 0.00217311
78 -0.0259141 0.00217311
79 -0.0259141 -0.00468594
80 0.0230816 -0.00468594
81 0.0230816 -0.0178871
82 0.0374053 -0.0178871
83 0.0374053 -0.0104957
84 0.00311776 -0.0104957
85 0.00311776 0.0205438
86 -0.0269008 0.0205438
87 -0.0269008 0.0321077
88 -0.0174468 0.0321077
89 -0.0174468 -0.00252308
90 0.00552731 -0.00252308
91 0.00552731 -0.0404994
92 0.00998669 -0.0404994
93 0.00998669 -0.0251732
94 0.00577506 -0.0251732
95 0.00577506 0.0254021
96 0.00933753 0.0254021
97 0.00933753 0.0407695
98 0.00499551 0.0407695
99 0.00499551 0.0027652
100 -0.0183568 0.0027652
101 -0.0183568 -0.0314606
102 -0.0282138 -0.0314606
103 -0.0282138 -0.0203983
104 0.00355827 -0.0203983
105 0.00355827 0.00723124
106 0.0400244 0.00723124
107 0.0400244 0.0128163
108 0.0249004 0.0128163
109 0.0249004 0.00674693
110 -0.0256775 0.00674693
111 -0.0256775 0.00967956
112 -0.0410583 0.00967956
113 -0.0410583 0.00511411
114 -0.00349221 0.00511411
115 -0.00349221 -0.020247
116 0.0293548 -0.020247
117 0.0293548 -0.0309948
118 0.0193233 -0.0309948
119 0.0193233 0.00334128
120 -0.00303801 0.00334128
121 -0.00303801 0.0420191
122 -0.00637283 0.0420191
123 -0.00637283 0.0264318
124 -0.00768095 0.0264318
125 -0.00768095 -0.0236088
126 -0.01911 -0.0236088
127 -0.01911 -0.0379721
128 -0.0110962 -0.0379721
129 -0.0110962 -0.00573949
130 0.0251161 -0.00573949
131 0.0251161 0.0188761
132 0.0387697 0.0188761
133 0.0387697 0.0130783
134 -0.00101347 0.0130783
135 -0.00101347 0.00749524
136 -0.0420162 0.00749524
137 -0.0420162 0.0100299
138 -0.0270491 0.0100299
139 -0.0270491 -0.00742091
140 0.015389 -0.00742091
141 0.015389 -0.034485
142 0.0255879 -0.034485
143 0.0255879 -0.021251
144 0.00879599 -0.021251
145 0.00879599 0.0275531
146 0.0034542 0.0275531
147 0.0034542 0.0432302
148 0.000885522 0.0432302
149 0.000885522 0.00417761
150 -0.0218118 0.00417761
151 -0.0218118 -0.0293662
152 -0.0326951 -0.0293662
153 -0.0326951 -0.0198621
154 0.00341155 -0.0198621
155 0.00341155 -0.00285241
156 0.0437842 -0.00285241
157 0.0437842 -0.00240747
158 0.0282235 -0.00240747
159 0.0282235 0.00930098
160 -0.0175297 0.00930098
161 -0.0175297 0.0328543
162 -0.0287713 0.0328543
163 -0.0287713 0.0202154
164 -0.0101274 0.0202154
165 -0.0101274 -0.0282435
166 -0.00442076 -0.0282435
167 -0.00442076 -0.0439418
168 -0.00135725 -0.0439418
169 -0.00135725 -0.00553798
170 0.0246013 -0.00553798
171 0.0246013 0.0257256
172 0.0367069 0.0257256
173 0.0367069 0.0179483
174 -0.00203106 0.0179483
175 -0.00203106 0.00944373
176 -0.0431772 0.00944373
177 -0.0431772 0.0123479
178 -0.0284888 0.0123479
179 -0.0284888 -0.00894507
180 0.00962133 -0.00894507
181 0.00962133 -0.0413374
182 0.0169191 -0.0413374
183 0.0169191 -0.0263083
184 0.0122143 -0.0263083
185 0.0122143 0.0244672
186 0.0227084 0.0244672
187 0.0227084 0.0386665
188 0.0133895 0.0386665
189 0.0133895 0.0106656
190 -0.0298503 0.0106656
191 -0.0298503 -0.00404234
192 -0.0453582 -0.00404234
193 -0.0453582 -0.00437945
194 -0.00509871 -0.00437945
195 -0.00509871 -0.0247786
196 0.0287245 -0.0247786
197 0.0287245 -0.0361466
198 0.0202842 -0.0361466
199 0.0202842 0.00236573
200 0.0119171 0.00236573
201 0.0119171 0.0435857
202 0.0156609 0.0435857
203 0.0156609 0.0293536
204 -0.00926809 0.0293536
205 -0.00926809 -0.00413054
206 -0.0453037 -0.00413054
207 -0.0453037 -0.00880678
208 -0.0296033 -0.00880678
209 -0.0296033 -0.0136635
210 0.0186947 -0.0136635
211 0.0186947 -0.0349312
212 0.0301914 -0.0349312
213 0.0301914 -0.021933
214 0.0145891 -0.021933
215 0.0145891 0.0283841
216 0.0164911 0.0283841
217 0.0164911 0.0436192
218 0.00915261 0.0436192
219 0.00915261 0.0121099
220 -0.0316542 0.0121099
221 -0.0316542 -0.00487337
222 -0.0471315 -0.00487337
223 -0.0471315 -0.00525824
224 -0.00706084 -0.00525824
225 -0.00706084 -0.0286931
226 0.0244782 -0.0286931
227 0.0244782 -0.0413801
228 0.0181912 -0.0413801
229 0.0181912 -0.00065972
230 0.0208988 -0.00065972
231 0.0208988 0.039053
232 0.0287435 0.039053
233 0.0287435 0.0275241
234 -0.00585963 0.0275241
235 -0.00585963 0.0102328
236 -0.0470376 0.0102328
237 -0.0470376 0.0123134
238 -0.0322952 0.0123134
239 -0.0322952 -0.0115054
240 0.00133905 -0.0115054
241 0.00133905 -0.0483853
242 0.00494273 -0.0483853
243 0.00494273 -0.0325543
244 0.015651 -0.0325543
245 0.015651 0.0122168
246 0.0441074 0.0122168
247 0.0441074 0.0207041
248 0.0290453 0.0207041
249 0.0290453 0.0180429
250 -0.0213348 0.0180429
251 -0.0213348 0.0357609
252 -0.0335058 0.0357609
253 -0.0335058 0.0228591
254 -0.0187332 0.0228591
255 -0.0187332 -0.0281682
256 -0.0250143 -0.0281682
257 -0.0250143 -0.042708
258 -0.0151416 -0.042708
259 -0.0151416 -0.0179792
260 0.0326405 -0.0179792
261 0.0326405 -0.0133518
262 0.0483287 -0.0133518
263 0.0483287 -0.00689869
264 0.016143 -0.00689869
265 0.016143 0.0349897
266 0.0019182 0.0349897
267 0.0019182 0.0508245
268 -0.00110418 0.0508245
269 -0.00110418 0.0136096
270 -0.0356328 0.0136096
271 -0.0356328 -0.00852067
272 -0.0508843 -0.00852067
273 -0.0508843 -0.00836445
274 -0.0107321 -0.00836445
275 -0.0107321 -0.0350566
276 0.0175432 -0.0350566
277 0.0175432 -0.0492666
278 0.0146154 -0.0492666
279 0.0146154 -0.00780243
280 0.0337396 -0.00780243
281 0.0337396 0.0249975
282 0.0466903 0.0249975
283 0.0466903 0.0197733
284 0.00504355 0.0197733
285 0.00504355 0.0321068
286 -0.0309157 0.0321068
287 -0.0309157 0.0437746
288 -0.0238778 0.0437746
289 -0.0238778 0.00261484
290 -0.0305093 0.00261484
291 -0.0305093 -0.0354333
292 -0.0410168 -0.0354333
293 -0.0410168 -0.0270366
294 -0.000625811 -0.0270366
295 -0.000625811 -0.0292207
296 0.0387226 -0.0292207
297 0.0387226 -0.0387932
298 0.029379 -0.0387932
299 0.029379 0.000847409
300 0.0284433 0.000847409
301 0.0284433 0.0409422
302 0.0373737 0.0409422
303 0.0373737 0.0310213
304 -0.00174618 0.0310213
305 -0.00174618 0.0283164
306 -0.0422009 0.0283164
307 -0.0422009 0.0369374
308 -0.0320419 0.0369374
309 -0.0320419 -0.00201624
310 -0.0289227 -0.00201624
311 -0.0289227 -0.0425344
312 -0.0375852 -0.0425344
313 -0.0375852 -0.0324633
314 0.00159906 -0.0324633
315 0.00159906 -0.0302892
316 0.0418914 -0.0302892
317 0.0418914 -0.0393441
318 0.0322419 -0.0393441
319 0.0322419 0.000428979
320 0.0323809 0.000428979
321 0.0323809 0.0401301
322 0.0421594 0.0401301
323 0.0421594 0.031263
324 0.00156238 0.031263
325 0.00156238 0.0350856
326 -0.0370245 0.0350856
327 -0.0370245 0.0458766
328 -0.0293429 0.0458766
329 -0.0293429 0.0044328
330 -0.0381924 0.0044328
331 -0.0381924 -0.0322858
332 -0.0502117 -0.0322858
333 -0.0502117 -0.0262414
334 -0.0082056 -0.0262414
335 -0.0082056 -0.0413655
336 0.0256027 -0.0413655
337 0.0256027 -0.054717
338 0.021688 -0.054717
339 0.021688 -0.0128341
340 0.04412 -0.0128341
341 0.04412 0.0167083
342 0.0587477 0.0167083
343 0.0587477 0.0154294
344 0.0181552 0.0154294
345 0.0181552 0.0458115
346 -0.00547742 0.0458115
347 -0.00547742 0.0614467
348 -0.00730137 0.0614467
349 -0.00730137 0.0238368
350 -0.0456527 0.0238368
351 -0.0456527 0.00794578
352 -0.0617649 0.00794578
353 -0.0617649 0.00267261
354 -0.0293291 0.00267261
355 -0.0293291 -0.0427775
356 -0.0229999 -0.0427775
357 -0.0229999 -0.0585436
358 -0.0141604 -0.0585436
359 -0.0141604 -0.0338371
360 0.0363717 -0.0338371
361 0.0363717 -0.0385651
362 0.0506831 -0.0385651
363 0.0506831 -0.0263977
364 0.0363419 -0.0263977
365 0.0363419 0.0258819
366 0.0528761 0.0258819
367 0.0528761 0.0374143
368 0.0380959 0.0374143
369 0.0380959 0.0357018
370 -0.0112961 0.0357018
371 -0.0112961 0.063559
372 -0.0186638 0.063559
373 -0.0186638 0.047437
374 -0.0308622 0.047437
375 -0.0308622 0.00654317
376 -0.0678734 0.00654317
377 -0.0678734 0.00453733
378 -0.052224 0.00453733
379 -0.052224 -0.0211852
380 -0.0256818 -0.0211852
381 -0.0256818 -0.0632272
382 -0.0297165 -0.0632272
383 -0.0297165 -0.0502511
384 0.00686895 -0.0502511
385 0.00686895 -0.0429901
386 0.0479776 -0.0429901
387 0.0479776 -0.0528683
388 0.0399213 -0.0528683
389 0.0399213 -0.0106395
390 0.0544602 -0.0106395
391 0.0544602 0.0224148
392 0.0688262 0.0224148
393 0.0688262 0.0210521
394 0.0284115 0.0210521
395 0.0284115 0.0560073
396 0.0103374 0.0560073
397 0.0103374 0.0722767
398 0.00432312 0.0722767
399 0.00432312 0.0422162
400 -0.0447906 0.0422162
401 -0.0447906 0.0439427
402 -0.0594387 0.0439427
403 -0.0594387 0.0315062
404 -0.0473323 0.0315062
405 -0.0473323 -0.0208304
406 -0.0695223 -0.0208304
407 -0.0695223 -0.030121
408 -0.053484 -0.030121
409 -0.053484 -0.040061
410 -0.0116332 -0.040061
411 -0.0116332 -0.0777645
412 -0.0105386 -0.0777645
413 -0.0105386 -0.0624611
414 0.0196892 -0.0624611
415 0.0196892 -0.0438754
416 0.0623971 -0.0438754
417 0.0623971 -0.0517044
418 0.0526136 -0.0517044
419 0.0526136 -0.00979471
420 0.0643647 -0.00979471
421 0.0643647 0.0241293
422 0.0789065 0.0241293
423 0.0789065 0.0234447
424 0.0393194 0.0234447
425 0.0393194 0.062724
426 0.0267433 0.062724
427 0.0267433 0.0789547
428 0.0176859 0.0789547
429 0.0176859 0.0567601
430 -0.0351626 0.0567601
431 -0.0351626 0.0713351
432 -0.0466948 0.0713351
433 -0.0466948 0.0558041
434 -0.0517153 0.0558041
435 -0.0517153 0.0109312
436 -0.0883193 0.0109312
437 -0.0883193 0.0092566
438 -0.0728742 0.0092566
439 -0.0728742 -0.0217809
440 -0.0565768 -0.0217809
441 -0.0565768 -0.0644212
442 -0.0659058 -0.0644212
443 -0.0659058 -0.0563809
444 -0.0228321 -0.0563809
445 -0.0228321 -0.0776412
446 0.00493372 -0.0776412
447 0.00493372 -0.0936712
448 0.00865892 -0.0936712
449 0.00865892 -0.0604426
450 0.0575973 -0.0604426
451 0.0575973 -0.0628467
452 0.0718918 -0.0628467
453 0.0718918 -0.0490062
454 0.0672972 -0.0490062
455 0.0672972 0.000939346
456 0.0994728 0.000939346
457 0.0994728 0.00516489
458 0.0833207 0.00516489
459 0.0833207 0.032837
460 0.0624511 0.032837
461 0.0624511 0.0760423
462 0.0712178 0.0760423
463 0.0712178 0.0676398
464 0.027896 0.0676398
465 0.027896 0.0901416
466 0.00150441 0.0901416
467 0.00150441 0.10649
468 -0.00368455 0.10649
469 -0.00368455 0.0764044
470 -0.055359 0.0764044
471 -0.055359 0.0856156
472 -0.068013 0.0856156
473 -0.068013 0.0701518
474 -0.0731828 0.0701518
475 -0.0731828 0.0261682
476 -0.112157 0.0261682
477 -0.112157 0.0267487
478 -0.0978241 0.0267487
479 -0.0978241 -0.0106443
480 -0.0957207 -0.0106443
481 -0.0957207 -0.049671
482 -0.109411 -0.049671
483 -0.109411 -0.0479617
484 -0.0692463 -0.0479617
485 -0.0692463 -0.0904881
486 -0.0624539 -0.0904881
487 -0.0624539 -0.106151
488 -0.0497924 -0.106151
489 -0.0497924 -0.0974971
490 0.00164279 -0.0974971
491 0.00164279 -0.129623
492 0.00548713 -0.129623
493 0.00548713 -0.113569
494 0.0368633 -0.113569
495 0.0368633 -0.0999357
496 0.0791586 -0.0999357
497 0.0791586 -0.111749
498 0.0747456 -0.111749
499 0.0747456 -0.0693142
500 0.112812 -0.0693142
501 0.112812 -0.0576759
502 0.12903 -0.0576759
503 0.12903 -0.0458389
504 0.117747 -0.0458389
505 0.117747 0.00652379
506 0.14925 0.00652379
507 0.14925 0.0105271
508 0.133158 0.0105271
509 0.133158 0.0428513
510 0.121755 0.0428513
511 0.121755 0.084585
512 0.134523 0.084585
513 0.134523 0.0817185
514 0.0933963 0.0817185
515 0.0933963 0.124701
516 0.0880865 0.124701
517 0.0880865 0.140076
518 0.0742165 0.140076
519 0.0742165 0.137442
520 0.0259529 0.137442
521 0.0259529 0.175416
522 0.0261525 0.175416
523 0.0261525 0.16112
524 -0.0135201 0.16112
525 -0.0135201 0.166248
526 -0.0488366 0.166248
527 -0.0488366 0.182024
528 -0.0519747 0.182024
529 -0.0519747 0.149398
530 -0.104797 0.149398
531 -0.104797 0.16207
532 -0.115979 0.16207
533 -0.115979 0.145331
534 -0.133417 0.145331
535 -0.133417 0.114184
536 -0.177817 0.114184
537 -0.177817 0.12274
538 -0.170046 0.12274
539 -0.170046 0.0784508
540 -0.203914 0.0784508
541 -0.203914 0.0637532
542 -0.220454 0.0637532
543 -0.220454 0.0514379
544 -0.212166 0.0514379
545 -0.212166 0.000439534
546 -0.24885 0.000439534
547 -0.24885 -1.8556e-05
548 -0.234337 -1.8556e-05
549 -0.234337 -0.0404632
550 -0.242263 -0.0404632
551 -0.242263 -0.0738548
552 -0.258767 -0.0738548
553 -0.258767 -0.0793214
554 -0.231386 -0.0793214
555 -0.231386 -0.134511
556 -0.253567 -0.134511
557 -0.253567 -0.142145
558 -0.236591 -0.142145
559 -0.236591 -0.171759
560 -0.22258 -0.171759
561 -0.22258 -0.214068
562 -0.236382 -0.214068
563 -0.236382 -0.213422
564 -0.19834 -0.213422
565 -0.19834 -0.264371
566 -0.206876 -0.264371
567 -0.206876 -0.276424
568 -0.189947 -0.276424
569 -0.189947 -0.295216
570 -0.161596 -0.295216
571 -0.161596 -0.340154
572 -0.172438 -0.340154
573 -0.172438 -0.335392
574 -0.129767 -0.335392
575 -0.129767 -0.380532
576 -0.129092 -0.380532
577 -0.129092 -0.394778
578 -0.11291 -0.394778
579 -0.11291 -0.406456
580 -0.0772598 -0.406456
581 -0.0772598 -0.451591
582 -0.0862761 -0.451591
583 -0.0862761 -0.444846
584 -0.0420811 -0.444846
585 -0.0420811 -0.486824
586 -0.0376205 -0.486824
587 -0.0376205 -0.501793
588 -0.0217509 -0.501793
589 -0.0217509 -0.511464
590 0.015523 -0.511464
591 0.015523 -0.556717
592 0.00660995 -0.556717
593 0.00660995 -0.549985
594 0.0508484 -0.549985
595 0.0508484 -0.59316
596 0.0535203 -0.59316
597 0.0535203 -0.607719
598 0.0698827 -0.607719
599 0.0698827 -0.620837
600 0.103406 -0.620837
601 0.103406 -0.666501
602 0.0928005 -0.666501
603 0.0928005 -0.661829
604 0.13532 -0.661829
605 0.13532 -0.710197
606 0.130491 -0.710197
607 0.130491 -0.722908
608 0.147767 -0.722908
609 0.147767 -0.744628
610 0.170973 -0.744628
611 0.170973 -0.789252
612 0.157315 -0.789252
613 0.157315 -0.788924
614 0.194124 -0.788924
615 0.194124 -0.843735
616 0.176391 -0.843735
617 0.176391 -0.852327
618 0.193767 -0.852327
619 0.193767 -0.886061
620 0.198379 -0.886061
621 0.198379 -0.92442
622 0.181606 -0.92442
623 0.181606 -0.930633
624 0.205249 -0.930633
625 0.205249 -0.987213
626 0.171676 -0.987213
627 0.171676 -0.988641
628 0.186291 -0.988641
629 0.186291 -1.03296
630 0.164672 -1.03296
631 0.164672 -1.05524
632 0.147251 -1.05524
633 0.147251 -1.06875
634 0.148083 -1.06875
635 0.148083 -1.11377
636 0.102657 -1.11377
637 0.102657 -1.10562
638 0.109615 -1.10562
639 0.109615 -1.15022
640 0.0616741 -1.15022
641 0.0616741 -1.14517
642 0.0493291 -1.14517
643 0.0493291 -1.16295
644 0.0217964 -1.16295
645 0.0217964 -1.17665
646 -0.0200289 -1.17665
647 -0.0200289 -1.16024
648 -0.025286 -1.16024
649 -0.025286 -1.18536
650 -0.0826036 -1.18536
651 -0.0826036 -1.1502
652 -0.0828296 -1.1502
653 -0.0828296 -1.16392
654 -0.129166 -1.16392
655 -0.129166 -1.13342
656 -0.143177 -1.13342
657 -0.143177 -1.11698
658 -0.159436 -1.11698
659 -0.159436 -1.10402
660 -0.190938 -1.10402
661 -0.190938 -1.05741
662 -0.177141 -1.05741
663 -0.177141 -1.05695
664 -0.211641 -1.05695
665 -0.211641 -0.998805
666 -0.183579 -0.998805
667 -0.183579 -0.995116
668 -0.19922 -0.995116
669 -0.19922 -0.950069
670 -0.175334 -0.950069
671 -0.175334 -0.930917
672 -0.158136 -0.930917
673 -0.158136 -0.915117
674 -0.147487 -0.915117
675 -0.147487 -0.881732
676 -0.100377 -0.881732
677 -0.100377 -0.895744
678 -0.0993986 -0.895744
679 -0.0993986 -0.862531
680 -0.0404834 -0.862531
681 -0.0404834 -0.894141
682 -0.0387219 -0.894141
683 -0.0387219 -0.879664
684 0.00843717 -0.879664
685 0.00843717 -0.912561
686 0.0191349 -0.912561
687 0.0191349 -0.928333
688 0.0367193 -0.928333
689 0.0367193 -0.950388
690 0.0560573 -0.950388
691 0.0560573 -0.994033
692 0.038994 -0.994033
693 0.038994 -1.00098
694 0.0584665 -1.00098
695 0.0584665 -1.05686
696 0.0150976 -1.05686
697 0.0150976 -1.05107
698 0.023591 -1.05107
699 0.023591 -1.09727
700 -0.0287607 -1.09727
701 -0.0287607 -1.08418
702 -0.0379265 -1.08418
703 -0.0379265 -1.10205
704 -0.079709 -1.10205
705 -0.079709 -1.08716
706 -0.104508 -1.08716
707 -0.104508 -1.06918
708 -0.120453 -1.06918
709 -0.120453 -1.05713
710 -0.150931 -1.05713
711 -0.150931 -1.01007
712 -0.134786 -1.01007
713 -0.134786 -1.00505
714 -0.158338 -1.00505
715 -0.158338 -0.94726
716 -0.115027 -0.94726
717 -0.115027 -0.95309
718 -0.123209 -0.95309
719 -0.123209 -0.907064
720 -0.0678785 -0.907064
721 -0.0678785 -0.925498
722 -0.0609334 -0.925498
723 -0.0609334 -0.908428
724 -0.0144957 -0.908428
725 -0.0144957 -0.936305
726 -0.000759739 -0.936305
727 -0.000759739 -0.952538
728 0.0175958 -0.952538
729 0.0175958 -0.980009
730 0.0274873 -0.980009
731 0.0274873 -1.01916
732 0.0086786 -1.01916
733 0.0086786 -1.03174
734 0.00963725 -1.03174
735 0.00963725 -1.07419
736 -0.0398878 -1.07419
737 -0.0398878 -1.05947
738 -0.0426799 -1.05947
739 -0.0426799 -1.08724
740 -0.102447 -1.08724
741 -0.102447 -1.04344
742 -0.0961259 -1.04344
743 -0.0961259 -1.05079
744 -0.141257 -1.05079
745 -0.141257 -0.991557
746 -0.114987 -0.991557
747 -0.114987 -0.988224
748 -0.130001 -0.988224
749 -0.130001 -0.938148
750 -0.085863 -0.938148
751 -0.085863 -0.941634
752 -0.0742237 -0.941634
753 -0.0742237 -0.922796
754 -0.0304256 -0.922796
755 -0.0304256 -0.943477
756 -0.0118917 -0.943477
757 -0.0118917 -0.960572
758 0.00691031 -0.960572
759 0.00691031 -0.990442
760 0.0117089 -0.990442
761 0.0117089 -1.02621
762 -0.00760356 -1.02621
763 -0.00760356 -1.04198
764 -0.0200421 -1.04198
765 -0.0200421 -1.06952
766 -0.0665657 -1.06952
767 -0.0665657 -1.0508
768 -0.077504 -1.0508
769 -0.077504 -1.05581
770 -0.122426 -1.05581
771 -0.122426 -1.00486
772 -0.106294 -1.00486
773 -0.106294 -0.999413
774 -0.126495 -0.999413
775 -0.126495 -0.943144
776 -0.0761361 -0.943144
777 -0.0761361 -0.955609
778 -0.0760005 -0.955609
779 -0.0760005 -0.923527
780 -0.0137784 -0.923527
781 -0.0137784 -0.969974
782 -0.0222622 -0.969974
783 -0.0222622 -0.965502
784 0.0182847 -0.965502
785 0.0182847 -1.02961
786 -0.0226021 -1.02961
787 -0.0226021 -1.02488
788 -0.0144431 -1.02488
789 -0.0144431 -1.07095
790 -0.0778997 -1.07095
791 -0.0778997 -1.0359
792 -0.0763332 -1.0359
793 -0.0763332 -1.04681
794 -0.12571 -1.04681
795 -0.12571 -0.985172
796 -0.0958041 -0.985172
797 -0.0958041 -0.984311
798 -0.108599 -0.984311
799 -0.108599 -0.933102
800 -0.0488545 -0.933102
801 -0.0488545 -0.959228
802 -0.0463792 -0.959228
803 -0.0463792 -0.945279
804 0.00579246 -0.945279
805 0.00579246 -1.00383
806 -0.0183039 -1.00383
807 -0.0183039 -1.00709
808 -0.00384237 -1.00709
809 -0.00384237 -1.05975
810 -0.0623514 -1.05975
811 -0.0623514 -1.03572
812 -0.0655454 -1.03572
813 -0.0655454 -1.05008
814 -0.118333 -1.05008
815 -0.118333 -0.990342
816 -0.0923416 -0.990342
817 -0.0923416 -0.988084
818 -0.10596 -0.988084
819 -0.10596 -0.935668
820 -0.0439046 -0.935668
821 -0.0439046 -0.965587
822 -0.0434931 -0.965587
823 -0.0434931 -0.953483
824 0.00759095 -0.953483
825 0.00759095 -1.01837
826 -0.0279446 -1.01837
827 -0.0279446 -1.016
828 -0.0182932 -1.016
829 -0.0182932 -1.06405
830 -0.0855366 -1.06405
831 -0.0855366 -1.0218
832 -0.0794915 -1.0218
833 -0.0794915 -1.02788
834 -0.12184 -1.02788
835 -0.12184 -0.960243
836 -0.0728101 -0.960243
837 -0.0728101 -0.970656
838 -0.0741073 -0.970656
839 -0.0741073 -0.937703
840 -0.00995817 -0.937703
841 -0.00995817 -0.991939
842 -0.0249798 -0.991939
843 -0.0249798 -0.99652
844 -0.00586947 -0.99652
845 -0.00586947 -1.05121
846 -0.0615404 -1.05121
847 -0.0615404 -1.03214
848 -0.0725936 -1.03214
849 -0.0725936 -1.03301
850 -0.110184 -1.03301
851 -0.110184 -0.982174
852 -0.0887544 -0.982174
853 -0.0887544 -0.965074
854 -0.0684818 -0.965074
855 -0.0684818 -0.952535
856 -0.0308638 -0.952535
857 -0.0308638 -0.97326
858 -0.00971011 -0.97326
859 -0.00971011 -1.01404
860 -0.0278446 -1.01404
861 -0.0278446 -1.02958
862 -0.0436705 -1.02958
863 -0.0436705 -1.05092
864 -0.0987024 -1.05092
865 -0.0987024 -1.00246
866 -0.0859082 -1.00246
867 -0.0859082 -0.995952
868 -0.102085 -0.995952
869 -0.102085 -0.939475
870 -0.0331059 -0.939475
871 -0.0331059 -0.980099
872 -0.0388207 -0.980099
873 -0.0388207 -0.974549
874 0.00151197 -0.974549
875 0.00151197 -1.04373
876 -0.0561039 -1.04373
877 -0.0561039 -1.02655
878 -0.0642267 -1.02655
879 -0.0642267 -1.03418
880 -0.107092 -1.03418
881 -0.107092 -0.980779
882 -0.0843955 -0.980779
883 -0.0843955 -0.961141
884 -0.0530204 -0.961141
885 -0.0530204 -0.966157
886 -0.0288276 -0.966157
887 -0.0288276 -0.984081
888 -0.00627007 -0.984081
889 -0.00627007 -1.04204
890 -0.0606457 -1.04204
891 -0.0606457 -1.02169
892 -0.0635993 -1.02169
893 -0.0635993 -1.03473
894 -0.116844 -1.03473
895 -0.116844 -0.959258
896 -0.060792 -0.959258
897 -0.060792 -0.974302
898 -0.0552131 -0.974302
899 -0.0552131 -0.961148
900 -0.00792572 -0.961148
901 -0.00792572 -1.01686
902 -0.0316568 -1.01686
903 -0.0316568 -1.03839
904 -0.0713371 -1.03839
905 -0.0713371 -1.01939
906 -0.0831989 -1.01939
907 -0.0831989 -1.00531
908 -0.10421 -1.00531
909 -0.10421 -0.94228
910 -0.030562 -0.94228
911 -0.030562 -0.987689
912 -0.0394057 -0.987689
913 -0.0394057 -0.986475
914 -0.0104498 -0.986475
915 -0.0104498 -1.04797
916 -0.0725429 -1.04797
917 -0.0725429 -1.02353
918 -0.0936598 -1.02353
919 -0.0936598 -0.986026
920 -0.0767955 -0.986026
921 -0.0767955 -0.973628
922 -0.0628614 -0.973628
923 -0.0628614 -0.952669
924 0.00195147 -0.952669
925 0.00195147 -1.03289
926 -0.0533054 -1.03289
927 -0.0533054 -1.01859
928 -0.058708 -1.01859
929 -0.058708 -1.02978
930 -0.101871 -1.02978
931 -0.101871 -0.976008
932 -0.0769674 -0.976008
933 -0.0769674 -0.950126
934 -0.015725 -0.950126
935 -0.015725 -1.00778
936 -0.0417009 -1.00778
937 -0.0417009 -1.00702
938 -0.0332007 -1.00702
939 -0.0332007 -1.05075
940 -0.107216 -1.05075
941 -0.107216 -0.981914
942 -0.0806022 -0.981914
943 -0.0806022 -0.958068
944 -0.0325356 -0.958068
945 -0.0325356 -0.993074
946 -0.0379943 -0.993074
947 -0.0379943 -0.999946
948 -0.0228928 -0.999946
949 -0.0228928 -1.05691
950 -0.107674 -1.05691
951 -0.107674 -0.983563
952 -0.0805831 -0.983563
953 -0.0805831 -0.959999
954 -0.0339261 -0.959999
955 -0.0339261 -0.993781
956 -0.0394705 -0.993781
957 -0.0394705 -1.00017
958 -0.0251219 -1.00017
959 -0.0251219 -1.05542
960 -0.109662 -1.05542
961 -0.109662 -0.979343
962 -0.0799388 -0.979343
963 -0.0799388 -0.951212
964 -0.0159105 -0.951212
965 -0.0159105 -1.01277
966 -0.0479937 -1.01277
967 -0.0479937 -1.00811
968 -0.0447412 -1.00811
969 -0.0447412 -1.03678
970 -0.102899 -1.03678
971 -0.102899 -0.974178
972 -0.0744306 -0.974178
973 -0.0744306 -0.942749
974 0.0111588 -0.942749
975 0.0111588 -1.04713
976 -0.0679223 -1.04713
977 -0.0679223 -1.02042
978 -0.0899015 -1.02042
979 -0.0899015 -0.97779
980 -0.0578466 -0.97779
981 -0.0578466 -0.985986
982 -0.054083 -0.985986
983 -0.054083 -0.975464
984 -0.00977852 -0.975464
985 -0.00977852 -1.04919
986 -0.0829731 -1.04919
987 -0.0829731 -1.01684
988 -0.118876 -1.01684
989 -0.118876 -0.9158
990 0.0119712 -0.9158
991 0.0119712 -1.02436
992 -0.0297812 -1.02436
993 -0.0297812 -1.06573
994 -0.135574 -1.06573
995 -0.135574 -0.939644
996 -0.038373 -0.939644
997 -0.038373 -0.974638
998 -0.00572099 -0.974638
999 -0.00572099 -1.05365
1000 -0.0951823 -1.05365
1001 -0.0951823 -0.987905
1002 -0.0725544 -0.987905
1003 -0.0725544 -0.96767
1004 -0.0255253 -0.96767
1005 -0.0255253 -1.01892
1006 -0.0618276 -1.01892
1007 -0.0618276 -1.00685
1008 -0.0722566 -1.00685
1009 -0.0722566 -0.98339
1010 -0.0474822 -0.98339
1011 -0.0474822 -1.00041
1012 -0.0529752 -1.00041
1013 -0.0529752 -1.00503
1014 -0.063073 -1.00503
1015 -0.063073 -0.994651
1016 -0.0561268 -0.994651
1017 -0.0561268 -0.996836
1018 -0.0543371 -0.996836
1019 -0.0543371 -1.00066
1020 -0.058171 -1.00066
1021 -0.058171 -0.99815
1022 -0.0574008 -0.99815
1023 -0.0574008 -0.997533
1024 -0.0561123 -0.997533
1025 -0.0561123 -0.998798
1026 -0.0569219 -0.998798
1027 -0.0569219 -0.998555
1028 -0.057113 -0.998555
1029 -0.057113 -0.998163
1030 -0.0567366 -0.998163
1031 -0.0567366 -0.9984
1032 -0.0568063 -0.9984
1033 -0.0568063 -0.998453
1034 -0.0569141 -0.998453
1035 -0.0569141 -0.998351
1036 -0.0568513 -0.998351
1037 -0.0568513 -0.99837
1038 -0.0568376 -0.99837
1039 -0.0568376 -0.998397
1040 -0.0568628 -0.998397
1041 -0.0568628 -0.998382
1042 -0.0568584 -0.998382
1043 -0.0568584 -0.998378
1044 -0.0568522 -0.998378
1045 -0.0568522 -0.998384
1046 -0.0568556 -0.998384
1047 -0.0568556 -0.998383
1048 -0.0568563 -0.998383
1049 -0.0568563 -0.998382
1050 -0.0568551 -0.998382
1051 -0.0568551 -0.998382
1052 -0.0568553 -0.998382
1053 -0.0568553 -0.998383
1054 -0.0568555 -0.998383
1055 -0.0568555 -0.998382
1056 -0.0568554 -0.998382
1057 -0.0568554 -0.998382
1058 -0.0568554 -0.998382
1059 -0.0568554 -0.998382
1060 -0.0568554 -0.998382
1061 -0.0568554 -0.998382
1062 -0.0568554 -0.998382
1063 -0.0568554 -0.998382
1064 -0.0568554 -0.998382
1065 -0.0568554 -0.998382
1066 -0.0568554 -0.998382
1067 -0.0568554 -0.998382
1068 -0.0568554 -0.998382
1069 -0.0568554 -0.998382
1070 -0.0568554 -0.998382
1071 -0.0568554 -0.998382
1072 -0.0568554 -0.998382
1073 -0.0568554 -0.998382
1074 -0.0568554 -0.998382
1075 -0.0568554 -0.998382
1076 -0.0568554 -0.998382
1077 -0.0568554 -0.998382
1078 -0.0568554 -0.998382
1079 -0.0568554 -0.998382
1080 -0.0568554 -0.998382
1081 -0.0568554 -0.998382
1082 -0.0568554 -0.998382
1083 -0.0568554 -0.998382
1084 -0.0568554 -0.998382
1085 -0.0568554 -0.998382
1086 -0.0568554 -0.998382
1087 -0.0568554 -0.998382
1088 -0.0568554 -0.998382
1089 -0.0568554 -0.998382
1090 -0.0568554 -0.998382
1091 -0.0568554 -0.998382
1092 -0.0568554 -0.998382
1093 -0.0568554 -0.998382
1094 -0.0568554 -0.998382
1095 -0.0568554 -0.998382
1096 -0.0568554 -0.998382
1097 -0.0568554 -0.998382
1098 -0.0568554 -0.998382
1099 -0.0568554 -0.998382
1100 -0.0568554 -0.998382
