0 -0.00563 0.0100722
1 -0.0191572 0.00257004
2 -0.00803328 -0.0179692
3 0.0310309 0.00235309
4 0.0208582 0.0230746
5 -0.0388638 -0.00405163
6 -0.0315169 -0.0219423
7 0.0400275 0.00387242
8 0.0374938 0.0121741
9 -0.0333145 -0.00511311
10 -0.0352317 0.00566776
11 0.0210371 0.0116438
12 0.0221387 -0.0264587
13 -0.00988375 -0.0247041
14 -0.000242408 0.0412605
15 0.00823298 0.0391658
16 -0.0211485 -0.0422809
17 -0.0192742 -0.0432024
18 0.0284956 0.0305976
19 0.0342959 0.0257238
20 -0.0150724 -0.0194238
21 -0.0354792 0.0102322
22 -0.00741157 0.0240598
23 0.0133049 -0.0415388
24 0.0135555 -0.0415017
25 0.015121 0.0424494
26 0.00742762 0.04394
27 -0.0163969 -0.0172826
28 -0.028247 -0.00988791
29 -0.0150704 0.00420702
30 0.0116162 -0.0333234
31 0.0359984 -0.0227251
32 0.0255691 0.0301359
33 -0.0141835 0.0312353
34 -0.0184158 0.0151532
35 -0.00446338 0.00763407
36 -0.0355271 -0.0264842
37 -0.0300241 -0.0348728
38 0.0489946 -0.00855112
39 0.0492609 -0.0133835
40 -0.0111062 4.79569e-05
41 0.0161239 0.0498376
42 0.0230817 0.0428212
43 -0.0520104 0.00330451
44 -0.0502141 -0.00657061
45 -0.011439 -0.0117314
46 -0.0184693 -0.0261967
47 0.0122966 -0.0566541
48 0.0342763 -0.0459138
49 0.0264439 0.0246214
50 0.0575947 0.0169508
51 0.0433516 -0.00379596
52 -0.00593476 0.0681309
53 -0.013753 0.0663497
54 -0.0207143 0.023528
55 -0.0343739 0.0319931
56 -0.0791985 0.000411034
57 -0.0765038 -0.0126875
58 -0.0104679 -0.0272302
59 -0.0452262 -0.0734015
60 -0.0449661 -0.0738914
61 0.0240096 -0.0710355
62 0.0303248 -0.0566798
63 0.054982 -0.0864811
64 0.0619266 -0.0849529
65 0.0843962 -0.00299367
66 0.112052 -0.0293592
67 0.119985 -0.0268576
68 0.129667 0.0189281
69 0.0949751 0.0501267
70 0.155607 0.0691438
71 0.155687 0.0694695
72 0.110954 0.115233
73 0.126825 0.118571
74 0.15142 0.181879
75 0.155481 0.17608
76 0.117144 0.175693
77 0.155938 0.232068
78 0.141278 0.273106
79 0.183533 0.260295
80 0.181852 0.259079
81 0.184267 0.32395
82 0.196375 0.313456
83 0.276162 0.326815
84 0.263045 0.304895
85 0.263246 0.304273
86 0.296897 0.289097
87 0.334894 0.304982
88 0.302739 0.222483
89 0.308561 0.209243
90 0.257965 0.229949
91 0.260641 0.230958
92 0.250723 0.21193
93 0.24434 0.239396
94 0.19574 0.276774
95 0.266488 0.277344
96 0.304068 0.305744
97 0.27883 0.22713
98 0.282419 0.214397
99 0.236654 0.25615
100 0.244706 0.254407
101 0.275619 0.263392
102 0.267083 0.255452
103 0.262814 0.244844
104 0.262588 0.251717
105 0.261533 0.25402
106 0.263368 0.252288
107 0.263584 0.252201
108 0.262952 0.252205
109 0.262998 0.252223
110 0.263081 0.252299
