0 0.245936 -4.16334e-16
1 0.245936 -0.0150979
2 -0.232613 -0.0150979
3 -0.232613 -0.0734773
4 0.103838 -0.0734773
5 0.103838 0.285126
6 0.118297 0.285126
7 0.118297 -0.122158
8 0.00790741 -0.122158
9 0.00790741 -0.705869
10 0.0799666 -0.705869
11 0.0799666 -0.937252
12 0.143337 -0.937252
13 0.143337 -0.98164
14 0.161656 -0.98164
15 0.161656 -0.986148
16 0.164601 -0.986148
17 0.164601 -0.986324
18 0.164906 -0.986324
19 0.164906 -0.986309
20 0.164927 -0.986309
21 0.164927 -0.986306
22 0.164928 -0.986306
23 0.164928 -0.986306
24 0.164928 -0.986306
25 0.164928 -0.986306
26 0.164928 -0.986306
27 0.164928 -0.986306
28 0.164928 -0.986306
29 0.164928 -0.986306
30 0.164928 -0.986306
31 0.164928 -0.986306
32 0.164928 -0.986306
33 0.164928 -0.986306
34 0.164928 -0.986306
35 0.164928 -0.986306
36 0.164928 -0.986306
37 0.164928 -0.986306
38 0.164928 -0.986306
39 0.164928 -0.986306
40 0.164928 -0.986306
41 0.164928 -0.986306
42 0.164928 -0.986306
43 0.164928 -0.986306
44 0.164928 -0.986306
45 0.164928 -0.986306
46 0.164928 -0.986306
47 0.164928 -0.986306
48 0.164928 -0.986306
49 0.164928 -0.986306
50 0.164928 -0.986306
