0 0.00525968 -0.013309
1 0.0100317 -0.0114249
2 0.0180598 -0.0318184
3 0.0206549 -0.0308018
4 0.022454 -0.0354265
5 0.0215139 -0.035789
6 0.0164326 -0.0224658
7 0.012027 -0.0241242
8 0.00273956 0.000927341
9 -0.00346163 -0.00133177
10 -0.0124102 0.0237241
11 -0.0175927 0.021914
12 -0.0221326 0.0352395
13 -0.0234252 0.0348112
14 -0.0219398 0.0301904
15 -0.017822 0.0314703
16 -0.0117352 0.0111489
17 -0.00314654 0.0136188
18 0.00411007 -0.01277
19 0.013651 -0.0102725
20 0.0186224 -0.0303249
21 0.0242579 -0.0290093
22 0.025239 -0.033502
23 0.023071 -0.0339415
24 0.0206976 -0.0212129
25 0.0101379 -0.023004
26 0.00657608 0.000403334
27 -0.00857971 -0.00162957
28 -0.0112075 0.0211194
29 -0.0239078 0.0198965
30 -0.0248001 0.031564
31 -0.0279312 0.0313885
32 -0.0277959 0.0275215
33 -0.0180542 0.0276512
34 -0.0181994 0.0115677
35 0.00144167 0.0109383
36 0.000354161 -0.00856317
37 0.021259 -0.0102402
38 0.0198227 -0.0238613
39 0.0315596 -0.0254045
40 0.0311241 -0.0281542
41 0.0268635 -0.0273609
42 0.0283333 -0.0205245
43 0.00888965 -0.015764
44 0.0118223 -0.00513139
45 -0.0141374 0.00286491
46 -0.0113149 0.0111281
47 -0.0314002 0.0186921
48 -0.0301287 0.021769
49 -0.0346636 0.0238171
50 -0.0349587 0.0232172
51 -0.022154 0.0163723
52 -0.0224951 0.0157838
53 0.000692665 0.0012369
54 0.00192746 0.00305745
55 0.0238267 -0.0129883
56 0.0263828 -0.0097577
57 0.0371358 -0.0189454
58 0.0381489 -0.0178478
59 0.0347952 -0.0145004
60 0.0304569 -0.0185148
61 0.0175963 -0.003439
62 0.00652377 -0.0121256
63 -0.0074953 0.0073658
64 -0.0216336 -0.00192041
65 -0.0301547 0.0123562
66 -0.0393187 0.00741639
67 -0.0407504 0.0103801
68 -0.0370221 0.0119782
69 -0.0342489 0.00459362
70 -0.0156372 0.0106142
71 -0.0126255 -0.000447988
72 0.0139949 0.00545113
73 0.0153078 -0.00221184
74 0.0369604 0.000412609
75 0.0371041 -0.00161193
76 0.0421526 -0.0015085
77 0.0421507 -0.00157115
78 0.027689 -0.000377807
79 0.027186 -0.00408838
80 0.00110898 0.000867895
81 -0.00114151 -0.00826613
82 -0.0251595 -0.000941804
83 -0.0287921 -0.0108602
84 -0.0400104 -0.00602644
85 -0.0413988 -0.00880583
86 -0.0381765 -0.0106524
87 -0.0322831 -0.00162066
88 -0.0214214 -0.00965024
89 -0.00656311 0.00814485
90 0.00307497 -0.00093313
91 0.0215901 0.0164845
92 0.0256634 0.0115865
93 0.0371935 0.0200277
94 0.0374744 0.019589
95 0.0330491 0.0171348
96 0.0335923 0.0159885
97 0.0131941 0.00788706
98 0.0155356 0.000649633
99 -0.0107046 -0.00596929
100 -0.00843409 -0.0184048
101 -0.0269822 -0.0205178
102 -0.0265634 -0.029695
103 -0.030143 -0.029613
104 -0.0297818 -0.0257019
105 -0.0219295 -0.0269847
106 -0.0173485 -0.00763417
107 -0.00801543 -0.0105586
108 0.00232106 0.0156607
109 0.00597973 0.0139021
110 0.0170892 0.033248
111 0.0162251 0.0338331
112 0.0193141 0.0377343
113 0.0203998 0.036733
114 0.01062 0.0276231
115 0.0175943 0.0188808
116 -0.000578961 0.00655094
117 0.00933687 -0.0108399
118 -0.00655088 -0.0183119
119 4.66036e-05 -0.0358217
120 -0.00613648 -0.0376023
121 -0.0051884 -0.0422847
122 -0.00411763 -0.0421572
123 -0.00464757 -0.0276549
124 -0.00535948 -0.0276221
125 -0.00186784 -0.000794658
126 -0.00981076 0.000926659
127 -0.00243179 0.0249449
128 -0.0130296 0.0292197
129 -0.00784623 0.0394387
130 -0.010918 0.0413479
131 -0.0127411 0.0389169
132 -0.00328633 0.0304301
133 -0.00933045 0.0247928
134 0.00698633 0.00382114
135 0.00428563 0.0020857
136 0.0169404 -0.0221974
137 0.020283 -0.0208274
138 0.0243562 -0.0341404
139 0.0264646 -0.0337039
140 0.0259967 -0.0294938
141 0.0163839 -0.0296534
142 0.0175191 -0.0151667
143 -0.00526108 -0.0111703
144 -0.00208171 0.000325924
145 -0.0266831 0.00977284
146 -0.0253821 0.0123717
147 -0.0377122 0.0201418
148 -0.0382214 0.0194872
149 -0.0347333 0.0161674
150 -0.029789 0.0204162
151 -0.0193525 0.00545217
152 -0.00273946 0.0146891
153 0.00422354 -0.0015441
154 0.0272159 0.00562573
155 0.0286928 -0.00170946
156 0.0429561 -0.000358941
157 0.0429545 -0.000502488
158 0.0379683 7.94681e-05
159 0.0370516 -0.00397222
160 0.0180148 0.00253756
161 0.0113666 -0.0116886
162 -0.00648224 -0.000855229
163 -0.0199105 -0.0183536
164 -0.0272238 -0.0113432
165 -0.037892 -0.0202589
166 -0.0382801 -0.019673
167 -0.0337755 -0.0173659
168 -0.0347796 -0.0147054
169 -0.014557 -0.00958934
170 -0.0164262 0.00427693
171 0.00573377 0.00470961
172 0.00774965 0.0257251
173 0.0185594 0.0234045
174 0.0229818 0.036401
175 0.023746 0.0360363
176 0.0210433 0.0317546
177 0.0231352 0.0300574
178 0.00814965 0.0155285
179 0.0167288 0.00424322
180 -0.00212346 -0.00678727
181 0.0064338 -0.0265785
182 -0.00351147 -0.0295044
183 -0.00124386 -0.0432524
184 -0.00182197 -0.0432756
185 -0.0013987 -0.0382422
186 -0.00503346 -0.0374728
187 0.00157611 -0.0184247
188 -0.0129667 -0.0112182
189 -0.00199107 0.00528715
190 -0.0195714 0.0205291
191 -0.0136206 0.0258374
192 -0.0217275 0.0376978
193 -0.0218242 0.0376487
194 -0.020175 0.0329851
195 -0.014464 0.0341965
196 -0.0130453 0.0159216
197 0.00670841 0.0148387
198 0.00379208 -0.000516414
199 0.0280775 -0.00859947
200 0.026464 -0.0118925
201 0.0385691 -0.0200078
202 0.0393683 -0.0191081
203 0.0363929 -0.0156337
204 0.02898 -0.020397
205 0.0228199 -0.00708491
206 -7.97843e-05 -0.0140428
207 -0.00142293 -0.00549572
208 -0.0287138 -0.00593445
209 -0.02904 -0.00854293
210 -0.0423591 -0.00492001
211 -0.0433929 -0.00731539
212 -0.0402454 -0.00924511
213 -0.0325659 -1.39237e-06
214 -0.0269141 -0.00627084
215 -0.00445361 0.0087356
216 -0.00503012 0.0099485
217 0.0202676 0.0177105
218 0.0187046 0.027982
219 0.0298252 0.0280224
220 0.0304076 0.0320264
221 0.0284151 0.0326279
222 0.0222915 0.0197093
223 0.0227432 0.019405
224 0.00475971 -0.000147477
225 0.0131241 -0.0105836
226 -0.00498155 -0.0210328
227 0.00151639 -0.0377602
228 -0.00415124 -0.0390092
229 -0.00383922 -0.0439854
230 -0.00410626 -0.0439607
231 -0.000669478 -0.0303909
232 -0.0108649 -0.0260271
233 -0.000220705 -0.00910568
234 -0.0185664 0.00696071
235 -0.0114405 0.0128789
236 -0.0227515 0.032011
237 -0.0245375 0.0313099
238 -0.025538 0.0359238
239 -0.0226287 0.0360761
240 -0.0236771 0.0265519
241 -0.00451545 0.0212021
242 -0.00714933 0.0155426
243 0.0169398 -0.000923614
244 0.0218419 0.00418959
245 0.0335216 -0.0114627
246 0.0424268 -0.00688359
247 0.0432503 -0.00947089
248 0.0384799 -0.0101463
249 0.0385057 -0.00921049
250 0.0169647 -0.00492316
251 0.012773 -0.0158579
252 -0.00648944 -0.00440649
253 -0.0209933 -0.0213712
254 -0.0260688 -0.0152435
255 -0.0386664 -0.0224455
256 -0.0384062 -0.0231667
257 -0.0338292 -0.0223695
258 -0.0338108 -0.0132873
259 -0.0207082 -0.0156341
260 -0.0118819 0.00831282
261 -0.00907668 0.00667023
262 0.00853305 0.0272817
263 0.00277702 0.0343162
264 0.012656 0.0398042
265 0.0113262 0.0437162
266 0.00961087 0.0434613
267 0.0091272 0.028919
268 0.0132838 0.0280123
269 0.00379528 0.00537912
270 0.0201921 -0.00536109
271 0.0101034 -0.0159012
272 0.0226224 -0.0333279
273 0.0224924 -0.0333887
274 0.0237126 -0.0381239
275 0.0210888 -0.0382967
276 0.0222892 -0.0284573
277 0.00325826 -0.0223767
278 0.00566912 -0.0179407
279 -0.0167974 0.000491736
280 -0.0246306 -0.00602279
281 -0.0331183 0.00940106
282 -0.0444225 0.00575901
283 -0.044621 0.00741077
284 -0.0395696 0.00704029
285 -0.0386487 0.0104104
286 -0.0213743 0.00183169
287 -0.00911922 0.0177578
288 -0.000621635 0.00805548
289 0.0228301 0.0215753
290 0.0219094 0.0242998
291 0.0351111 0.0260008
292 0.0353459 0.0293344
293 0.0327722 0.0300453
294 0.0263828 0.0174488
295 0.0271247 0.016861
296 0.00734256 0.000217183
297 0.0157023 -0.0151794
298 0.000327698 -0.0198459
299 0.00226101 -0.0409799
300 0.00199823 -0.0409501
301 0.0004781 -0.0455709
302 -0.00197828 -0.0441533
303 0.00406879 -0.0373925
304 -0.00832904 -0.0205321
305 -0.0070217 -0.0199384
306 -0.013126 0.00763718
307 -0.0279299 0.00750863
308 -0.0250881 0.0214416
309 -0.0375432 0.0268817
310 -0.0373648 0.0271299
311 -0.034071 0.0234909
312 -0.0272187 0.0274407
313 -0.0229293 0.0140239
314 0.00262901 0.0164655
315 0.00248264 0.0152481
316 0.0274055 0.00656399
317 0.0340384 0.0173432
318 0.0403655 0.0112241
319 0.0443791 0.0138786
320 0.044384 0.0138659
321 0.0307063 0.0118461
322 0.0297058 -0.00177434
323 0.0151685 0.00262694
324 0.00123923 -0.0219645
325 0.00273641 -0.0233246
326 -0.0141191 -0.0351177
327 -0.01041 -0.04422
328 -0.0128075 -0.0446135
329 -0.0124957 -0.0396173
330 -0.0148828 -0.03891
331 -0.00525804 -0.0218827
332 -0.0204167 -0.00799573
333 -0.0113458 -0.00177319
334 -0.021334 0.0237781
335 -0.0277805 0.022848
336 -0.0267628 0.0345484
337 -0.0307684 0.035865
338 -0.0314135 0.0348106
339 -0.0210889 0.0245697
340 -0.012893 0.0296681
341 -0.00678004 0.0113924
342 0.0196958 0.0137378
343 0.0193765 0.0115781
344 0.0393905 0.00352166
345 0.0443393 0.0104637
346 0.0462035 0.00831289
347 0.0418225 0.00605402
348 0.0422116 0.00444501
349 0.0222399 0.0044908
350 0.0173863 -0.0151248
351 0.00763714 -0.010005
352 -0.0105806 -0.0305552
353 -0.00642591 -0.0365888
354 -0.0169387 -0.0405437
355 -0.0164275 -0.0449353
356 -0.0156729 -0.0450331
357 -0.0104513 -0.031736
358 -0.0204343 -0.0246041
359 -0.00818484 -0.014211
360 -0.0206388 0.0111815
361 -0.0236458 0.010548
362 -0.0228235 0.0303798
363 -0.0333721 0.0335422
364 -0.0324844 0.0350171
365 -0.0289228 0.0314001
366 -0.0239812 0.0342667
367 -0.0196747 0.0188786
368 0.0054378 0.019365
369 0.00516256 0.0182148
370 0.0280408 0.00601553
371 0.0380354 0.016839
372 0.0416205 0.0112299
373 0.046435 0.0127802
374 0.0465132 0.0113208
375 0.0353415 0.0136453
376 0.0265803 -0.00383623
377 0.0240328 -0.00158037
378 0.000485594 -0.01718
379 0.00578068 -0.0329768
380 -0.00553406 -0.033668
381 -0.00844195 -0.0478566
382 -0.00731317 -0.0484243
383 -0.00460163 -0.0453987
384 -0.0114485 -0.0348261
385 -0.00849687 -0.0338854
386 -0.00960405 -0.00731977
387 -0.0269484 -0.00333205
388 -0.0204782 0.00867153
389 -0.0365533 0.0240581
390 -0.0400279 0.0219877
391 -0.0410682 0.0257947
392 -0.0365785 0.0257739
393 -0.0369135 0.0245946
394 -0.0187732 0.0134811
395 -0.00538397 0.025892
396 0.000272664 0.0148412
397 0.0272219 0.0202467
398 0.0278668 0.0285029
399 0.037542 0.0249206
400 0.0403394 0.0287411
401 0.0404656 0.0285787
402 0.0282589 0.0236789
403 0.0300013 0.00666204
404 0.0223246 0.00804621
405 0.00944944 -0.0179682
406 0.0199885 -0.0276208
407 0.0090811 -0.0342569
408 0.0128219 -0.0481447
409 0.0140039 -0.0481697
410 0.015217 -0.0443308
411 0.00450575 -0.0371307
412 0.00566222 -0.0361714
413 -0.00449418 -0.0124944
414 -0.025033 -0.0149125
415 -0.0233828 -0.0053899
416 -0.0434187 0.00456517
417 -0.0482022 -0.000554694
418 -0.0497346 0.00207103
419 -0.0448997 0.00323603
420 -0.0447174 0.00647853
421 -0.0280398 0.00039978
422 -0.0133784 0.0199422
423 -0.0126552 0.0189551
424 0.0113119 0.027341
425 0.0106451 0.0439399
426 0.0147943 0.0428492
427 0.0174465 0.0471267
428 0.0192918 0.0450102
429 0.0123758 0.0419422
430 0.0149874 0.0197709
431 0.0241634 0.0180651
432 0.0145625 -0.000125981
433 0.0329129 -0.0185799
434 0.0352367 -0.0173724
435 0.0373892 -0.0295409
436 0.041679 -0.030101
437 0.0418976 -0.0296313
438 0.031759 -0.020337
439 0.0177385 -0.0283941
440 0.0159529 -0.020161
441 -0.012902 -0.0174051
442 -0.0190448 -0.0317424
443 -0.0273167 -0.0245583
444 -0.0398302 -0.0321368
445 -0.0393626 -0.0341105
446 -0.0360996 -0.0343722
447 -0.0306386 -0.0212179
448 -0.0344907 -0.017922
449 -0.0164096 -0.00688531
450 -0.0225897 0.0192468
451 -0.0241161 0.0193759
452 -0.0165172 0.0372625
453 -0.0257492 0.0453578
454 -0.0252833 0.045632
455 -0.0242821 0.0409859
456 -0.0134514 0.0398086
457 -0.0158408 0.0345926
458 0.00380773 0.0162274
459 0.0202733 0.0251432
460 0.0221168 0.01457
461 0.0442427 0.0111845
462 0.0478054 0.018077
463 0.0495986 0.0162192
464 0.0450012 0.0140499
465 0.0456962 0.00794018
466 0.0323566 0.0108551
467 0.0182935 -0.0123768
468 0.0241763 -0.0194112
469 0.0063592 -0.0262337
470 0.00709612 -0.0478267
471 0.0100653 -0.0487395
472 0.00777557 -0.0518705
473 0.0050787 -0.0479738
474 0.00340012 -0.0484395
475 0.00459157 -0.0301137
476 -0.018116 -0.0204787
477 -0.0188049 -0.0212355
478 -0.0300675 -0.000341756
479 -0.0491112 -0.00332971
480 -0.0490065 -0.00276695
481 -0.0529522 -0.000485212
482 -0.0497659 0.00222776
483 -0.0492314 0.000821942
484 -0.0285598 0.00124753
485 -0.0216659 0.0218435
486 -0.0180829 0.0190201
487 0.00386169 0.0327239
488 0.000271634 0.0493857
489 0.00314892 0.0489961
490 0.00539674 0.0532907
491 0.00791978 0.0505284
492 0.00480053 0.0492428
493 0.00568258 0.0276821
494 0.0244961 0.0216562
495 0.0199569 0.0158273
496 0.0340188 -0.00676845
497 0.0495518 -0.00356512
498 0.0489712 -0.0073872
499 0.0532841 -0.00977513
500 0.0505703 -0.0121049
501 0.0492258 -0.00845378
502 0.0274863 -0.00835507
503 0.0205819 -0.0265473
504 0.0149244 -0.0215678
505 -0.00854043 -0.0340601
506 -0.0064749 -0.0500378
507 -0.0098778 -0.0492306
508 -0.0126145 -0.0532722
509 -0.0147666 -0.050209
510 -0.0117858 -0.0494525
511 -0.00931439 -0.0282874
512 -0.0278613 -0.0185884
513 -0.0241115 -0.0152827
514 -0.0330639 0.00884447
515 -0.0507949 0.0090709
516 -0.0501369 0.0107105
517 -0.0535348 0.013885
518 -0.0497568 0.0157046
519 -0.049689 0.0148316
520 -0.0306673 0.00905631
521 -0.0159854 0.0276711
522 -0.0161607 0.0279708
523 0.00691355 0.0315613
524 0.011339 0.0512414
525 0.0102012 0.0520158
526 0.0135676 0.0542991
527 0.0145958 0.049656
528 0.0172834 0.0492196
529 0.00875852 0.0350212
530 0.0248458 0.0138373
531 0.0329371 0.0160599
532 0.0308621 -0.00203245
533 0.0503854 -0.0126296
534 0.0548352 -0.0089603
535 0.0557035 -0.0117205
536 0.0506235 -0.0113087
537 0.0472892 -0.0179157
538 0.0405311 -0.0101496
539 0.014513 -0.0190013
540 0.0134086 -0.0370545
541 0.00520579 -0.0330823
542 -0.0111131 -0.04766
543 -0.00759276 -0.0576908
544 -0.00853999 -0.0576387
545 -0.0064942 -0.0533839
546 -0.0145379 -0.0443681
547 -0.0139663 -0.04417
548 -0.0125018 -0.0207128
549 -0.0363598 -0.00892044
550 -0.0393546 -0.0115164
551 -0.0445778 0.00447152
552 -0.0587291 0.00565604
553 -0.0594884 0.0042104
554 -0.0575099 0.00179424
555 -0.0434403 0.00590551
556 -0.0421227 0.0169792
557 -0.0314424 0.0108355
558 -0.00813842 0.0283438
559 -0.0124577 0.0460692
560 -0.00684637 0.0451224
561 0.000681339 0.0567583
562 -0.00160029 0.0601759
563 -0.00178959 0.0601415
564 -0.00462459 0.0480221
565 0.0119378 0.0356824
566 0.0164913 0.0382839
567 0.0186898 0.0177755
568 0.0446338 0.00956898
569 0.0508357 0.0166347
570 0.0539942 0.00984662
571 0.0590858 0.00994706
572 0.0578428 0.0069818
573 0.0550532 0.0099385
574 0.0349509 0.00287505
575 0.0331328 -0.0194109
576 0.0327477 -0.0191997
577 0.0145576 -0.0329747
578 0.0192942 -0.0535574
579 0.0230195 -0.0542996
580 0.0211262 -0.0569495
581 0.0185693 -0.0525432
582 0.0109392 -0.053311
583 0.0137537 -0.0449883
584 -0.00591183 -0.0265437
585 -0.0263021 -0.0349074
586 -0.0261939 -0.0321905
587 -0.0435508 -0.0233786
588 -0.054103 -0.0317413
589 -0.0538461 -0.0327985
590 -0.0505188 -0.0334531
591 -0.0419156 -0.0215989
592 -0.0475474 -0.0114961
593 -0.0368636 -0.0107127
594 -0.0267065 0.0160237
595 -0.0414816 0.0312432
596 -0.0402318 0.0316748
597 -0.0389246 0.0439102
598 -0.0430267 0.0464045
599 -0.0418004 0.0472144
600 -0.0405627 0.0385579
601 -0.0190262 0.0318822
602 -0.00764013 0.04425
603 -0.00470129 0.0369407
604 0.0209677 0.0353203
605 0.0303716 0.0521602
606 0.0294766 0.053429
607 0.0331403 0.0540438
608 0.0317323 0.0491975
609 0.0369177 0.0445321
610 0.0283684 0.0410448
611 0.0266351 0.0141917
612 0.0465712 0.00285274
613 0.0461445 0.00256082
614 0.0487648 -0.0153179
615 0.0622899 -0.0196495
616 0.0636572 -0.0182291
617 0.0628067 -0.0158783
618 0.0483464 -0.0142654
619 0.039427 -0.0281729
620 0.0382743 -0.0262518
621 0.0138487 -0.0281949
622 0.00401336 -0.0526355
623 0.00928847 -0.0585862
624 0.00200409 -0.0605353
625 0.000980679 -0.0654985
626 -0.0019335 -0.0631941
627 -0.000853517 -0.0626922
628 -0.000245902 -0.0440413
629 -0.0234883 -0.03131
630 -0.0326684 -0.0375927
631 -0.0343902 -0.0243942
632 -0.0553071 -0.0169555
633 -0.0634728 -0.0246666
634 -0.0634985 -0.0245785
635 -0.0595583 -0.0253394
636 -0.0506592 -0.0140138
637 -0.0549696 -0.00458163
638 -0.044138 -0.00510699
639 -0.0299452 0.0193097
640 -0.0422996 0.0387883
641 -0.0447344 0.0385803
642 -0.040796 0.0480077
643 -0.0440593 0.0519363
644 -0.0411062 0.0525666
645 -0.042051 0.0491995
646 -0.0273754 0.0352963
647 -0.00326433 0.0434644
648 -0.00188124 0.0520284
649 0.00997693 0.0430541
650 0.0302671 0.0524643
651 0.0308799 0.0635108
652 0.0309351 0.0634772
653 0.0275569 0.0614838
654 0.0281464 0.0469391
655 0.0388188 0.0417432
656 0.0321083 0.0369205
657 0.0355455 0.0101299
658 0.0589363 0.00108615
659 0.0636769 0.00511446
660 0.065308 -0.00269763
661 0.0701564 -0.00416379
662 0.0673576 -0.00691402
663 0.0674615 -0.00728199
664 0.0513715 -0.00356025
665 0.0329459 -0.0241171
666 0.0387136 -0.0406562
667 0.033132 -0.0396985
668 0.0208891 -0.0549507
669 0.0261854 -0.0679483
670 0.0282599 -0.0682017
671 0.0294811 -0.0665302
672 0.0236516 -0.053796
673 0.00401809 -0.0521788
674 0.000534701 -0.0573289
675 -0.00695056 -0.0423189
676 -0.0343893 -0.0408926
677 -0.0437587 -0.0555917
678 -0.0433875 -0.0562931
679 -0.046959 -0.056183
680 -0.0442829 -0.0518124
681 -0.048987 -0.0432378
682 -0.0468026 -0.043279
683 -0.0354751 -0.0244049
684 -0.0496341 0.0010533
685 -0.0650712 0.00130273
686 -0.0624678 0.00563691
687 -0.0686167 0.0167833
688 -0.0735415 0.0168952
689 -0.0723076 0.0189052
690 -0.0700361 0.0146604
691 -0.0494872 0.0138671
692 -0.0355723 0.0355974
693 -0.0406229 0.0455594
694 -0.0294122 0.0448428
695 -0.0174507 0.0624045
696 -0.0230863 0.0744467
697 -0.0246916 0.0746054
698 -0.0260956 0.0727028
699 -0.0206328 0.0596639
700 -0.000991767 0.0568436
701 0.00375445 0.0626765
702 0.00872892 0.0488898
703 0.0350483 0.0436569
704 0.0482112 0.0580766
705 0.0471746 0.0615985
706 0.04971 0.0609254
707 0.0461195 0.0574818
708 0.048849 0.0450801
709 0.0541544 0.0432492
710 0.0432835 0.0343051
711 0.0471962 0.00599904
712 0.0692515 -0.00371347
713 0.0742736 -0.000257542
714 0.0746186 -0.00738419
715 0.0789162 -0.0097715
716 0.0749385 -0.011982
717 0.0747061 -0.016591
718 0.0665736 -0.0109182
719 0.0425398 -0.0211342
720 0.0382645 -0.0478034
721 0.0461102 -0.0546976
722 0.0380605 -0.0570715
723 0.034376 -0.0700108
724 0.0376046 -0.0736323
725 0.0352807 -0.0740114
726 0.0369096 -0.0702203
727 0.0259321 -0.0540493
728 -0.00114953 -0.0547713
729 -0.00967579 -0.0688611
730 -0.011654 -0.064814
731 -0.029483 -0.0626926
732 -0.0388873 -0.0740263
733 -0.0378678 -0.0772892
734 -0.0377721 -0.077316
735 -0.0300648 -0.0705616
736 -0.0332422 -0.0481607
737 -0.0527869 -0.0389847
738 -0.0564956 -0.0412631
739 -0.0560107 -0.0257446
740 -0.0740038 -0.013048
741 -0.0861226 -0.017775
742 -0.0864843 -0.0194419
743 -0.0851044 -0.0208636
744 -0.0719525 -0.0184348
745 -0.0633591 0.00153431
746 -0.0712943 0.0137988
747 -0.0661359 0.0137108
748 -0.0536439 0.0316028
749 -0.0617832 0.0527345
750 -0.0720438 0.055106
751 -0.0723054 0.0548634
752 -0.071838 0.0517827
753 -0.0587595 0.0455014
754 -0.0416769 0.0553635
755 -0.0409657 0.0645716
756 -0.0324999 0.0577407
757 -0.00885878 0.0647659
758 -0.00200593 0.085771
759 -0.00729769 0.0927314
760 -0.00690373 0.0927485
761 -0.00884538 0.0896811
762 -0.00313088 0.0760698
763 0.0149047 0.0721749
764 0.0199053 0.0768029
765 0.0216405 0.0639444
766 0.0442095 0.0522046
767 0.063604 0.0622065
768 0.0647653 0.0704423
769 0.0651322 0.0700953
770 0.061542 0.0693876
771 0.0554527 0.0559421
772 0.0648291 0.0397332
773 0.0725361 0.0389764
774 0.0648278 0.0302134
775 0.0703257 0.00614227
776 0.0908029 -0.00255116
777 0.0988562 0.00229859
778 0.0988593 0.00233395
779 0.0964429 0.00443727
780 0.0823427 0.00123171
781 0.0742265 -0.0175076
782 0.0802616 -0.0278422
783 0.0735919 -0.027131
784 0.058852 -0.0432004
785 0.0631696 -0.0655039
786 0.0736975 -0.0705552
787 0.0747858 -0.0699837
788 0.0751175 -0.0678954
789 0.0659774 -0.0584855
790 0.0437841 -0.0613231
791 0.0345202 -0.0775855
792 0.0354415 -0.0797241
793 0.0206651 -0.0760953
794 0.0040152 -0.0895906
795 0.00445236 -0.103696
796 0.00684147 -0.105403
797 0.00705276 -0.105339
798 0.010351 -0.096482
799 -0.00137441 -0.0777348
800 -0.0268269 -0.0752383
801 -0.0369059 -0.0859325
802 -0.0374364 -0.0825523
803 -0.0511786 -0.0749553
804 -0.0646277 -0.0807017
805 -0.06581 -0.0851543
806 -0.0672202 -0.0832859
807 -0.0648379 -0.0833323
808 -0.0545726 -0.0708136
809 -0.0604655 -0.0438621
810 -0.0841483 -0.0322811
811 -0.0954881 -0.0376829
812 -0.0946827 -0.0342157
813 -0.101151 -0.0260246
814 -0.106233 -0.0259883
815 -0.103296 -0.0223864
816 -0.104783 -0.0153538
817 -0.102554 -0.0164898
818 -0.0856622 -0.00897639
819 -0.0781258 0.0189122
820 -0.0932792 0.040003
821 -0.105856 0.0407866
822 -0.105655 0.0410033
823 -0.106058 0.0439945
824 -0.101929 0.0414313
825 -0.0883162 0.0460073
826 -0.0829643 0.0598868
827 -0.0845159 0.062667
828 -0.0709809 0.0601179
829 -0.0519921 0.0757273
830 -0.0517651 0.0983839
831 -0.0604687 0.105858
832 -0.0619399 0.10562
833 -0.0627123 0.104337
834 -0.0590569 0.0934836
835 -0.0380347 0.0850754
836 -0.0160303 0.0966299
837 -0.0127573 0.110946
838 -0.0117372 0.109565
839 0.00178659 0.10855
840 0.0116535 0.118371
841 0.0113062 0.123405
842 0.0142219 0.121203
843 0.017357 0.121861
844 0.0135302 0.115052
845 0.0208867 0.094156
846 0.0483554 0.08308
847 0.0706503 0.094243
848 0.0736807 0.105605
849 0.0738074 0.105413
850 0.0765715 0.105012
851 0.0729975 0.102019
852 0.0724964 0.0872346
853 0.0855046 0.0747094
854 0.0954954 0.0754114
855 0.0922072 0.0712232
856 0.095303 0.0529558
857 0.113604 0.0411992
858 0.127588 0.0449084
859 0.129303 0.0481799
860 0.129751 0.0469309
861 0.126031 0.0485084
862 0.111004 0.0417471
863 0.102292 0.0159571
864 0.115816 -0.00910412
865 0.134224 -0.0139414
866 0.138506 -0.0112548
867 0.137657 -0.0155602
868 0.139851 -0.0186385
869 0.134867 -0.0179403
870 0.123677 -0.0268325
871 0.122242 -0.0426807
872 0.126958 -0.0480904
873 0.119562 -0.0477337
874 0.105532 -0.0609544
875 0.105252 -0.0827214
876 0.115599 -0.093022
877 0.119549 -0.0929604
878 0.118267 -0.0943142
879 0.118195 -0.0923929
880 0.108328 -0.0833809
881 0.0831655 -0.0846819
882 0.0633281 -0.106888
883 0.0647562 -0.131009
884 0.0737346 -0.138966
885 0.0747435 -0.138906
886 0.0733531 -0.140465
887 0.0731403 -0.136427
888 0.0623319 -0.12658
889 0.040409 -0.127425
890 0.0264149 -0.142248
891 0.0265862 -0.152259
892 0.024054 -0.149745
893 0.011239 -0.149595
894 0.0017717 -0.158528
895 0.00152301 -0.163695
896 -0.00158816 -0.160122
897 -0.0111131 -0.159243
898 -0.015368 -0.162604
899 -0.014513 -0.156689
900 -0.0251334 -0.141595
901 -0.049812 -0.136519
902 -0.069295 -0.148464
903 -0.072896 -0.161477
904 -0.0713786 -0.164399
905 -0.0725759 -0.163969
906 -0.069978 -0.162871
907 -0.0644181 -0.150683
908 -0.071946 -0.127412
909 -0.0977759 -0.112653
910 -0.123512 -0.118345
911 -0.132981 -0.131653
912 -0.132363 -0.137039
913 -0.132556 -0.136868
914 -0.130214 -0.136862
915 -0.121593 -0.129167
916 -0.119003 -0.107285
917 -0.134787 -0.0844227
918 -0.159482 -0.0782057
919 -0.173905 -0.0855523
920 -0.175699 -0.08999
921 -0.176614 -0.0873116
922 -0.179102 -0.0858527
923 -0.174846 -0.0850847
924 -0.165562 -0.0737349
925 -0.165984 -0.0513126
926 -0.181395 -0.0337744
927 -0.197984 -0.0312668
928 -0.203054 -0.0343577
929 -0.201825 -0.0307472
930 -0.204589 -0.0235087
931 -0.208181 -0.0214728
932 -0.203266 -0.0206163
933 -0.193537 -0.00935724
934 -0.192934 0.0111652
935 -0.204522 0.0263624
936 -0.215481 0.0290557
937 -0.216214 0.0287154
938 -0.212934 0.0352934
939 -0.214876 0.0444828
940 -0.218295 0.047329
941 -0.213203 0.0471836
942 -0.201297 0.055948
943 -0.195793 0.0753957
944 -0.20288 0.0930337
945 -0.213098 0.0990696
946 -0.215222 0.0988158
947 -0.211107 0.102795
948 -0.209844 0.11087
949 -0.211756 0.114464
950 -0.207343 0.112384
951 -0.192687 0.115327
952 -0.177876 0.131644
953 -0.175442 0.154911
954 -0.18484 0.171114
955 -0.194211 0.175281
956 -0.195863 0.174936
957 -0.193624 0.177366
958 -0.1933 0.179908
959 -0.191544 0.176599
960 -0.179718 0.170569
961 -0.157443 0.173634
962 -0.136771 0.192576
963 -0.130449 0.219912
964 -0.138706 0.241134
965 -0.150503 0.249286
966 -0.156491 0.249365
967 -0.157149 0.248938
968 -0.157366 0.248439
969 -0.156482 0.243281
970 -0.147612 0.233703
971 -0.127133 0.228471
972 -0.101927 0.236817
973 -0.0846503 0.257963
974 -0.0818365 0.280736
975 -0.0880081 0.294011
976 -0.091948 0.296601
977 -0.0878234 0.296471
978 -0.079398 0.301229
979 -0.0740449 0.310682
980 -0.0742192 0.318693
981 -0.0756207 0.320957
982 -0.0729978 0.319563
983 -0.0663207 0.319794
984 -0.0604354 0.323428
985 -0.0588958 0.326218
986 -0.0588796 0.322367
987 -0.0527468 0.311338
988 -0.0349413 0.300041
989 -0.00771902 0.298053
990 0.0195968 0.310056
991 0.0372028 0.332023
992 0.0416995 0.354162
993 0.037913 0.367908
994 0.0347649 0.371413
995 0.0388614 0.369765
996 0.0505819 0.370559
997 0.0648907 0.378583
998 0.0754543 0.393285
999 0.0787403 0.410076
1000 0.075532 0.423803
1001 0.0695455 0.431752
1002 0.0647166 0.434494
1003 0.0630994 0.434679
1004 0.0644023 0.435056
1005 0.0669186 0.437051
1006 0.0688936 0.44052
1007 0.0694417 0.444401
1008 0.0686855 0.447607
1009 0.0673266 0.449598
1010 0.0660884 0.450461
1011 0.0653651 0.450645
1012 0.0651725 0.450625
1013 0.0653004 0.450688
1014 0.0655061 0.450906
1015 0.0656366 0.451208
1016 0.065653 0.451495
1017 0.0655916 0.4517
1018 0.0655084 0.451812
1019 0.0654435 0.451855
1020 0.06541 0.451863
1021 0.065402 0.451862
1022 0.0654068 0.451864
1023 0.0654137 0.451871
1024 0.0654178 0.45188
1025 0.0654183 0.451888
1026 0.0654168 0.451894
1027 0.0654149 0.451896
1028 0.0654135 0.451897
1029 0.0654129 0.451897
1030 0.0654127 0.451897
1031 0.0654128 0.451897
1032 0.0654129 0.451897
1033 0.065413 0.451898
1034 0.065413 0.451898
1035 0.065413 0.451898
1036 0.0654129 0.451898
1037 0.0654129 0.451898
1038 0.0654129 0.451898
1039 0.0654129 0.451898
1040 0.0654129 0.451898
1041 0.0654129 0.451898
1042 0.0654129 0.451898
1043 0.0654129 0.451898
1044 0.0654129 0.451898
1045 0.0654129 0.451898
1046 0.0654129 0.451898
1047 0.0654129 0.451898
1048 0.0654129 0.451898
1049 0.0654129 0.451898
1050 0.0654129 0.451898
1051 0.0654129 0.451898
1052 0.0654129 0.451898
1053 0.0654129 0.451898
1054 0.0654129 0.451898
1055 0.0654129 0.451898
1056 0.0654129 0.451898
1057 0.0654129 0.451898
1058 0.0654129 0.451898
1059 0.0654129 0.451898
1060 0.0654129 0.451898
1061 0.0654129 0.451898
1062 0.0654129 0.451898
1063 0.0654129 0.451898
1064 0.0654129 0.451898
1065 0.0654129 0.451898
1066 0.0654129 0.451898
1067 0.0654129 0.451898
1068 0.0654129 0.451898
1069 0.0654129 0.451898
1070 0.0654129 0.451898
1071 0.0654129 0.451898
1072 0.0654129 0.451898
1073 0.0654129 0.451898
1074 0.0654129 0.451898
1075 0.0654129 0.451898
1076 0.0654129 0.451898
1077 0.0654129 0.451898
1078 0.0654129 0.451898
1079 0.0654129 0.451898
1080 0.0654129 0.451898
1081 0.0654129 0.451898
1082 0.0654129 0.451898
1083 0.0654129 0.451898
1084 0.0654129 0.451898
1085 0.0654129 0.451898
1086 0.0654129 0.451898
1087 0.0654129 0.451898
1088 0.0654129 0.451898
1089 0.0654129 0.451898
1090 0.0654129 0.451898
1091 0.0654129 0.451898
1092 0.0654129 0.451898
1093 0.0654129 0.451898
1094 0.0654129 0.451898
1095 0.0654129 0.451898
1096 0.0654129 0.451898
1097 0.0654129 0.451898
1098 0.0654129 0.451898
1099 0.0654129 0.451898
1100 0.0654129 0.451898
