0 -0.00563 0.0100722
1 0.0722701 0.0532754
2 0.0604322 0.0751328
3 0.138561 0.115777
4 0.125281 0.142827
5 0.203243 0.178238
6 0.188549 0.21402
7 0.264685 0.241491
8 0.250094 0.289299
9 0.320902 0.306586
10 0.309862 0.368671
11 0.369742 0.37503
12 0.367539 0.451235
13 0.409341 0.448945
14 0.421927 0.535055
15 0.438878 0.530866
16 0.470145 0.61754
17 0.459351 0.622846
18 0.507121 0.696646
19 0.473719 0.724714
20 0.526255 0.772759
21 0.485442 0.832071
22 0.522082 0.850121
23 0.495038 0.935754
24 0.494537 0.93568
25 0.496203 1.02502
26 0.451898 1.0336
27 0.475723 1.09483
28 0.407481 1.13741
29 0.421503 1.15241
30 0.36813 1.22747
31 0.336302 1.21363
32 0.322687 1.28264
33 0.243182 1.28484
34 0.247686 1.30195
35 0.167337 1.34525
36 0.136274 1.31114
37 0.104583 1.35944
38 0.020493 1.33143
39 0.0210257 1.32177
40 -0.057778 1.3393
41 -0.0933245 1.27431
42 -0.10724 1.28834
43 -0.187151 1.24629
44 -0.176807 1.18942
45 -0.215582 1.19458
46 -0.256068 1.11128
47 -0.223328 1.07886
48 -0.267287 1.05738
49 -0.257062 0.965306
50 -0.216398 0.955292
51 -0.244884 0.913799
52 -0.192435 0.837256
53 -0.147411 0.847513
54 -0.154372 0.804691
55 -0.0757099 0.755943
56 -0.0280085 0.789552
57 -0.0226191 0.763355
58 0.0635846 0.744371
59 0.108958 0.804643
60 0.108438 0.805623
61 0.181841 0.808662
62 0.218209 0.891333
63 0.193551 0.921134
64 0.233544 0.929936
65 0.257455 1.01715
66 0.202143 1.06989
67 0.191788 1.06662
68 0.204426 1.12639
69 0.135043 1.18879
70 0.0705196 1.16855
71 0.0700586 1.16667
72 0.0253259 1.21244
73 -0.0660705 1.19321
74 -0.0922433 1.12584
75 -0.0841196 1.11424
76 -0.134165 1.11374
77 -0.184807 1.04015
78 -0.155488 0.958071
79 -0.110521 0.944438
80 -0.120203 0.937435
81 -0.122618 0.872564
82 -0.0528904 0.812131
83 0.0320174 0.826347
84 0.0582517 0.870186
85 0.0579901 0.870998
86 0.101919 0.851187
87 0.177914 0.882959
88 0.212133 0.970753
89 0.178602 1.047
90 0.128007 1.06771
91 0.1126 1.06189
92 0.123154 1.08214
93 0.11039 1.13708
94 0.0469467 1.18587
95 -0.0454077 1.18513
96 -0.120568 1.12833
97 -0.147427 1.04467
98 -0.126756 0.971341
99 -0.080991 0.929589
100 -0.0346243 0.919553
101 -0.0017268 0.929114
102 0.0153449 0.944993
103 0.0209186 0.958842
104 0.0206245 0.967814
105 0.018513 0.972421
106 0.0165597 0.974264
107 0.0153145 0.974761
108 0.0146824 0.974765
109 0.0144187 0.974663
110 0.0143302 0.974582
111 0.0143089 0.974538
112 0.0143076 0.974519
113 0.0143099 0.974512
114 0.0143115 0.97451
115 0.0143123 0.974509
116 0.0143126 0.974509
117 0.0143127 0.974509
118 0.0143127 0.974509
119 0.0143127 0.974509
120 0.0143127 0.974509
