0 -0.00563 0.0100722
1 -0.04458 -0.0115294
2 -0.0386611 -0.0224581
3 0.0394672 0.0181865
4 0.046107 0.00466145
5 0.00712619 -0.0130439
6 -0.0075676 0.0227375
7 -0.0456356 0.00900174
8 -0.0383402 -0.0149021
9 0.0324682 0.00238515
10 0.0379884 -0.0286571
11 0.00804839 -0.0318369
12 0.00584527 0.0443682
13 -0.0150559 0.0455135
14 -0.0213488 0.00245818
15 -0.00439807 -0.00173103
16 -0.0200316 -0.0450679
17 -0.0146348 -0.0477212
18 0.0331351 0.0260787
19 0.0498362 0.0120452
20 0.0235679 -0.0119774
21 -0.0172457 0.0473346
22 -0.0355655 0.0383092
23 -0.0220438 -0.00450722
24 -0.0225451 -0.00458149
25 -0.023378 -0.0492509
26 -0.00122586 -0.0535428
27 0.0225987 0.00767972
28 0.0567196 -0.0136123
29 0.0497085 -0.0211121
30 -0.00366472 0.0539488
31 0.0122496 0.0608664
32 0.0190568 0.0263638
33 -0.0604484 0.0285627
34 -0.0627003 0.0200056
35 -0.0225261 -0.00164491
36 -0.0535898 -0.0357632
37 -0.0377445 -0.0599172
38 0.00430047 -0.0459118
39 0.00483312 -0.0555766
40 0.044235 -0.0643433
41 0.0620082 -0.0318455
42 0.0480927 -0.0178127
43 0.0880484 0.00321366
44 0.0828762 0.0316479
45 0.044101 0.0368088
46 0.064344 0.07846
47 0.0479738 0.094666
48 0.00401453 0.0731854
49 -0.00109767 0.119224
50 -0.0214299 0.124231
51 -0.0499162 0.0827371
52 -0.0761409 0.121009
53 -0.0986527 0.11588
54 -0.105614 0.0730582
55 -0.144945 0.0974326
56 -0.168796 0.0806281
57 -0.163407 0.0544311
58 -0.206508 0.0639232
59 -0.229195 0.033787
60 -0.229715 0.0347669
61 -0.266417 0.0332473
62 -0.284601 -0.00808832
63 -0.309258 0.021713
64 -0.329254 0.0173125
65 -0.34121 -0.0262971
66 -0.396522 0.0264339
67 -0.391344 0.0280667
68 -0.397663 -0.00181782
69 -0.467046 0.0605793
70 -0.434785 0.0706981
71 -0.434554 0.0716358
72 -0.479287 0.1174
73 -0.433589 0.127012
74 -0.420502 0.160697
75 -0.412379 0.149098
76 -0.387356 0.149351
77 -0.362035 0.186147
78 -0.332715 0.104072
79 -0.355199 0.110888
80 -0.350358 0.114389
81 -0.352773 0.0495182
82 -0.387637 0.0797348
83 -0.430091 0.072627
84 -0.403857 0.116467
85 -0.403726 0.116061
86 -0.42569 0.125966
87 -0.349696 0.157737
88 -0.366806 0.11384
89 -0.35004 0.0757167
90 -0.400636 0.0964231
91 -0.392933 0.0993296
92 -0.39821 0.0892046
93 -0.410975 0.144137
94 -0.379253 0.11974
95 -0.333076 0.120112
96 -0.408237 0.0633132
97 -0.394807 0.105143
98 -0.405143 0.141806
99 -0.359378 0.100053
100 -0.382561 0.105072
101 -0.39901 0.100291
102 -0.381938 0.11617
103 -0.384725 0.109245
104 -0.384578 0.104759
105 -0.38669 0.109365
106 -0.385713 0.108443
107 -0.38509 0.108195
108 -0.385722 0.108198
109 -0.385591 0.108249
110 -0.385546 0.10829
111 -0.385568 0.108246
112 -0.385567 0.108255
113 -0.385568 0.108259
114 -0.385566 0.108257
115 -0.385567 0.108257
116 -0.385567 0.108257
117 -0.385567 0.108257
118 -0.385567 0.108257
119 -0.385567 0.108257
120 -0.385567 0.108257
