0 -0.00563 0.0100722
1 0.0540449 0.0431678
2 0.0519893 0.0469633
3 0.0129251 0.026641
4 0.0254038 0.00122232
5 -0.0478562 -0.0320529
6 -0.0405093 -0.0499436
7 -0.0272884 -0.0451733
8 -0.0384656 -0.00855045
9 0.0323427 0.00873679
10 0.0238852 0.0562963
11 0.0342833 0.0574007
12 0.0353848 0.0192981
13 -0.00389652 0.0214505
14 -0.0157234 -0.0594669
15 -0.0241988 -0.0573723
16 -0.0187693 -0.0423216
17 -0.0270377 -0.0382565
18 0.0207321 0.0355435
19 -0.00485541 0.0570441
20 0.00426748 0.065387
21 0.0246743 0.0357311
22 -0.00975574 0.018769
23 0.0156568 -0.0616996
24 0.0159074 -0.0616625
25 0.0161967 -0.046149
26 -0.0177424 -0.0395734
27 0.00608213 0.0216491
28 -0.0461942 0.0542705
29 -0.0437592 0.0568751
30 -0.0170726 0.0193446
31 0.0128366 0.0323454
32 0.02563 -0.0324982
33 0.0653826 -0.0335976
34 0.0661647 -0.0306257
35 0.00461414 0.00254472
36 -0.0264496 -0.0315736
37 -0.050726 0.00543258
38 -0.065328 0.000568524
39 -0.0655943 0.00540093
40 0.00845691 -0.0110752
41 0.0418597 0.0500008
42 0.0488174 0.0429844
43 0.0349409 0.035682
44 0.0428652 -0.00788183
45 0.00409009 -0.002721
46 -0.026924 -0.0665343
47 -0.0212386 -0.0721626
48 0.000740991 -0.0614223
49 -0.0088668 0.0251019
50 -0.0470789 0.0345112
51 -0.0328358 0.055258
52 -0.023728 0.0419664
53 0.0107621 0.0498239
54 0.00380079 0.00700218
55 0.0640598 -0.0303415
56 0.0723431 -0.0245054
57 0.0696484 -0.0114069
58 -0.0113566 0.0064324
59 -0.053994 -0.0502051
60 -0.0537339 -0.050695
61 -0.0409877 -0.0501673
62 -0.0131281 0.0131626
63 -0.0377853 0.0429639
64 -0.00714952 0.0497059
65 -0.00299731 0.0648514
66 0.0246588 0.0384859
67 0.0343899 0.0415545
68 0.0225139 -0.01461
69 0.0572054 -0.0458086
70 0.0460011 -0.0493228
71 0.0456479 -0.0507595
72 0.000915184 -0.00499568
73 -0.0690985 -0.0197221
74 -0.0736434 -0.0314208
75 -0.0777052 -0.0256215
76 -0.0306775 -0.025147
77 0.0169101 0.0440078
78 0.00225036 0.0850456
79 0.0100588 0.0826783
80 0.00264206 0.077314
81 0.000226794 0.012443
82 0.0536412 -0.0338514
83 0.0683853 -0.031383
84 0.0552681 -0.0533028
85 0.0555139 -0.0540658
86 0.014234 -0.0354497
87 -0.0237632 -0.0513353
88 -0.017821 -0.03609
89 -0.0435071 0.0223185
90 -0.094103 0.0430249
91 -0.105905 0.0385718
92 -0.104072 0.0420882
93 -0.09769 0.014622
94 -0.0380731 -0.0312294
95 0.0487117 -0.0305299
96 0.086292 -0.00213035
97 0.0816281 -0.0166575
98 0.0974628 -0.0728289
99 0.143228 -0.114581
100 0.178747 -0.122269
101 0.184459 -0.120609
102 0.175923 -0.128549
103 0.170686 -0.141562
104 0.170962 -0.149994
105 0.172018 -0.152297
106 0.171679 -0.151976
107 0.170725 -0.151596
108 0.170093 -0.151592
109 0.169891 -0.15167
110 0.169875 -0.151684
111 0.169886 -0.151662
112 0.169887 -0.151645
113 0.169885 -0.151638
114 0.169884 -0.151637
115 0.169884 -0.151637
116 0.169885 -0.151637
117 0.169885 -0.151637
118 0.169885 -0.151637
119 0.169885 -0.151637
120 0.169885 -0.151637
