0 0.0569007 0.130176
1 0.0222522 0.146708
2 0.0485003 0.190004
3 0.0235087 0.21161
4 -0.16333 0.0783389
5 -0.235478 0.305806
6 -0.227926 0.305165
7 -0.247988 0.273353
8 -0.343645 0.479557
9 -0.104802 0.419369
10 -0.20422 0.361955
11 -0.199528 0.373082
12 -0.201307 0.385195
13 -0.197676 0.380262
14 -0.19881 0.380813
15 -0.198699 0.38082
16 -0.198694 0.380822
17 -0.198696 0.38082
18 -0.198696 0.38082
19 -0.198696 0.38082
20 -0.198696 0.38082
21 -0.198696 0.38082
22 -0.198696 0.38082
23 -0.198696 0.38082
24 -0.198696 0.38082
25 -0.198696 0.38082
26 -0.198696 0.38082
27 -0.198696 0.38082
28 -0.198696 0.38082
29 -0.198696 0.38082
30 -0.198696 0.38082
31 -0.198696 0.38082
32 -0.198696 0.38082
33 -0.198696 0.38082
34 -0.198696 0.38082
35 -0.198696 0.38082
36 -0.198696 0.38082
37 -0.198696 0.38082
38 -0.198696 0.38082
39 -0.198696 0.38082
40 -0.198696 0.38082
41 -0.198696 0.38082
42 -0.198696 0.38082
43 -0.198696 0.38082
44 -0.198696 0.38082
45 -0.198696 0.38082
46 -0.198696 0.38082
47 -0.198696 0.38082
48 -0.198696 0.38082
49 -0.198696 0.38082
50 -0.198696 0.38082
