0 0.00525968 -0.013309
1 0.00136946 -0.0148449
2 0.00318927 -0.0194677
3 0.00578436 -0.0184511
4 -0.0039519 0.006575
5 0.00113583 0.0085368
6 -0.00394548 0.02186
7 -0.00494414 0.0214841
8 0.00262707 0.0010619
9 -0.00357412 -0.00119721
10 0.00372081 -0.0216229
11 0.00254603 -0.0220332
12 -0.00199389 -0.00870764
13 0.00500079 -0.00638949
14 -0.00303736 0.0186159
15 0.00108044 0.0198958
16 0.00246021 0.0152893
17 -0.00454132 0.0132758
18 0.00271529 -0.013113
19 -0.00506258 -0.015149
20 -0.00393566 -0.0196945
21 0.00169978 -0.0183788
22 -0.00360986 0.00593349
23 0.00812217 0.00831187
24 0.00574876 0.0210404
25 0.00335506 0.0206345
26 0.00625866 0.00155263
27 -0.00889712 -0.000480274
28 -0.00675495 -0.0190254
29 -0.00963389 -0.0193026
30 -0.0105262 -0.00763507
31 0.00641768 -0.00668541
32 0.00568529 0.0142409
33 0.015427 0.0143706
34 0.0153941 0.0107248
35 -0.000617433 0.0112379
36 -0.00170494 -0.00826365
37 -0.0187467 -0.00689655
38 -0.0190723 -0.00998421
39 -0.00733531 -0.0115274
40 -0.00497859 0.0033526
41 0.0180777 -0.000940363
42 0.0195475 0.00589608
43 0.0151399 0.00697518
44 0.0127492 -0.0016926
45 -0.0132105 0.0063037
46 -0.0155114 -0.000432531
47 -0.0200644 0.0012821
48 -0.018793 0.00435896
49 0.0057474 -0.00672409
50 0.00734452 -0.00347789
51 0.0201492 -0.0103228
52 0.0200719 -0.0104562
53 0.00116909 0.00140259
54 0.00240388 0.00322314
55 -0.0154485 0.0163037
56 -0.0148691 0.017036
57 -0.00411616 0.00784831
58 -0.0095989 0.00190877
59 0.00854988 -0.016206
60 0.00421155 -0.0202204
61 0.00129631 -0.016803
62 0.0103228 -0.00972156
63 -0.00369632 0.00976989
64 0.00782933 0.0173401
65 0.00589775 0.0205763
66 -0.00326625 0.0156365
67 0.00448127 -0.000401518
68 -0.0156943 -0.00904991
69 -0.012921 -0.0164345
70 -0.00870208 -0.0150698
71 -0.0111572 -0.00605183
72 0.0154632 -0.000152717
73 0.014393 0.00609419
74 0.0193012 0.0066891
75 0.019445 0.00466457
76 -0.0078749 0.0041049
77 -0.00786453 0.00444389
78 -0.0223262 0.00563723
79 -0.0224403 0.00479611
80 -0.00118208 0.000755718
81 -0.00343256 -0.0083783
82 0.016147 -0.0143491
83 0.0153236 -0.0165975
84 0.00410537 -0.0117637
85 0.0116187 0.0032769
86 -0.00581852 0.0132695
87 7.48802e-05 0.0223012
88 0.00253704 0.020481
89 -0.00957552 0.00597433
90 6.25595e-05 -0.00310365
91 -0.0150311 -0.0173026
92 -0.0141078 -0.0184129
93 -0.00257773 -0.00997173
94 -0.00409759 -0.00759781
95 0.0198499 0.00568271
96 0.0203931 0.00453636
97 0.0157692 0.00269991
98 0.0138604 0.00859992
99 -0.0123799 0.00198099
100 -0.0142309 0.0121185
101 -0.0184354 0.0116395
102 -0.0180167 0.0024623
103 0.00135393 0.00201845
104 -0.000600641 -0.0191466
105 0.00725159 -0.0204294
106 0.00829004 -0.016043
107 0.000681669 -0.0136589
108 0.0110182 0.0125604
109 0.00803559 0.0139941
110 0.0105539 0.0183794
111 0.00968979 0.0189645
112 -0.00702601 -0.00214685
113 -0.0129015 0.00327156
114 -0.0226814 -0.00583834
115 -0.0211004 -0.00782007
116 -0.00628546 0.0022313
117 0.00363037 -0.0151595
118 0.0165822 -0.00906832
119 0.0180777 -0.0130375
120 0.0118946 -0.0148181
121 0.0067641 0.0105204
122 0.000969671 0.00983057
123 0.000439736 0.0243328
124 0.000278359 0.0243403
125 -0.00256805 0.00247037
126 -0.010511 0.00419168
127 -0.0165264 -0.0153881
128 -0.0189287 -0.0144191
129 -0.0137453 -0.00420009
130 0.00287758 -0.0145317
131 0.0127434 -0.0013762
132 0.0221982 -0.00986296
133 0.0208281 -0.0111408
134 0.00752655 0.00595538
135 0.00482584 0.00421994
136 -0.0054904 0.0240157
137 -0.00473269 0.0243263
138 -0.0006595 0.0110133
139 -0.0120695 0.00865104
140 -0.00953694 -0.0141315
141 -0.0191496 -0.014291
142 -0.0188923 -0.0110071
143 -0.000321748 -0.0142651
144 0.00285762 -0.00276889
145 0.0229129 -0.0104701
146 0.0232078 -0.00988097
147 0.0108778 -0.0021109
148 0.0136333 0.00143105
149 -0.00524224 0.0193964
150 -0.000297965 0.0236452
151 0.00206779 0.0202531
152 -0.0114753 0.0127231
153 -0.00451232 -0.00351011
154 -0.0232559 -0.00935501
155 -0.0229211 -0.0110178
156 -0.00865785 -0.00966724
157 -0.00864965 -0.00889044
158 0.0183333 -0.0120397
159 0.0174167 -0.0160914
160 0.0131014 -0.0146157
161 0.018521 -0.00301845
162 0.000672145 0.00781493
163 0.011619 0.0220798
164 0.00996119 0.0236689
165 -0.000706975 0.0147532
166 0.00139338 0.0115826
167 -0.0229835 -0.000902315
168 -0.0239877 0.00175816
169 -0.0194036 0.00291788
170 -0.0178798 -0.00838601
171 0.00428018 -0.00795333
172 0.00263682 -0.0250853
173 0.0050872 -0.0256113
174 0.00950956 -0.0126148
175 0.005374 -0.0106417
176 0.0199996 0.0125287
177 0.0220915 0.0108314
178 0.0186946 0.00753798
179 0.0117008 0.0167378
180 -0.0071515 0.00570734
181 -0.0141274 0.0218413
182 -0.0163818 0.0211781
183 -0.0141142 0.00743009
184 -0.0109858 0.00755569
185 -0.0132764 -0.0196827
186 -0.0169111 -0.0189133
187 -0.0154129 -0.0145954
188 -0.00355744 -0.0204702
189 0.00741822 -0.00396486
190 0.0217498 -0.0163902
191 0.0230988 -0.0151869
192 0.0149919 -0.00332645
193 0.0155151 -0.00306062
194 0.00659069 0.0221765
195 0.0123017 0.023388
196 0.0126233 0.0192454
197 -0.00348007 0.0201281
198 -0.0063964 0.00477307
199 -0.026194 0.0113624
200 -0.0265598 0.010616
201 -0.0144547 0.00250062
202 -0.0187792 -0.00236827
203 -0.00267801 -0.02117
204 -0.0100909 -0.0259333
205 -0.0114873 -0.0229157
206 0.00718066 -0.0172435
207 0.00583751 -0.00869642
208 0.0280852 -0.00833876
209 0.0280113 -0.00893005
210 0.0146921 -0.00530714
211 0.0202867 0.00765539
212 0.00325429 0.018098
213 0.0109339 0.0273417
214 0.012215 0.0259205
215 -0.00609491 0.0136872
216 -0.00667141 0.0149001
217 -0.0272943 0.00857245
218 -0.0276487 0.0109008
219 -0.016528 0.0109413
220 -0.0196794 -0.0107264
221 -0.00889732 -0.0139814
222 -0.015021 -0.0269001
223 -0.0149186 -0.026969
224 -0.000258306 -0.0110297
225 0.00810609 -0.0214658
226 0.022866 -0.0129475
227 0.0243389 -0.0167393
228 0.0186713 -0.0179883
229 0.0169828 0.00894025
230 0.0184279 0.00880639
231 0.0218647 0.0223762
232 0.0195536 0.0233654
233 0.0108764 0.00957095
234 -0.00746928 0.0256373
235 -0.0132784 0.0208128
236 -0.0158423 0.0251496
237 -0.0176284 0.0244485
238 -0.0122142 -0.000519687
239 -0.0279576 -0.00134384
240 -0.0290059 -0.0108681
241 -0.0246623 -0.0120808
242 -0.0225152 -0.00746719
243 0.001574 -0.0239334
244 -0.0024222 -0.0281018
245 0.000225376 -0.0316499
246 0.00913053 -0.0270707
247 0.00467421 -0.0130696
248 0.0304892 -0.00941485
249 0.030515 -0.00847908
250 0.025632 -0.00750722
251 0.0290491 0.00140682
252 0.00978675 0.0128582
253 0.0216104 0.026688
254 0.0204599 0.028077
255 0.00786227 0.020875
256 0.0064542 0.0247777
257 -0.018314 0.0204634
258 -0.0182955 0.0295455
259 -0.0153254 0.0290135
260 -0.0225206 0.0094918
261 -0.0197154 0.00784921
262 -0.034071 -0.00895343
263 -0.0353758 -0.00735884
264 -0.0254968 -0.00187088
265 -0.0183007 -0.0230408
266 -0.00901833 -0.0216611
267 -0.00950201 -0.0362034
268 -0.00855977 -0.0364089
269 -0.000824618 -0.0179581
270 0.0155722 -0.0286983
271 0.0237966 -0.0201059
272 0.0266344 -0.0240563
273 0.0265045 -0.0241171
274 0.0199018 0.00150734
275 0.0341005 0.00244215
276 0.035301 0.0122816
277 0.030987 0.0136599
278 0.0290216 0.0100436
279 0.00655509 0.028476
280 0.0129408 0.0337867
281 0.0110168 0.037283
282 -0.000287458 0.033641
283 0.000786618 0.0247025
284 -0.0265491 0.0267073
285 -0.0256283 0.0300775
286 -0.0217125 0.0281329
287 -0.0317029 0.0151498
288 -0.0232053 0.00544745
289 -0.0423234 -0.00557398
290 -0.0425321 -0.00495637
291 -0.0293304 -0.00325541
292 -0.0306014 -0.0212949
293 -0.0166737 -0.0251423
294 -0.023063 -0.0377389
295 -0.0228949 -0.0378721
296 -0.00676832 -0.024304
297 0.00159145 -0.0397006
298 0.014125 -0.0358964
299 0.0145632 -0.0406871
300 0.0143004 -0.0406573
301 0.0225265 -0.0156522
302 0.0358192 -0.0233236
303 0.0418663 -0.0165628
304 0.0390559 -0.0127409
305 0.0379902 -0.0132249
306 0.0318859 0.0143507
307 0.0439542 0.0144555
308 0.0445984 0.0176138
309 0.0321433 0.0230539
310 0.0311778 0.0217104
311 0.0133535 0.0414027
312 0.0202059 0.0453525
313 0.0211782 0.0423111
314 0.000342843 0.0403207
315 0.000196465 0.0391033
316 -0.0201208 0.0461826
317 -0.0186173 0.048626
318 -0.0122901 0.0425069
319 -0.0340095 0.0281422
320 -0.0340358 0.0282109
321 -0.0477135 0.026191
322 -0.0479403 0.0231035
323 -0.0360894 0.0195156
324 -0.0500187 -0.00507584
325 -0.0512392 -0.00396705
326 -0.05506 -0.00664034
327 -0.0513509 -0.0157426
328 -0.0383771 -0.0136132
329 -0.0400641 -0.0406502
330 -0.0424511 -0.039943
331 -0.0402694 -0.0360832
332 -0.027912 -0.047404
333 -0.018841 -0.0411815
334 -0.0106986 -0.0620111
335 -0.0121599 -0.0622219
336 -0.0111421 -0.0505215
337 0.0105343 -0.0576462
338 0.0140253 -0.0519406
339 0.0243499 -0.0621815
340 0.0262077 -0.0610258
341 0.0212244 -0.0461273
342 0.0477003 -0.0437819
343 0.0479606 -0.0420213
344 0.0524974 -0.0438475
345 0.0574462 -0.0369055
346 0.0473582 -0.0252665
347 0.0710657 -0.0130427
348 0.0714547 -0.0146517
349 0.0669275 -0.0146413
350 0.0708842 0.00134948
351 0.0611351 0.0064693
352 0.0759863 0.023222
353 0.076928 0.0218543
354 0.0664152 0.0178994
355 0.0636488 0.0416647
356 0.0595653 0.0421935
357 0.0647869 0.0554906
358 0.062524 0.0571073
359 0.0525381 0.0486347
360 0.0400842 0.0740272
361 0.0425355 0.0745436
362 0.042722 0.0790391
363 0.0321733 0.0822015
364 0.027369 0.0742198
365 0.00809549 0.093793
366 0.013037 0.0966596
367 0.0140132 0.0931714
368 -0.00645865 0.0927748
369 -0.00673389 0.0916247
370 -0.0253844 0.10157
371 -0.0231188 0.104023
372 -0.0195337 0.0984141
373 -0.0455874 0.090025
374 -0.0460107 0.0979225
375 -0.0571824 0.100247
376 -0.0591684 0.0962843
377 -0.0570918 0.0944453
378 -0.080639 0.0788456
379 -0.0849556 0.0917233
380 -0.0875204 0.0915666
381 -0.0904283 0.0773781
382 -0.0965367 0.0804506
383 -0.11121 0.0640775
384 -0.118057 0.0746501
385 -0.117388 0.0748633
386 -0.116485 0.0532069
387 -0.13383 0.0571946
388 -0.139104 0.0474092
389 -0.142748 0.050897
390 -0.146223 0.0488266
391 -0.140593 0.0282249
392 -0.164889 0.0283374
393 -0.165224 0.0271581
394 -0.161111 0.0246389
395 -0.172026 0.0145215
396 -0.16637 0.00347066
397 -0.188339 -0.000935994
398 -0.188193 0.000935519
399 -0.178518 -0.00264672
400 -0.193655 -0.0233212
401 -0.194338 -0.0224423
402 -0.206545 -0.027342
403 -0.20615 -0.0311994
404 -0.199892 -0.0323278
405 -0.212767 -0.0583423
406 -0.221359 -0.0504734
407 -0.223831 -0.0519777
408 -0.22009 -0.0658656
409 -0.226487 -0.0657305
410 -0.233052 -0.0865047
411 -0.243763 -0.0793046
412 -0.243501 -0.0790872
413 -0.235221 -0.0983889
414 -0.25576 -0.100807
415 -0.257105 -0.10857
416 -0.261647 -0.106313
417 -0.26643 -0.111433
418 -0.258138 -0.125642
419 -0.284302 -0.131947
420 -0.28412 -0.128704
421 -0.280339 -0.130082
422 -0.292291 -0.146013
423 -0.291568 -0.147
424 -0.311106 -0.153836
425 -0.311257 -0.150074
426 -0.307108 -0.151164
427 -0.321461 -0.174312
428 -0.331446 -0.162859
429 -0.338362 -0.165927
430 -0.33777 -0.170952
431 -0.34525 -0.169562
432 -0.354851 -0.187753
433 -0.369811 -0.172709
434 -0.369284 -0.172435
435 -0.367131 -0.184604
436 -0.390345 -0.181573
437 -0.391528 -0.184115
438 -0.401667 -0.17482
439 -0.404845 -0.176647
440 -0.403389 -0.183358
441 -0.432244 -0.180602
442 -0.427237 -0.168915
443 -0.429112 -0.167286
444 -0.441625 -0.174865
445 -0.444156 -0.164184
446 -0.461813 -0.162768
447 -0.456352 -0.149614
448 -0.457226 -0.148866
449 -0.471965 -0.157864
450 -0.478145 -0.131731
451 -0.476901 -0.131837
452 -0.475179 -0.127782
453 -0.484411 -0.119687
454 -0.486932 -0.121171
455 -0.492349 -0.0960282
456 -0.481519 -0.0972054
457 -0.48206 -0.0983878
458 -0.498078 -0.0834164
459 -0.481613 -0.0745006
460 -0.483115 -0.0658813
461 -0.4781 -0.0666487
462 -0.474537 -0.0597561
463 -0.484241 -0.0497027
464 -0.459362 -0.0379636
465 -0.458667 -0.0440734
466 -0.461691 -0.0434126
467 -0.450227 -0.0244738
468 -0.444344 -0.0315082
469 -0.429819 -0.0259465
470 -0.429652 -0.0308412
471 -0.426683 -0.031754
472 -0.414292 -0.0148106
473 -0.399698 -0.0358974
474 -0.401377 -0.0363631
475 -0.401107 -0.032209
476 -0.382595 -0.0400635
477 -0.383284 -0.0408203
478 -0.374103 -0.0578531
479 -0.37842 -0.0585304
480 -0.378315 -0.0579677
481 -0.356963 -0.0703152
482 -0.374205 -0.0849964
483 -0.373671 -0.0864022
484 -0.368985 -0.0863057
485 -0.374605 -0.103096
486 -0.371022 -0.105919
487 -0.388911 -0.117091
488 -0.389725 -0.113314
489 -0.386848 -0.113703
490 -0.399012 -0.136943
491 -0.412665 -0.121995
492 -0.415784 -0.123281
493 -0.415584 -0.128168
494 -0.430921 -0.123256
495 -0.435461 -0.129085
496 -0.446924 -0.110665
497 -0.443403 -0.109938
498 -0.443983 -0.113761
499 -0.467322 -0.100838
500 -0.452637 -0.0882311
501 -0.453981 -0.08458
502 -0.458909 -0.0845576
503 -0.45328 -0.0697272
504 -0.458938 -0.0647477
505 -0.439809 -0.0545639
506 -0.439341 -0.0581858
507 -0.442744 -0.0573786
508 -0.427935 -0.0355077
509 -0.416288 -0.0520839
510 -0.413307 -0.0513274
511 -0.412747 -0.0465296
512 -0.397627 -0.0544363
513 -0.393878 -0.0511305
514 -0.38658 -0.0707992
515 -0.390599 -0.0707478
516 -0.389941 -0.0691082
517 -0.371553 -0.0862865
518 -0.391998 -0.0961333
519 -0.39193 -0.0970062
520 -0.387618 -0.0983154
521 -0.399587 -0.11349
522 -0.399762 -0.113191
523 -0.418572 -0.116118
524 -0.417569 -0.111656
525 -0.418707 -0.110882
526 -0.436925 -0.123238
527 -0.442488 -0.0981125
528 -0.439801 -0.0985489
529 -0.441733 -0.101767
530 -0.454848 -0.0844981
531 -0.446756 -0.0822756
532 -0.445065 -0.0675266
533 -0.440639 -0.0699288
534 -0.436189 -0.0662595
535 -0.440888 -0.0513229
536 -0.413398 -0.053551
537 -0.416732 -0.0601581
538 -0.418264 -0.0583976
539 -0.397054 -0.0511816
540 -0.398158 -0.0692348
541 -0.391471 -0.072473
542 -0.39517 -0.0757775
543 -0.39165 -0.0858083
544 -0.386524 -0.08609
545 -0.397595 -0.109115
546 -0.405638 -0.100099
547 -0.405509 -0.100054
548 -0.406703 -0.119177
549 -0.430561 -0.107384
550 -0.428119 -0.105268
551 -0.429303 -0.101644
552 -0.443455 -0.100459
553 -0.439346 -0.0926364
554 -0.450053 -0.0795614
555 -0.435983 -0.0754501
556 -0.435684 -0.0729399
557 -0.444391 -0.0679315
558 -0.421087 -0.0504232
559 -0.417566 -0.0648732
560 -0.416294 -0.0650878
561 -0.408766 -0.0534518
562 -0.396419 -0.071946
563 -0.395395 -0.0717597
564 -0.39823 -0.0838791
565 -0.394476 -0.0866763
566 -0.398188 -0.0887971
567 -0.395989 -0.109306
568 -0.417139 -0.102615
569 -0.415733 -0.101014
570 -0.412574 -0.107802
571 -0.440127 -0.108345
572 -0.433401 -0.0922989
573 -0.43619 -0.0893422
574 -0.440747 -0.0909434
575 -0.439265 -0.0727758
576 -0.43965 -0.0725646
577 -0.424821 -0.0613352
578 -0.423748 -0.0660009
579 -0.420022 -0.0667431
580 -0.409777 -0.0524032
581 -0.39594 -0.076248
582 -0.40357 -0.0770159
583 -0.402932 -0.0751292
584 -0.3869 -0.0901654
585 -0.40729 -0.098529
586 -0.407379 -0.100744
587 -0.411313 -0.0987463
588 -0.421865 -0.107109
589 -0.423256 -0.101388
590 -0.441262 -0.0978459
591 -0.432658 -0.0859917
592 -0.433935 -0.0837016
593 -0.442645 -0.0843402
594 -0.432487 -0.0576038
595 -0.420443 -0.0700108
596 -0.420159 -0.0699129
597 -0.418852 -0.0576775
598 -0.396653 -0.0711752
599 -0.403289 -0.075558
600 -0.402052 -0.0842146
601 -0.39717 -0.0857279
602 -0.406452 -0.0958102
603 -0.403513 -0.10312
604 -0.424438 -0.101799
605 -0.422307 -0.0979813
606 -0.423202 -0.0967124
607 -0.443028 -0.100039
608 -0.435409 -0.0738134
609 -0.430223 -0.0784787
610 -0.432161 -0.0792692
611 -0.430748 -0.0573784
612 -0.410812 -0.0687174
613 -0.410465 -0.0684794
614 -0.409871 -0.0725322
615 -0.396345 -0.0768637
616 -0.403744 -0.0845504
617 -0.399142 -0.0972713
618 -0.413602 -0.0956584
619 -0.415624 -0.098811
620 -0.414684 -0.100377
621 -0.43911 -0.10232
622 -0.431092 -0.0823961
623 -0.429896 -0.083745
624 -0.43718 -0.0856941
625 -0.431642 -0.0588356
626 -0.415872 -0.0713058
627 -0.414792 -0.0708039
628 -0.414655 -0.0665761
629 -0.395707 -0.0769548
630 -0.404887 -0.0832375
631 -0.403484 -0.0939971
632 -0.408225 -0.0923109
633 -0.416391 -0.100022
634 -0.416252 -0.100499
635 -0.437574 -0.0963807
636 -0.428675 -0.085055
637 -0.429652 -0.0829169
638 -0.438482 -0.0824886
639 -0.42429 -0.0580719
640 -0.414218 -0.073951
641 -0.41477 -0.0739981
642 -0.410832 -0.0645707
643 -0.393172 -0.0858299
644 -0.409153 -0.0892408
645 -0.410098 -0.0926079
646 -0.406772 -0.0957595
647 -0.426427 -0.102418
648 -0.425044 -0.0938541
649 -0.434711 -0.0865382
650 -0.430111 -0.0844051
651 -0.429499 -0.0733586
652 -0.429797 -0.073177
653 -0.411517 -0.0623896
654 -0.410927 -0.0769342
655 -0.408508 -0.078112
656 -0.403038 -0.0741806
657 -0.3996 -0.100971
658 -0.418669 -0.0935987
659 -0.417594 -0.0926856
660 -0.415963 -0.100498
661 -0.4422 -0.0925635
662 -0.427054 -0.0776807
663 -0.42695 -0.0780487
664 -0.430597 -0.077205
665 -0.415577 -0.0604469
666 -0.409809 -0.076986
667 -0.405259 -0.0777667
668 -0.408034 -0.0812241
669 -0.402738 -0.0942217
670 -0.413963 -0.0928507
671 -0.420572 -0.101896
672 -0.426402 -0.0891616
673 -0.430852 -0.088795
674 -0.428013 -0.0845966
675 -0.435498 -0.0695865
676 -0.41313 -0.0707492
677 -0.415253 -0.0740812
678 -0.414882 -0.0747826
679 -0.395555 -0.0753783
680 -0.410037 -0.0990298
681 -0.414741 -0.0904552
682 -0.414246 -0.0904645
683 -0.42348 -0.105851
684 -0.437639 -0.0803926
685 -0.425054 -0.0805959
686 -0.424464 -0.0796134
687 -0.430613 -0.068467
688 -0.403963 -0.0690724
689 -0.41064 -0.0799496
690 -0.408368 -0.0841944
691 -0.40371 -0.0843742
692 -0.415054 -0.102089
693 -0.420104 -0.0921269
694 -0.429244 -0.0915427
695 -0.426532 -0.0875618
696 -0.432168 -0.0755195
697 -0.423481 -0.0763779
698 -0.415883 -0.0660823
699 -0.410421 -0.0791212
700 -0.405968 -0.0797606
701 -0.409837 -0.0845156
702 -0.404863 -0.0983023
703 -0.426319 -0.0940364
704 -0.423335 -0.0907677
705 -0.424372 -0.0872458
706 -0.438092 -0.0836035
707 -0.418662 -0.0649684
708 -0.415933 -0.0773701
709 -0.41473 -0.0777851
710 -0.405868 -0.0704938
711 -0.401955 -0.0987998
712 -0.419935 -0.0908821
713 -0.418796 -0.0900987
714 -0.418451 -0.0972254
715 -0.441707 -0.0843065
716 -0.420182 -0.0723445
717 -0.420415 -0.0769534
718 -0.422258 -0.0756675
719 -0.402665 -0.0673394
720 -0.406941 -0.0940086
721 -0.413337 -0.0883883
722 -0.415161 -0.0889264
723 -0.418846 -0.101866
724 -0.436317 -0.0822677
725 -0.423742 -0.0802162
726 -0.422113 -0.076425
727 -0.424601 -0.0727594
728 -0.402524 -0.0721708
729 -0.41105 -0.0862606
730 -0.409438 -0.0895598
731 -0.413479 -0.089079
732 -0.422883 -0.100413
733 -0.4284 -0.0827558
734 -0.428918 -0.0826104
735 -0.421211 -0.0758559
736 -0.421931 -0.0707781
737 -0.405998 -0.0782584
738 -0.409707 -0.0805367
739 -0.410102 -0.0931875
740 -0.414181 -0.0903094
741 -0.4263 -0.0950363
742 -0.424343 -0.0860154
743 -0.43181 -0.078322
744 -0.418658 -0.0758932
745 -0.41671 -0.0713666
746 -0.410241 -0.0813646
747 -0.405083 -0.0814525
748 -0.415266 -0.0960382
749 -0.417111 -0.091248
750 -0.427372 -0.0888765
751 -0.425956 -0.0875638
752 -0.428485 -0.0708924
753 -0.415407 -0.0771736
754 -0.411535 -0.0749381
755 -0.412114 -0.0824446
756 -0.403649 -0.0892755
757 -0.422921 -0.0950025
758 -0.421368 -0.090241
759 -0.426659 -0.0832807
760 -0.428791 -0.0833734
761 -0.418284 -0.0667742
762 -0.41257 -0.0803856
763 -0.408481 -0.0812685
764 -0.412558 -0.0850413
765 -0.410822 -0.0978998
766 -0.429221 -0.0883294
767 -0.424824 -0.0860621
768 -0.423663 -0.0778264
769 -0.425648 -0.0759489
770 -0.40622 -0.0721192
771 -0.41231 -0.0855648
772 -0.410184 -0.089239
773 -0.416467 -0.0886221
774 -0.424175 -0.097385
775 -0.428657 -0.0777621
776 -0.424015 -0.0797327
777 -0.415962 -0.074883
778 -0.415979 -0.0750743
779 -0.402902 -0.0864564
780 -0.417002 -0.0896619
781 -0.418842 -0.0939098
782 -0.423762 -0.0854849
783 -0.430432 -0.0847737
784 -0.418416 -0.0716739
785 -0.417437 -0.0767297
786 -0.406909 -0.081781
787 -0.412798 -0.0848739
788 -0.414594 -0.0961747
789 -0.423734 -0.0867648
790 -0.428765 -0.087408
791 -0.421213 -0.0741508
792 -0.420291 -0.0762894
793 -0.408246 -0.0792477
794 -0.41202 -0.0823068
795 -0.411583 -0.0964123
796 -0.424511 -0.0871733
797 -0.425655 -0.0875239
798 -0.422356 -0.0786673
799 -0.425014 -0.0744177
800 -0.404265 -0.0764529
801 -0.414344 -0.0871471
802 -0.413912 -0.0899027
803 -0.417027 -0.0881806
804 -0.430476 -0.0939269
805 -0.424078 -0.0698317
806 -0.416446 -0.0799421
807 -0.414064 -0.0799885
808 -0.411737 -0.0771507
809 -0.406933 -0.0991218
810 -0.430616 -0.0875408
811 -0.421372 -0.0831372
812 -0.421189 -0.0823513
813 -0.427657 -0.0741602
814 -0.400157 -0.0743566
815 -0.41605 -0.0938481
816 -0.417538 -0.0868155
817 -0.417032 -0.087073
818 -0.430802 -0.093198
819 -0.423266 -0.0653094
820 -0.410913 -0.0825028
821 -0.413764 -0.0823251
822 -0.413562 -0.0821085
823 -0.411383 -0.0982957
824 -0.433724 -0.0844249
825 -0.420111 -0.0798488
826 -0.418898 -0.0767026
827 -0.417633 -0.078969
828 -0.404098 -0.0815181
829 -0.419578 -0.094243
830 -0.419526 -0.0891072
831 -0.42823 -0.0816335
832 -0.420268 -0.080346
833 -0.416088 -0.0734055
834 -0.412433 -0.0842591
835 -0.407668 -0.0861651
836 -0.425606 -0.0955843
837 -0.422333 -0.0812681
838 -0.423165 -0.0801424
839 -0.420099 -0.0803727
840 -0.410232 -0.0705508
841 -0.408353 -0.0977921
842 -0.424131 -0.0858758
843 -0.420996 -0.0852183
844 -0.421863 -0.0867618
845 -0.42786 -0.0697272
846 -0.400392 -0.0808032
847 -0.418567 -0.0899033
848 -0.41788 -0.0873277
849 -0.417753 -0.0875195
850 -0.432711 -0.085348
851 -0.413371 -0.0691516
852 -0.413872 -0.083936
853 -0.410923 -0.0867752
854 -0.419068 -0.0873474
855 -0.422356 -0.0915356
856 -0.42488 -0.076644
857 -0.420731 -0.079309
858 -0.406747 -0.0755997
859 -0.416027 -0.0933034
860 -0.418451 -0.0865441
861 -0.422171 -0.0849666
862 -0.425577 -0.0864993
863 -0.418475 -0.0654751
864 -0.404951 -0.0905363
865 -0.419958 -0.0865929
866 -0.418987 -0.0859839
867 -0.419836 -0.0902893
868 -0.43171 -0.0736312
869 -0.404741 -0.0774098
870 -0.415931 -0.086302
871 -0.416256 -0.0898945
872 -0.420101 -0.0854845
873 -0.427496 -0.0851278
874 -0.416059 -0.0743502
875 -0.416123 -0.0792844
876 -0.405776 -0.0895849
877 -0.427151 -0.0899182
878 -0.420213 -0.0825919
879 -0.420285 -0.0806705
880 -0.422522 -0.0786277
881 -0.402009 -0.0775671
882 -0.421846 -0.0997733
883 -0.42301 -0.0801098
884 -0.420975 -0.0819136
885 -0.419966 -0.0818535
886 -0.412442 -0.0734191
887 -0.41129 -0.095269
888 -0.422099 -0.0854219
889 -0.427068 -0.0856135
890 -0.41566 -0.07353
891 -0.415489 -0.0835411
892 -0.413425 -0.0855906
893 -0.41633 -0.0855564
894 -0.425797 -0.0944903
895 -0.424451 -0.0665291
896 -0.407615 -0.0858687
897 -0.41714 -0.0849899
898 -0.418105 -0.0857518
899 -0.418802 -0.0905739
900 -0.429422 -0.0754803
901 -0.409304 -0.0796182
902 -0.413721 -0.0823258
903 -0.417321 -0.0953389
904 -0.425533 -0.0795248
905 -0.419053 -0.0818531
906 -0.416456 -0.080755
907 -0.415195 -0.0779924
908 -0.409058 -0.0969635
909 -0.434888 -0.0822046
910 -0.413908 -0.0775646
911 -0.416055 -0.0805813
912 -0.415437 -0.0859673
913 -0.414394 -0.0868933
914 -0.427068 -0.086924
915 -0.418447 -0.0792284
916 -0.41786 -0.0742682
917 -0.404993 -0.0929057
918 -0.429688 -0.0866887
919 -0.417931 -0.0806997
920 -0.418337 -0.0817056
921 -0.419253 -0.0790272
922 -0.405791 -0.0869219
923 -0.428821 -0.0910777
924 -0.419538 -0.0797278
925 -0.419633 -0.0746451
926 -0.40707 -0.0889424
927 -0.423659 -0.0864348
928 -0.419526 -0.0839151
929 -0.419247 -0.0830966
930 -0.422011 -0.0758581
931 -0.40257 -0.0868757
932 -0.429172 -0.0915106
933 -0.419443 -0.0802516
934 -0.419306 -0.0755995
935 -0.40986 -0.0879884
936 -0.420819 -0.0852951
937 -0.420221 -0.0850176
938 -0.419478 -0.0835265
939 -0.42142 -0.0743372
940 -0.402919 -0.0897395
941 -0.430472 -0.0889524
942 -0.418566 -0.080188
943 -0.417318 -0.0757796
944 -0.411541 -0.0901582
945 -0.421758 -0.0841223
946 -0.420026 -0.0839154
947 -0.419093 -0.0830134
948 -0.41783 -0.0749385
949 -0.407481 -0.0943871
950 -0.431361 -0.0831326
951 -0.416704 -0.0801903
952 -0.413347 -0.0764913
953 -0.415331 -0.0954585
954 -0.424729 -0.0792555
955 -0.417089 -0.0826522
956 -0.417464 -0.0827302
957 -0.415225 -0.0803002
958 -0.416977 -0.0940539
959 -0.42648 -0.0761463
960 -0.414653 -0.0821761
961 -0.409604 -0.0814813
962 -0.426455 -0.0969231
963 -0.420133 -0.0695871
964 -0.413401 -0.0868867
965 -0.416075 -0.0850387
966 -0.422063 -0.0849602
967 -0.418501 -0.0826522
968 -0.417325 -0.0799539
969 -0.416441 -0.0851124
970 -0.41443 -0.0872836
971 -0.431124 -0.0830191
972 -0.405918 -0.0746731
973 -0.420002 -0.0919112
974 -0.419364 -0.0867489
975 -0.425536 -0.0734742
976 -0.404215 -0.0874898
977 -0.426535 -0.0867842
978 -0.41811 -0.0820257
979 -0.416896 -0.079883
980 -0.416754 -0.0864138
981 -0.418156 -0.0841498
982 -0.420294 -0.0830132
983 -0.41878 -0.0829607
984 -0.412895 -0.0793275
985 -0.421227 -0.0944255
986 -0.421314 -0.0735895
987 -0.415181 -0.084619
988 -0.411145 -0.0871798
989 -0.433337 -0.0855596
990 -0.406021 -0.0735567
991 -0.420374 -0.0914645
992 -0.419354 -0.0864462
993 -0.423141 -0.0727
994 -0.406105 -0.0916685
995 -0.428274 -0.0827516
996 -0.416553 -0.0819575
997 -0.41331 -0.0801386
998 -0.421921 -0.0921234
999 -0.418635 -0.0753329
1000 -0.416019 -0.0865239
1001 -0.417376 -0.0847221
1002 -0.422205 -0.0819807
1003 -0.413454 -0.0829842
1004 -0.420505 -0.0850217
1005 -0.417989 -0.0830267
1006 -0.417541 -0.0822403
1007 -0.417988 -0.0854044
1008 -0.418744 -0.0821986
1009 -0.417636 -0.0838216
1010 -0.417917 -0.083626
1011 -0.41864 -0.0834418
1012 -0.417598 -0.0833297
1013 -0.41829 -0.0836737
1014 -0.418085 -0.0834562
1015 -0.418055 -0.0833876
1016 -0.418068 -0.0836211
1017 -0.41813 -0.083416
1018 -0.418062 -0.0835072
1019 -0.418077 -0.0834975
1020 -0.41811 -0.0834895
1021 -0.418067 -0.0834846
1022 -0.418093 -0.0834974
1023 -0.418086 -0.0834901
1024 -0.418085 -0.083488
1025 -0.418086 -0.0834945
1026 -0.418087 -0.0834893
1027 -0.418086 -0.0834914
1028 -0.418086 -0.0834912
1029 -0.418086 -0.083491
1030 -0.418086 -0.083491
1031 -0.418086 -0.0834912
1032 -0.418086 -0.0834911
1033 -0.418086 -0.083491
1034 -0.418086 -0.0834911
1035 -0.418086 -0.083491
1036 -0.418086 -0.0834911
1037 -0.418086 -0.0834911
1038 -0.418086 -0.0834911
1039 -0.418086 -0.0834911
1040 -0.418086 -0.0834911
1041 -0.418086 -0.0834911
1042 -0.418086 -0.0834911
1043 -0.418086 -0.0834911
1044 -0.418086 -0.0834911
1045 -0.418086 -0.0834911
1046 -0.418086 -0.0834911
1047 -0.418086 -0.0834911
1048 -0.418086 -0.0834911
1049 -0.418086 -0.0834911
1050 -0.418086 -0.0834911
1051 -0.418086 -0.0834911
1052 -0.418086 -0.0834911
1053 -0.418086 -0.0834911
1054 -0.418086 -0.0834911
1055 -0.418086 -0.0834911
1056 -0.418086 -0.0834911
1057 -0.418086 -0.0834911
1058 -0.418086 -0.0834911
1059 -0.418086 -0.0834911
1060 -0.418086 -0.0834911
1061 -0.418086 -0.0834911
1062 -0.418086 -0.0834911
1063 -0.418086 -0.0834911
1064 -0.418086 -0.0834911
1065 -0.418086 -0.0834911
1066 -0.418086 -0.0834911
1067 -0.418086 -0.0834911
1068 -0.418086 -0.0834911
1069 -0.418086 -0.0834911
1070 -0.418086 -0.0834911
1071 -0.418086 -0.0834911
1072 -0.418086 -0.0834911
1073 -0.418086 -0.0834911
1074 -0.418086 -0.0834911
1075 -0.418086 -0.0834911
1076 -0.418086 -0.0834911
1077 -0.418086 -0.0834911
1078 -0.418086 -0.0834911
1079 -0.418086 -0.0834911
1080 -0.418086 -0.0834911
1081 -0.418086 -0.0834911
1082 -0.418086 -0.0834911
1083 -0.418086 -0.0834911
1084 -0.418086 -0.0834911
1085 -0.418086 -0.0834911
1086 -0.418086 -0.0834911
1087 -0.418086 -0.0834911
1088 -0.418086 -0.0834911
1089 -0.418086 -0.0834911
1090 -0.418086 -0.0834911
1091 -0.418086 -0.0834911
1092 -0.418086 -0.0834911
1093 -0.418086 -0.0834911
1094 -0.418086 -0.0834911
1095 -0.418086 -0.0834911
1096 -0.418086 -0.0834911
1097 -0.418086 -0.0834911
1098 -0.418086 -0.0834911
1099 -0.418086 -0.0834911
1100 -0.418086 -0.0834911
