0 -0.0199859 -8.67362e-19
1 -0.0199859 -0.0447882
2 0.0158152 -0.0447882
3 0.0158152 0.0731487
4 -0.00416536 0.0731487
5 -0.00416536 -0.0745282
6 -0.0172463 -0.0745282
7 -0.0172463 0.0492454
8 0.0440592 0.0492454
9 0.0440592 -0.0103738
10 -0.0633018 -0.0103738
11 -0.0633018 -0.0206245
12 0.0590865 -0.0206245
13 0.0590865 0.0255513
14 -0.0250251 0.0255513
15 -0.0250251 -0.0035361
16 -0.0250251 -0.0035361
17 -0.0250251 -0.023602
18 0.0601918 -0.023602
19 0.0601918 0.0247311
20 -0.0547711 0.0247311
21 -0.0547711 0.0123847
22 0.0153854 0.0123847
23 0.0153854 -0.0618299
24 0.0160143 -0.0618299
25 0.0160143 0.0766393
26 0.000525326 0.0766393
27 0.000525326 -0.0385273
28 -0.0537715 -0.0385273
29 -0.0537715 -0.0104914
30 0.0816917 -0.0104914
31 0.0816917 0.00735639
32 -0.0431087 0.00735639
33 -0.0431087 0.0483898
34 -0.0169128 0.0483898
35 -0.0169128 -0.0774405
36 0.0146357 -0.0774405
37 0.0146357 0.0254842
38 0.0456498 0.0254842
39 0.0456498 0.0408268
40 -0.057166 0.0408268
41 -0.057166 -0.0222082
42 -0.0220996 -0.0222082
43 -0.0220996 -0.0382588
44 0.0749759 -0.0382588
45 0.0749759 0.00696562
46 -0.0190447 0.00696562
47 -0.0190447 0.0877374
48 -0.0190447 0.0877374
49 -0.0190447 -0.0756135
50 -0.062044 -0.0756135
51 -0.062044 -0.0164217
52 0.0973875 -0.0164217
53 0.0973875 -0.00797601
54 0.0177163 -0.00797601
55 0.0177163 0.073998
56 -0.0601033 0.073998
57 -0.0601033 0.0293411
58 -0.0273713 0.0293411
59 -0.0273713 -0.113953
60 -0.028185 -0.113953
61 -0.028185 -0.00462158
62 0.117054 -0.00462158
63 0.117054 0.0171976
64 0.0370841 0.0171976
65 0.0370841 0.0687309
66 -0.0883135 0.0687309
67 -0.0883135 0.0853881
68 -0.0416493 0.0853881
69 -0.0416493 -0.101096
70 -0.068309 -0.101096
71 -0.068309 -0.104561
72 0.0243748 -0.104561
73 0.0243748 -0.0137336
74 0.171721 -0.0137336
75 0.171721 -0.0166415
76 0.0740384 -0.0166415
77 0.0740384 0.104133
78 -0.0301046 0.104133
79 -0.0301046 0.201786
80 -0.0301046 0.201786
81 -0.0301046 0.063991
82 -0.145138 0.063991
83 -0.145138 -0.0600804
84 -0.253786 -0.0600804
85 -0.253786 -0.0602756
86 -0.141767 -0.0602756
87 -0.141767 -0.153819
88 0.0216245 -0.153819
89 0.0216245 -0.337474
90 0.04886 -0.337474
91 0.04886 -0.380311
92 0.0723047 -0.380311
93 0.0723047 -0.259899
94 0.262269 -0.259899
95 0.262269 -0.180434
96 0.553927 -0.180434
97 0.553927 -0.263523
98 0.773129 -0.263523
99 0.773129 -0.441692
100 0.846885 -0.441692
101 0.846885 -0.595925
102 0.823411 -0.595925
103 0.823411 -0.675723
104 0.776693 -0.675723
105 0.776693 -0.697851
106 0.74481 -0.697851
107 0.74481 -0.695697
108 0.731396 -0.695697
109 0.731396 -0.689742
110 0.728093 -0.689742
111 0.728093 -0.686211
112 0.728093 -0.686211
113 0.728093 -0.684926
114 0.728532 -0.684926
115 0.728532 -0.684637
116 0.728771 -0.684637
117 0.728771 -0.684623
118 0.728848 -0.684623
119 0.728848 -0.684643
120 0.728865 -0.684643
